Timestamp,Scope,Name,CPU_m,MEM_MiB,Pods,CPU_pct,MEM_pct,HTTP_LAT_ms
2026-08-30 00:25:45,deployment,adservice,7,94,1,,,
2026-08-30 00:25:45,deployment,cartservice,11,44,1,,,
2026-08-30 00:25:45,deployment,checkoutservice,8,12,1,,,
2026-08-30 00:25:45,deployment,currencyservice,12,37,1,,,
2026-08-30 00:25:45,deployment,emailservice,17,40,1,,,
2026-08-30 00:25:45,deployment,frontend,0,15,1,,,
2026-08-30 00:25:45,http_p95_latency,frontend,,,,,,0.0
2026-08-30 00:25:45,deployment,paymentservice,8,31,1,,,
2026-08-30 00:25:45,deployment,productcatalogservice,6,9,1,,,
2026-08-30 00:25:45,deployment,recommendationservice,19,45,1,,,
2026-08-30 00:25:45,deployment,redis-cart,4,31,1,,,
2026-08-30 00:25:45,deployment,shippingservice,14,9,1,,,
2026-08-30 00:25:45,autoscaler,customdas-cpu-queue-autoscaler-adservice,0,0,1,,,
2026-08-30 00:25:45,autoscaler,customdas-cpu-queue-autoscaler-cartservice,0,0,1,,,
2026-08-30 00:25:45,autoscaler,customdas-cpu-queue-autoscaler-checkoutservice,0,0,1,,,
2026-08-30 00:25:45,autoscaler,customdas-cpu-queue-autoscaler-currencyservice,0,0,1,,,
2026-08-30 00:25:45,autoscaler,customdas-cpu-queue-autoscaler-emailservice,0,0,1,,,
2026-08-30 00:25:45,autoscaler,customdas-cpu-queue-autoscaler-frontend,0,0,1,,,
2026-08-30 00:25:45,autoscaler,customdas-cpu-queue-autoscaler-paymentservice,0,0,1,,,
2026-08-30 00:25:45,autoscaler,customdas-cpu-queue-autoscaler-productcatalogservice,0,0,1,,,
2026-08-30 00:25:45,autoscaler,customdas-cpu-queue-autoscaler-recommendationservice,0,0,1,,,
2026-08-30 00:25:45,autoscaler,customdas-cpu-queue-autoscaler-shippingservice,0,0,1,,,
2026-08-30 00:25:45,node,ze-master-node,525,3388,,13.1,42.7,
2026-08-30 00:25:45,node,ze-worker-node,250,1650,,6.2,20.8,
2026-08-30 00:25:53,deployment,adservice,8,94,1,,,
2026-08-30 00:25:53,deployment,cartservice,10,44,1,,,
2026-08-30 00:25:53,deployment,checkoutservice,6,12,1,,,
2026-08-30 00:25:53,deployment,currencyservice,6,37,1,,,
2026-08-30 00:25:53,deployment,emailservice,13,40,1,,,
2026-08-30 00:25:53,deployment,frontend,0,15,1,,,
2026-08-30 00:25:53,http_p95_latency,frontend,,,,,,0.0
2026-08-30 00:25:53,deployment,paymentservice,7,31,1,,,
2026-08-30 00:25:53,deployment,productcatalogservice,6,9,1,,,
2026-08-30 00:25:53,deployment,recommendationservice,20,45,1,,,
2026-08-30 00:25:53,deployment,redis-cart,4,31,1,,,
2026-08-30 00:25:53,deployment,shippingservice,9,9,1,,,
2026-08-30 00:25:53,autoscaler,customdas-cpu-queue-autoscaler-adservice,0,0,1,,,
2026-08-30 00:25:53,autoscaler,customdas-cpu-queue-autoscaler-cartservice,0,0,1,,,
2026-08-30 00:25:53,autoscaler,customdas-cpu-queue-autoscaler-checkoutservice,0,0,1,,,
2026-08-30 00:25:53,autoscaler,customdas-cpu-queue-autoscaler-currencyservice,0,0,1,,,
2026-08-30 00:25:53,autoscaler,customdas-cpu-queue-autoscaler-emailservice,0,0,1,,,
2026-08-30 00:25:53,autoscaler,customdas-cpu-queue-autoscaler-frontend,0,0,1,,,
2026-08-30 00:25:53,autoscaler,customdas-cpu-queue-autoscaler-paymentservice,0,0,1,,,
2026-08-30 00:25:53,autoscaler,customdas-cpu-queue-autoscaler-productcatalogservice,0,0,1,,,
2026-08-30 00:25:53,autoscaler,customdas-cpu-queue-autoscaler-recommendationservice,0,0,1,,,
2026-08-30 00:25:53,autoscaler,customdas-cpu-queue-autoscaler-shippingservice,0,0,1,,,
2026-08-30 00:25:53,node,ze-master-node,1449,3941,,36.2,49.6,
2026-08-30 00:25:53,node,ze-worker-node,898,1767,,22.4,22.3,
2026-08-30 00:26:01,deployment,adservice,8,94,1,,,
2026-08-30 00:26:01,deployment,cartservice,10,44,1,,,
2026-08-30 00:26:01,deployment,checkoutservice,6,12,1,,,
2026-08-30 00:26:01,deployment,currencyservice,6,37,1,,,
2026-08-30 00:26:01,deployment,emailservice,13,40,1,,,
2026-08-30 00:26:01,deployment,frontend,0,15,1,,,
2026-08-30 00:26:01,http_p95_latency,frontend,,,,,,0.0
2026-08-30 00:26:01,deployment,paymentservice,7,31,1,,,
2026-08-30 00:26:01,deployment,productcatalogservice,6,9,1,,,
2026-08-30 00:26:01,deployment,recommendationservice,20,45,1,,,
2026-08-30 00:26:01,deployment,redis-cart,4,31,1,,,
2026-08-30 00:26:01,deployment,shippingservice,9,9,1,,,
2026-08-30 00:26:01,autoscaler,customdas-cpu-queue-autoscaler-adservice,0,0,1,,,
2026-08-30 00:26:01,autoscaler,customdas-cpu-queue-autoscaler-cartservice,0,0,1,,,
2026-08-30 00:26:01,autoscaler,customdas-cpu-queue-autoscaler-checkoutservice,0,0,1,,,
2026-08-30 00:26:01,autoscaler,customdas-cpu-queue-autoscaler-currencyservice,0,0,1,,,
2026-08-30 00:26:01,autoscaler,customdas-cpu-queue-autoscaler-emailservice,0,0,1,,,
2026-08-30 00:26:01,autoscaler,customdas-cpu-queue-autoscaler-frontend,0,0,1,,,
2026-08-30 00:26:01,autoscaler,customdas-cpu-queue-autoscaler-paymentservice,0,0,1,,,
2026-08-30 00:26:01,autoscaler,customdas-cpu-queue-autoscaler-productcatalogservice,0,0,1,,,
2026-08-30 00:26:01,autoscaler,customdas-cpu-queue-autoscaler-recommendationservice,0,0,1,,,
2026-08-30 00:26:01,autoscaler,customdas-cpu-queue-autoscaler-shippingservice,0,0,1,,,
2026-08-30 00:26:01,node,ze-master-node,1449,3941,,36.2,49.6,
2026-08-30 00:26:01,node,ze-worker-node,898,1767,,22.4,22.3,
2026-08-30 00:26:08,deployment,adservice,7,94,1,,,
2026-08-30 00:26:08,deployment,cartservice,9,45,1,,,
2026-08-30 00:26:08,deployment,checkoutservice,8,12,1,,,
2026-08-30 00:26:08,deployment,currencyservice,11,37,1,,,
2026-08-30 00:26:08,deployment,emailservice,13,40,1,,,
2026-08-30 00:26:08,deployment,frontend,0,15,1,,,
2026-08-30 00:26:08,http_p95_latency,frontend,,,,,,0.0
2026-08-30 00:26:08,deployment,paymentservice,6,30,1,,,
2026-08-30 00:26:08,deployment,productcatalogservice,8,9,1,,,
2026-08-30 00:26:08,deployment,recommendationservice,17,47,1,,,
2026-08-30 00:26:08,deployment,redis-cart,4,31,1,,,
2026-08-30 00:26:08,deployment,shippingservice,12,9,1,,,
2026-08-30 00:26:08,autoscaler,customdas-cpu-queue-autoscaler-adservice,0,60,1,,,
2026-08-30 00:26:08,autoscaler,customdas-cpu-queue-autoscaler-cartservice,0,60,1,,,
2026-08-30 00:26:08,autoscaler,customdas-cpu-queue-autoscaler-checkoutservice,44,60,1,,,
2026-08-30 00:26:08,autoscaler,customdas-cpu-queue-autoscaler-currencyservice,0,60,1,,,
2026-08-30 00:26:08,autoscaler,customdas-cpu-queue-autoscaler-emailservice,0,60,1,,,
2026-08-30 00:26:08,autoscaler,customdas-cpu-queue-autoscaler-frontend,93,60,1,,,
2026-08-30 00:26:08,autoscaler,customdas-cpu-queue-autoscaler-paymentservice,0,60,1,,,
2026-08-30 00:26:08,autoscaler,customdas-cpu-queue-autoscaler-productcatalogservice,75,60,1,,,
2026-08-30 00:26:08,autoscaler,customdas-cpu-queue-autoscaler-recommendationservice,58,60,1,,,
2026-08-30 00:26:08,autoscaler,customdas-cpu-queue-autoscaler-shippingservice,3,60,1,,,
2026-08-30 00:26:08,node,ze-master-node,716,3964,,17.9,49.9,
2026-08-30 00:26:08,node,ze-worker-node,459,1762,,11.5,22.2,
2026-08-30 00:26:17,deployment,adservice,7,94,1,,,
2026-08-30 00:26:17,deployment,cartservice,9,45,1,,,
2026-08-30 00:26:17,deployment,checkoutservice,8,12,1,,,
2026-08-30 00:26:17,deployment,currencyservice,11,37,1,,,
2026-08-30 00:26:17,deployment,emailservice,13,40,1,,,
2026-08-30 00:26:17,deployment,frontend,0,15,1,,,
2026-08-30 00:26:17,http_p95_latency,frontend,,,,,,0.0
2026-08-30 00:26:17,deployment,paymentservice,6,30,1,,,
2026-08-30 00:26:17,deployment,productcatalogservice,8,9,1,,,
2026-08-30 00:26:17,deployment,recommendationservice,17,47,1,,,
2026-08-30 00:26:17,deployment,redis-cart,4,31,1,,,
2026-08-30 00:26:17,deployment,shippingservice,12,9,1,,,
2026-08-30 00:26:17,autoscaler,customdas-cpu-queue-autoscaler-adservice,0,60,1,,,
2026-08-30 00:26:17,autoscaler,customdas-cpu-queue-autoscaler-cartservice,0,60,1,,,
2026-08-30 00:26:17,autoscaler,customdas-cpu-queue-autoscaler-checkoutservice,44,60,1,,,
2026-08-30 00:26:17,autoscaler,customdas-cpu-queue-autoscaler-currencyservice,0,60,1,,,
2026-08-30 00:26:17,autoscaler,customdas-cpu-queue-autoscaler-emailservice,0,60,1,,,
2026-08-30 00:26:17,autoscaler,customdas-cpu-queue-autoscaler-frontend,93,60,1,,,
2026-08-30 00:26:17,autoscaler,customdas-cpu-queue-autoscaler-paymentservice,10,60,1,,,
2026-08-30 00:26:17,autoscaler,customdas-cpu-queue-autoscaler-productcatalogservice,2,60,1,,,
2026-08-30 00:26:17,autoscaler,customdas-cpu-queue-autoscaler-recommendationservice,4,60,1,,,
2026-08-30 00:26:17,autoscaler,customdas-cpu-queue-autoscaler-shippingservice,3,60,1,,,
2026-08-30 00:26:17,node,ze-master-node,845,3935,,21.1,49.6,
2026-08-30 00:26:17,node,ze-worker-node,413,1763,,10.3,22.2,
2026-08-30 00:26:25,deployment,adservice,7,94,1,,,
2026-08-30 00:26:25,deployment,cartservice,8,45,1,,,
2026-08-30 00:26:25,deployment,checkoutservice,6,13,1,,,
2026-08-30 00:26:25,deployment,currencyservice,11,37,1,,,
2026-08-30 00:26:25,deployment,emailservice,16,40,1,,,
2026-08-30 00:26:25,deployment,frontend,0,15,1,,,
2026-08-30 00:26:25,http_p95_latency,frontend,,,,,,0.0
2026-08-30 00:26:25,deployment,paymentservice,8,30,1,,,
2026-08-30 00:26:25,deployment,productcatalogservice,6,9,1,,,
2026-08-30 00:26:25,deployment,recommendationservice,17,47,1,,,
2026-08-30 00:26:25,deployment,redis-cart,4,32,1,,,
2026-08-30 00:26:25,deployment,shippingservice,9,9,1,,,
2026-08-30 00:26:25,autoscaler,customdas-cpu-queue-autoscaler-adservice,7,60,1,,,
2026-08-30 00:26:25,autoscaler,customdas-cpu-queue-autoscaler-cartservice,6,60,1,,,
2026-08-30 00:26:25,autoscaler,customdas-cpu-queue-autoscaler-checkoutservice,0,60,1,,,
2026-08-30 00:26:25,autoscaler,customdas-cpu-queue-autoscaler-currencyservice,4,60,1,,,
2026-08-30 00:26:25,autoscaler,customdas-cpu-queue-autoscaler-emailservice,3,60,1,,,
2026-08-30 00:26:25,autoscaler,customdas-cpu-queue-autoscaler-frontend,4,60,1,,,
2026-08-30 00:26:25,autoscaler,customdas-cpu-queue-autoscaler-paymentservice,10,60,1,,,
2026-08-30 00:26:25,autoscaler,customdas-cpu-queue-autoscaler-productcatalogservice,2,60,1,,,
2026-08-30 00:26:25,autoscaler,customdas-cpu-queue-autoscaler-recommendationservice,4,60,1,,,
2026-08-30 00:26:25,autoscaler,customdas-cpu-queue-autoscaler-shippingservice,3,60,1,,,
2026-08-30 00:26:25,node,ze-master-node,845,3935,,21.1,49.6,
2026-08-30 00:26:25,node,ze-worker-node,413,1763,,10.3,22.2,
2026-08-30 00:26:33,deployment,adservice,7,94,1,,,
2026-08-30 00:26:33,deployment,cartservice,8,45,1,,,
2026-08-30 00:26:33,deployment,checkoutservice,6,13,1,,,
2026-08-30 00:26:33,deployment,currencyservice,11,37,1,,,
2026-08-30 00:26:33,deployment,emailservice,16,40,1,,,
2026-08-30 00:26:33,deployment,frontend,0,15,1,,,
2026-08-30 00:26:33,http_p95_latency,frontend,,,,,,0.0
2026-08-30 00:26:33,deployment,paymentservice,8,30,1,,,
2026-08-30 00:26:33,deployment,productcatalogservice,6,9,1,,,
2026-08-30 00:26:33,deployment,recommendationservice,17,47,1,,,
2026-08-30 00:26:33,deployment,redis-cart,4,32,1,,,
2026-08-30 00:26:33,deployment,shippingservice,9,9,1,,,
2026-08-30 00:26:33,autoscaler,customdas-cpu-queue-autoscaler-adservice,7,60,1,,,
2026-08-30 00:26:33,autoscaler,customdas-cpu-queue-autoscaler-cartservice,6,60,1,,,
2026-08-30 00:26:33,autoscaler,customdas-cpu-queue-autoscaler-checkoutservice,0,60,1,,,
2026-08-30 00:26:33,autoscaler,customdas-cpu-queue-autoscaler-currencyservice,4,60,1,,,
2026-08-30 00:26:33,autoscaler,customdas-cpu-queue-autoscaler-emailservice,3,60,1,,,
2026-08-30 00:26:33,autoscaler,customdas-cpu-queue-autoscaler-frontend,4,60,1,,,
2026-08-30 00:26:33,autoscaler,customdas-cpu-queue-autoscaler-paymentservice,10,60,1,,,
2026-08-30 00:26:33,autoscaler,customdas-cpu-queue-autoscaler-productcatalogservice,2,60,1,,,
2026-08-30 00:26:33,autoscaler,customdas-cpu-queue-autoscaler-recommendationservice,4,60,1,,,
2026-08-30 00:26:33,autoscaler,customdas-cpu-queue-autoscaler-shippingservice,3,60,1,,,
2026-08-30 00:26:33,node,ze-master-node,845,3935,,21.1,49.6,
2026-08-30 00:26:33,node,ze-worker-node,413,1763,,10.3,22.2,
2026-08-30 00:26:39,deployment,adservice,7,94,1,,,
2026-08-30 00:26:39,deployment,cartservice,8,45,1,,,
2026-08-30 00:26:39,deployment,checkoutservice,6,11,1,,,
2026-08-30 00:26:39,deployment,currencyservice,8,37,1,,,
2026-08-30 00:26:39,deployment,emailservice,19,44,1,,,
2026-08-30 00:26:39,deployment,frontend,0,15,1,,,
2026-08-30 00:26:39,http_p95_latency,frontend,,,,,,0.0
2026-08-30 00:26:39,deployment,paymentservice,9,30,1,,,
2026-08-30 00:26:39,deployment,productcatalogservice,6,9,1,,,
2026-08-30 00:26:39,deployment,recommendationservice,17,45,1,,,
2026-08-30 00:26:39,deployment,redis-cart,4,31,1,,,
2026-08-30 00:26:39,deployment,shippingservice,9,9,1,,,
2026-08-30 00:26:39,autoscaler,customdas-cpu-queue-autoscaler-adservice,3,60,1,,,
2026-08-30 00:26:39,autoscaler,customdas-cpu-queue-autoscaler-cartservice,6,60,1,,,
2026-08-30 00:26:39,autoscaler,customdas-cpu-queue-autoscaler-checkoutservice,4,60,1,,,
2026-08-30 00:26:39,autoscaler,customdas-cpu-queue-autoscaler-currencyservice,6,60,1,,,
2026-08-30 00:26:39,autoscaler,customdas-cpu-queue-autoscaler-emailservice,5,60,1,,,
2026-08-30 00:26:39,autoscaler,customdas-cpu-queue-autoscaler-frontend,4,60,1,,,
2026-08-30 00:26:39,autoscaler,customdas-cpu-queue-autoscaler-paymentservice,5,60,1,,,
2026-08-30 00:26:39,autoscaler,customdas-cpu-queue-autoscaler-productcatalogservice,6,60,1,,,
2026-08-30 00:26:39,autoscaler,customdas-cpu-queue-autoscaler-recommendationservice,4,60,1,,,
2026-08-30 00:26:39,autoscaler,customdas-cpu-queue-autoscaler-shippingservice,4,60,1,,,
2026-08-30 00:26:39,node,ze-master-node,781,3869,,19.5,48.7,
2026-08-30 00:26:39,node,ze-worker-node,419,1764,,10.5,22.2,
2026-08-30 00:26:47,deployment,adservice,7,94,1,,,
2026-08-30 00:26:47,deployment,cartservice,8,45,1,,,
2026-08-30 00:26:47,deployment,checkoutservice,6,11,1,,,
2026-08-30 00:26:47,deployment,currencyservice,8,37,1,,,
2026-08-30 00:26:47,deployment,emailservice,19,44,1,,,
2026-08-30 00:26:47,deployment,frontend,0,15,1,,,
2026-08-30 00:26:47,http_p95_latency,frontend,,,,,,0.0
2026-08-30 00:26:47,deployment,paymentservice,9,30,1,,,
2026-08-30 00:26:47,deployment,productcatalogservice,6,9,1,,,
2026-08-30 00:26:47,deployment,recommendationservice,17,45,1,,,
2026-08-30 00:26:47,deployment,redis-cart,4,31,1,,,
2026-08-30 00:26:47,deployment,shippingservice,9,9,1,,,
2026-08-30 00:26:47,autoscaler,customdas-cpu-queue-autoscaler-adservice,3,60,1,,,
2026-08-30 00:26:47,autoscaler,customdas-cpu-queue-autoscaler-cartservice,6,60,1,,,
2026-08-30 00:26:47,autoscaler,customdas-cpu-queue-autoscaler-checkoutservice,4,60,1,,,
2026-08-30 00:26:47,autoscaler,customdas-cpu-queue-autoscaler-currencyservice,6,60,1,,,
2026-08-30 00:26:47,autoscaler,customdas-cpu-queue-autoscaler-emailservice,5,60,1,,,
2026-08-30 00:26:47,autoscaler,customdas-cpu-queue-autoscaler-frontend,4,60,1,,,
2026-08-30 00:26:47,autoscaler,customdas-cpu-queue-autoscaler-paymentservice,5,60,1,,,
2026-08-30 00:26:47,autoscaler,customdas-cpu-queue-autoscaler-productcatalogservice,6,60,1,,,
2026-08-30 00:26:47,autoscaler,customdas-cpu-queue-autoscaler-recommendationservice,4,60,1,,,
2026-08-30 00:26:47,autoscaler,customdas-cpu-queue-autoscaler-shippingservice,0,60,1,,,
2026-08-30 00:26:47,node,ze-master-node,793,3864,,19.8,48.7,
2026-08-30 00:26:47,node,ze-worker-node,445,1760,,11.1,22.2,
2026-08-30 00:26:54,deployment,adservice,7,94,1,,,
2026-08-30 00:26:54,deployment,cartservice,11,45,1,,,
2026-08-30 00:26:54,deployment,checkoutservice,7,11,1,,,
2026-08-30 00:26:54,deployment,currencyservice,13,37,1,,,
2026-08-30 00:26:54,deployment,emailservice,16,40,1,,,
2026-08-30 00:26:54,deployment,frontend,1,12,1,,,
2026-08-30 00:26:54,http_p95_latency,frontend,,,,,,0.0
2026-08-30 00:26:54,deployment,paymentservice,9,30,1,,,
2026-08-30 00:26:54,deployment,productcatalogservice,10,9,1,,,
2026-08-30 00:26:54,deployment,recommendationservice,19,45,1,,,
2026-08-30 00:26:54,deployment,redis-cart,4,31,1,,,
2026-08-30 00:26:54,deployment,shippingservice,12,9,1,,,
2026-08-30 00:26:54,autoscaler,customdas-cpu-queue-autoscaler-adservice,4,60,1,,,
2026-08-30 00:26:54,autoscaler,customdas-cpu-queue-autoscaler-cartservice,2,60,1,,,
2026-08-30 00:26:54,autoscaler,customdas-cpu-queue-autoscaler-checkoutservice,7,60,1,,,
2026-08-30 00:26:54,autoscaler,customdas-cpu-queue-autoscaler-currencyservice,4,60,1,,,
2026-08-30 00:26:54,autoscaler,customdas-cpu-queue-autoscaler-emailservice,5,60,1,,,
2026-08-30 00:26:54,autoscaler,customdas-cpu-queue-autoscaler-frontend,3,60,1,,,
2026-08-30 00:26:54,autoscaler,customdas-cpu-queue-autoscaler-paymentservice,5,60,1,,,
2026-08-30 00:26:54,autoscaler,customdas-cpu-queue-autoscaler-productcatalogservice,4,60,1,,,
2026-08-30 00:26:54,autoscaler,customdas-cpu-queue-autoscaler-recommendationservice,4,60,1,,,
2026-08-30 00:26:54,autoscaler,customdas-cpu-queue-autoscaler-shippingservice,0,60,1,,,
2026-08-30 00:26:54,node,ze-master-node,793,3864,,19.8,48.7,
2026-08-30 00:26:54,node,ze-worker-node,445,1760,,11.1,22.2,
2026-08-30 00:27:01,deployment,adservice,7,94,1,,,
2026-08-30 00:27:01,deployment,cartservice,11,45,1,,,
2026-08-30 00:27:01,deployment,checkoutservice,7,11,1,,,
2026-08-30 00:27:01,deployment,currencyservice,13,37,1,,,
2026-08-30 00:27:01,deployment,emailservice,16,40,1,,,
2026-08-30 00:27:01,deployment,frontend,1,12,1,,,
2026-08-30 00:27:01,http_p95_latency,frontend,,,,,,862.5
2026-08-30 00:27:01,deployment,paymentservice,9,30,1,,,
2026-08-30 00:27:01,deployment,productcatalogservice,10,9,1,,,
2026-08-30 00:27:01,deployment,recommendationservice,19,45,1,,,
2026-08-30 00:27:01,deployment,redis-cart,4,31,1,,,
2026-08-30 00:27:01,deployment,shippingservice,12,9,1,,,
2026-08-30 00:27:01,autoscaler,customdas-cpu-queue-autoscaler-adservice,4,60,1,,,
2026-08-30 00:27:01,autoscaler,customdas-cpu-queue-autoscaler-cartservice,2,60,1,,,
2026-08-30 00:27:01,autoscaler,customdas-cpu-queue-autoscaler-checkoutservice,7,60,1,,,
2026-08-30 00:27:01,autoscaler,customdas-cpu-queue-autoscaler-currencyservice,4,60,1,,,
2026-08-30 00:27:01,autoscaler,customdas-cpu-queue-autoscaler-emailservice,5,60,1,,,
2026-08-30 00:27:01,autoscaler,customdas-cpu-queue-autoscaler-frontend,3,60,1,,,
2026-08-30 00:27:01,autoscaler,customdas-cpu-queue-autoscaler-paymentservice,5,60,1,,,
2026-08-30 00:27:01,autoscaler,customdas-cpu-queue-autoscaler-productcatalogservice,4,60,1,,,
2026-08-30 00:27:01,autoscaler,customdas-cpu-queue-autoscaler-recommendationservice,4,60,1,,,
2026-08-30 00:27:01,autoscaler,customdas-cpu-queue-autoscaler-shippingservice,5,60,1,,,
2026-08-30 00:27:01,node,ze-master-node,861,3875,,21.5,48.8,
2026-08-30 00:27:01,node,ze-worker-node,547,1764,,13.7,22.2,
2026-08-30 00:27:09,deployment,adservice,4,94,1,,,
2026-08-30 00:27:09,deployment,cartservice,19,45,1,,,
2026-08-30 00:27:09,deployment,checkoutservice,10,11,1,,,
2026-08-30 00:27:09,deployment,currencyservice,13,37,1,,,
2026-08-30 00:27:09,deployment,emailservice,17,40,1,,,
2026-08-30 00:27:09,deployment,frontend,46,14,1,,,
2026-08-30 00:27:09,http_p95_latency,frontend,,,,,,862.5
2026-08-30 00:27:09,deployment,paymentservice,7,31,1,,,
2026-08-30 00:27:09,deployment,productcatalogservice,23,9,1,,,
2026-08-30 00:27:09,deployment,recommendationservice,27,45,1,,,
2026-08-30 00:27:09,deployment,redis-cart,4,31,1,,,
2026-08-30 00:27:09,deployment,shippingservice,16,9,1,,,
2026-08-30 00:27:09,autoscaler,customdas-cpu-queue-autoscaler-adservice,9,60,1,,,
2026-08-30 00:27:09,autoscaler,customdas-cpu-queue-autoscaler-cartservice,3,60,1,,,
2026-08-30 00:27:09,autoscaler,customdas-cpu-queue-autoscaler-checkoutservice,0,60,1,,,
2026-08-30 00:27:09,autoscaler,customdas-cpu-queue-autoscaler-currencyservice,3,60,1,,,
2026-08-30 00:27:09,autoscaler,customdas-cpu-queue-autoscaler-emailservice,0,60,1,,,
2026-08-30 00:27:09,autoscaler,customdas-cpu-queue-autoscaler-frontend,6,60,1,,,
2026-08-30 00:27:09,autoscaler,customdas-cpu-queue-autoscaler-paymentservice,5,60,1,,,
2026-08-30 00:27:09,autoscaler,customdas-cpu-queue-autoscaler-productcatalogservice,0,60,1,,,
2026-08-30 00:27:09,autoscaler,customdas-cpu-queue-autoscaler-recommendationservice,4,60,1,,,
2026-08-30 00:27:09,autoscaler,customdas-cpu-queue-autoscaler-shippingservice,5,60,1,,,
2026-08-30 00:27:09,node,ze-master-node,861,3875,,21.5,48.8,
2026-08-30 00:27:09,node,ze-worker-node,547,1764,,13.7,22.2,
2026-08-30 00:27:18,deployment,adservice,4,94,1,,,
2026-08-30 00:27:18,deployment,cartservice,19,45,1,,,
2026-08-30 00:27:18,deployment,checkoutservice,10,11,1,,,
2026-08-30 00:27:18,deployment,currencyservice,13,37,1,,,
2026-08-30 00:27:18,deployment,emailservice,17,40,1,,,
2026-08-30 00:27:18,deployment,frontend,40,14,1,,,
2026-08-30 00:27:18,http_p95_latency,frontend,,,,,,710.0
2026-08-30 00:27:18,deployment,paymentservice,8,31,1,,,
2026-08-30 00:27:18,deployment,productcatalogservice,31,9,1,,,
2026-08-30 00:27:18,deployment,recommendationservice,32,45,1,,,
2026-08-30 00:27:18,deployment,redis-cart,5,31,1,,,
2026-08-30 00:27:18,deployment,shippingservice,12,9,1,,,
2026-08-30 00:27:18,autoscaler,customdas-cpu-queue-autoscaler-adservice,9,60,1,,,
2026-08-30 00:27:18,autoscaler,customdas-cpu-queue-autoscaler-cartservice,3,60,1,,,
2026-08-30 00:27:18,autoscaler,customdas-cpu-queue-autoscaler-checkoutservice,3,60,1,,,
2026-08-30 00:27:18,autoscaler,customdas-cpu-queue-autoscaler-currencyservice,3,60,1,,,
2026-08-30 00:27:18,autoscaler,customdas-cpu-queue-autoscaler-emailservice,5,60,1,,,
2026-08-30 00:27:18,autoscaler,customdas-cpu-queue-autoscaler-frontend,5,60,1,,,
2026-08-30 00:27:18,autoscaler,customdas-cpu-queue-autoscaler-paymentservice,7,60,1,,,
2026-08-30 00:27:18,autoscaler,customdas-cpu-queue-autoscaler-productcatalogservice,0,60,1,,,
2026-08-30 00:27:18,autoscaler,customdas-cpu-queue-autoscaler-recommendationservice,2,60,1,,,
2026-08-30 00:27:18,autoscaler,customdas-cpu-queue-autoscaler-shippingservice,3,60,1,,,
2026-08-30 00:27:18,node,ze-master-node,807,3870,,20.2,48.7,
2026-08-30 00:27:18,node,ze-worker-node,569,1761,,14.2,22.2,
2026-08-30 00:27:27,deployment,adservice,12,94,1,,,
2026-08-30 00:27:27,deployment,cartservice,23,45,1,,,
2026-08-30 00:27:27,deployment,checkoutservice,9,11,1,,,
2026-08-30 00:27:27,deployment,currencyservice,22,37,1,,,
2026-08-30 00:27:27,deployment,emailservice,19,40,1,,,
2026-08-30 00:27:27,deployment,frontend,40,14,1,,,
2026-08-30 00:27:27,http_p95_latency,frontend,,,,,,537.5
2026-08-30 00:27:27,deployment,paymentservice,8,31,1,,,
2026-08-30 00:27:27,deployment,productcatalogservice,31,9,1,,,
2026-08-30 00:27:27,deployment,recommendationservice,32,45,1,,,
2026-08-30 00:27:27,deployment,redis-cart,5,31,1,,,
2026-08-30 00:27:27,deployment,shippingservice,12,9,1,,,
2026-08-30 00:27:27,autoscaler,customdas-cpu-queue-autoscaler-adservice,9,60,1,,,
2026-08-30 00:27:27,autoscaler,customdas-cpu-queue-autoscaler-cartservice,3,60,1,,,
2026-08-30 00:27:27,autoscaler,customdas-cpu-queue-autoscaler-checkoutservice,3,60,1,,,
2026-08-30 00:27:27,autoscaler,customdas-cpu-queue-autoscaler-currencyservice,3,60,1,,,
2026-08-30 00:27:27,autoscaler,customdas-cpu-queue-autoscaler-emailservice,5,60,1,,,
2026-08-30 00:27:27,autoscaler,customdas-cpu-queue-autoscaler-frontend,5,60,1,,,
2026-08-30 00:27:27,autoscaler,customdas-cpu-queue-autoscaler-paymentservice,7,60,1,,,
2026-08-30 00:27:27,autoscaler,customdas-cpu-queue-autoscaler-productcatalogservice,0,60,1,,,
2026-08-30 00:27:27,autoscaler,customdas-cpu-queue-autoscaler-recommendationservice,2,60,1,,,
2026-08-30 00:27:27,autoscaler,customdas-cpu-queue-autoscaler-shippingservice,3,60,1,,,
2026-08-30 00:27:27,node,ze-master-node,807,3870,,20.2,48.7,
2026-08-30 00:27:27,node,ze-worker-node,569,1761,,14.2,22.2,
2026-08-30 00:27:37,deployment,adservice,7,94,1,,,
2026-08-30 00:27:37,deployment,cartservice,22,45,1,,,
2026-08-30 00:27:37,deployment,checkoutservice,9,11,1,,,
2026-08-30 00:27:37,deployment,currencyservice,30,36,1,,,
2026-08-30 00:27:37,deployment,emailservice,15,40,1,,,
2026-08-30 00:27:37,deployment,frontend,47,15,1,,,
2026-08-30 00:27:37,http_p95_latency,frontend,,,,,,537.5
2026-08-30 00:27:37,deployment,paymentservice,8,30,1,,,
2026-08-30 00:27:37,deployment,productcatalogservice,27,9,1,,,
2026-08-30 00:27:37,deployment,recommendationservice,31,45,1,,,
2026-08-30 00:27:37,deployment,redis-cart,6,31,1,,,
2026-08-30 00:27:37,deployment,shippingservice,17,9,1,,,
2026-08-30 00:27:37,autoscaler,customdas-cpu-queue-autoscaler-adservice,5,60,1,,,
2026-08-30 00:27:37,autoscaler,customdas-cpu-queue-autoscaler-cartservice,5,60,1,,,
2026-08-30 00:27:37,autoscaler,customdas-cpu-queue-autoscaler-checkoutservice,7,60,1,,,
2026-08-30 00:27:37,autoscaler,customdas-cpu-queue-autoscaler-currencyservice,3,60,1,,,
2026-08-30 00:27:37,autoscaler,customdas-cpu-queue-autoscaler-emailservice,3,60,1,,,
2026-08-30 00:27:37,autoscaler,customdas-cpu-queue-autoscaler-frontend,3,60,1,,,
2026-08-30 00:27:37,autoscaler,customdas-cpu-queue-autoscaler-paymentservice,7,60,1,,,
2026-08-30 00:27:37,autoscaler,customdas-cpu-queue-autoscaler-productcatalogservice,4,60,1,,,
2026-08-30 00:27:37,autoscaler,customdas-cpu-queue-autoscaler-recommendationservice,3,60,1,,,
2026-08-30 00:27:37,autoscaler,customdas-cpu-queue-autoscaler-shippingservice,2,60,1,,,
2026-08-30 00:27:37,node,ze-master-node,914,3880,,22.9,48.9,
2026-08-30 00:27:37,node,ze-worker-node,559,1759,,14.0,22.2,
2026-08-30 00:27:46,deployment,adservice,7,94,1,,,
2026-08-30 00:27:46,deployment,cartservice,22,45,1,,,
2026-08-30 00:27:46,deployment,checkoutservice,9,11,1,,,
2026-08-30 00:27:46,deployment,currencyservice,30,36,1,,,
2026-08-30 00:27:46,deployment,emailservice,15,40,1,,,
2026-08-30 00:27:46,deployment,frontend,47,15,1,,,
2026-08-30 00:27:46,http_p95_latency,frontend,,,,,,145.0
2026-08-30 00:27:46,deployment,paymentservice,8,30,1,,,
2026-08-30 00:27:46,deployment,productcatalogservice,27,9,1,,,
2026-08-30 00:27:46,deployment,recommendationservice,31,45,1,,,
2026-08-30 00:27:46,deployment,redis-cart,6,31,1,,,
2026-08-30 00:27:46,deployment,shippingservice,17,9,1,,,
2026-08-30 00:27:46,autoscaler,customdas-cpu-queue-autoscaler-adservice,5,60,1,,,
2026-08-30 00:27:46,autoscaler,customdas-cpu-queue-autoscaler-cartservice,5,60,1,,,
2026-08-30 00:27:46,autoscaler,customdas-cpu-queue-autoscaler-checkoutservice,7,60,1,,,
2026-08-30 00:27:46,autoscaler,customdas-cpu-queue-autoscaler-currencyservice,3,60,1,,,
2026-08-30 00:27:46,autoscaler,customdas-cpu-queue-autoscaler-emailservice,3,60,1,,,
2026-08-30 00:27:46,autoscaler,customdas-cpu-queue-autoscaler-frontend,3,60,1,,,
2026-08-30 00:27:46,autoscaler,customdas-cpu-queue-autoscaler-paymentservice,7,60,1,,,
2026-08-30 00:27:46,autoscaler,customdas-cpu-queue-autoscaler-productcatalogservice,4,60,1,,,
2026-08-30 00:27:46,autoscaler,customdas-cpu-queue-autoscaler-recommendationservice,3,60,1,,,
2026-08-30 00:27:46,autoscaler,customdas-cpu-queue-autoscaler-shippingservice,2,60,1,,,
2026-08-30 00:27:46,node,ze-master-node,914,3880,,22.9,48.9,
2026-08-30 00:27:46,node,ze-worker-node,559,1759,,14.0,22.2,
2026-08-30 00:27:54,deployment,adservice,12,94,1,,,
2026-08-30 00:27:54,deployment,cartservice,19,45,1,,,
2026-08-30 00:27:54,deployment,checkoutservice,8,11,1,,,
2026-08-30 00:27:54,deployment,currencyservice,29,37,1,,,
2026-08-30 00:27:54,deployment,emailservice,22,40,1,,,
2026-08-30 00:27:54,deployment,frontend,47,14,1,,,
2026-08-30 00:27:54,http_p95_latency,frontend,,,,,,145.0
2026-08-30 00:27:54,deployment,paymentservice,9,30,1,,,
2026-08-30 00:27:54,deployment,productcatalogservice,28,9,1,,,
2026-08-30 00:27:54,deployment,recommendationservice,36,47,1,,,
2026-08-30 00:27:54,deployment,redis-cart,5,31,1,,,
2026-08-30 00:27:54,deployment,shippingservice,12,9,1,,,
2026-08-30 00:27:54,autoscaler,customdas-cpu-queue-autoscaler-adservice,5,60,1,,,
2026-08-30 00:27:54,autoscaler,customdas-cpu-queue-autoscaler-cartservice,3,60,1,,,
2026-08-30 00:27:54,autoscaler,customdas-cpu-queue-autoscaler-checkoutservice,3,60,1,,,
2026-08-30 00:27:54,autoscaler,customdas-cpu-queue-autoscaler-currencyservice,2,60,1,,,
2026-08-30 00:27:54,autoscaler,customdas-cpu-queue-autoscaler-emailservice,4,60,1,,,
2026-08-30 00:27:54,autoscaler,customdas-cpu-queue-autoscaler-frontend,3,60,1,,,
2026-08-30 00:27:54,autoscaler,customdas-cpu-queue-autoscaler-paymentservice,7,60,1,,,
2026-08-30 00:27:54,autoscaler,customdas-cpu-queue-autoscaler-productcatalogservice,3,60,1,,,
2026-08-30 00:27:54,autoscaler,customdas-cpu-queue-autoscaler-recommendationservice,3,60,1,,,
2026-08-30 00:27:54,autoscaler,customdas-cpu-queue-autoscaler-shippingservice,7,60,1,,,
2026-08-30 00:27:54,node,ze-master-node,924,3871,,23.1,48.7,
2026-08-30 00:27:54,node,ze-worker-node,546,1760,,13.7,22.2,
2026-08-30 00:28:01,deployment,adservice,12,94,1,,,
2026-08-30 00:28:01,deployment,cartservice,19,45,1,,,
2026-08-30 00:28:01,deployment,checkoutservice,8,11,1,,,
2026-08-30 00:28:01,deployment,currencyservice,29,37,1,,,
2026-08-30 00:28:01,deployment,emailservice,22,40,1,,,
2026-08-30 00:28:01,deployment,frontend,47,14,1,,,
2026-08-30 00:28:01,http_p95_latency,frontend,,,,,,137.5
2026-08-30 00:28:01,deployment,paymentservice,9,30,1,,,
2026-08-30 00:28:01,deployment,productcatalogservice,28,9,1,,,
2026-08-30 00:28:01,deployment,recommendationservice,36,47,1,,,
2026-08-30 00:28:01,deployment,redis-cart,5,31,1,,,
2026-08-30 00:28:01,deployment,shippingservice,12,9,1,,,
2026-08-30 00:28:01,autoscaler,customdas-cpu-queue-autoscaler-adservice,5,60,1,,,
2026-08-30 00:28:01,autoscaler,customdas-cpu-queue-autoscaler-cartservice,3,60,1,,,
2026-08-30 00:28:01,autoscaler,customdas-cpu-queue-autoscaler-checkoutservice,3,60,1,,,
2026-08-30 00:28:01,autoscaler,customdas-cpu-queue-autoscaler-currencyservice,2,60,1,,,
2026-08-30 00:28:01,autoscaler,customdas-cpu-queue-autoscaler-emailservice,4,60,1,,,
2026-08-30 00:28:01,autoscaler,customdas-cpu-queue-autoscaler-frontend,3,60,1,,,
2026-08-30 00:28:01,autoscaler,customdas-cpu-queue-autoscaler-paymentservice,7,60,1,,,
2026-08-30 00:28:01,autoscaler,customdas-cpu-queue-autoscaler-productcatalogservice,3,60,1,,,
2026-08-30 00:28:01,autoscaler,customdas-cpu-queue-autoscaler-recommendationservice,3,60,1,,,
2026-08-30 00:28:01,autoscaler,customdas-cpu-queue-autoscaler-shippingservice,7,60,1,,,
2026-08-30 00:28:01,node,ze-master-node,924,3871,,23.1,48.7,
2026-08-30 00:28:01,node,ze-worker-node,546,1760,,13.7,22.2,
2026-08-30 00:28:09,deployment,adservice,10,94,1,,,
2026-08-30 00:28:09,deployment,cartservice,23,45,1,,,
2026-08-30 00:28:09,deployment,checkoutservice,11,12,1,,,
2026-08-30 00:28:09,deployment,currencyservice,30,36,1,,,
2026-08-30 00:28:09,deployment,emailservice,15,40,1,,,
2026-08-30 00:28:09,deployment,frontend,44,14,1,,,
2026-08-30 00:28:09,http_p95_latency,frontend,,,,,,137.5
2026-08-30 00:28:09,deployment,paymentservice,8,31,1,,,
2026-08-30 00:28:09,deployment,productcatalogservice,32,11,1,,,
2026-08-30 00:28:09,deployment,recommendationservice,28,45,1,,,
2026-08-30 00:28:09,deployment,redis-cart,5,31,1,,,
2026-08-30 00:28:09,deployment,shippingservice,13,9,1,,,
2026-08-30 00:28:09,autoscaler,customdas-cpu-queue-autoscaler-adservice,8,60,1,,,
2026-08-30 00:28:09,autoscaler,customdas-cpu-queue-autoscaler-cartservice,3,60,1,,,
2026-08-30 00:28:09,autoscaler,customdas-cpu-queue-autoscaler-checkoutservice,5,60,1,,,
2026-08-30 00:28:09,autoscaler,customdas-cpu-queue-autoscaler-currencyservice,4,60,1,,,
2026-08-30 00:28:09,autoscaler,customdas-cpu-queue-autoscaler-emailservice,7,60,1,,,
2026-08-30 00:28:09,autoscaler,customdas-cpu-queue-autoscaler-frontend,5,60,1,,,
2026-08-30 00:28:09,autoscaler,customdas-cpu-queue-autoscaler-paymentservice,6,60,1,,,
2026-08-30 00:28:09,autoscaler,customdas-cpu-queue-autoscaler-productcatalogservice,4,60,1,,,
2026-08-30 00:28:09,autoscaler,customdas-cpu-queue-autoscaler-recommendationservice,4,60,1,,,
2026-08-30 00:28:09,autoscaler,customdas-cpu-queue-autoscaler-shippingservice,0,60,1,,,
2026-08-30 00:28:09,node,ze-master-node,891,3881,,22.3,48.9,
2026-08-30 00:28:09,node,ze-worker-node,599,1760,,15.0,22.2,
2026-08-30 00:28:17,deployment,adservice,10,94,1,,,
2026-08-30 00:28:17,deployment,cartservice,23,45,1,,,
2026-08-30 00:28:17,deployment,checkoutservice,11,12,1,,,
2026-08-30 00:28:17,deployment,currencyservice,30,36,1,,,
2026-08-30 00:28:17,deployment,emailservice,15,40,1,,,
2026-08-30 00:28:17,deployment,frontend,44,14,1,,,
2026-08-30 00:28:17,http_p95_latency,frontend,,,,,,146.1
2026-08-30 00:28:17,deployment,paymentservice,8,31,1,,,
2026-08-30 00:28:17,deployment,productcatalogservice,32,11,1,,,
2026-08-30 00:28:17,deployment,recommendationservice,28,45,1,,,
2026-08-30 00:28:17,deployment,redis-cart,5,31,1,,,
2026-08-30 00:28:17,deployment,shippingservice,13,9,1,,,
2026-08-30 00:28:17,autoscaler,customdas-cpu-queue-autoscaler-adservice,8,60,1,,,
2026-08-30 00:28:17,autoscaler,customdas-cpu-queue-autoscaler-cartservice,5,60,1,,,
2026-08-30 00:28:17,autoscaler,customdas-cpu-queue-autoscaler-checkoutservice,1,60,1,,,
2026-08-30 00:28:17,autoscaler,customdas-cpu-queue-autoscaler-currencyservice,3,60,1,,,
2026-08-30 00:28:17,autoscaler,customdas-cpu-queue-autoscaler-emailservice,3,60,1,,,
2026-08-30 00:28:17,autoscaler,customdas-cpu-queue-autoscaler-frontend,4,60,1,,,
2026-08-30 00:28:17,autoscaler,customdas-cpu-queue-autoscaler-paymentservice,7,60,1,,,
2026-08-30 00:28:17,autoscaler,customdas-cpu-queue-autoscaler-productcatalogservice,4,60,1,,,
2026-08-30 00:28:17,autoscaler,customdas-cpu-queue-autoscaler-recommendationservice,4,60,1,,,
2026-08-30 00:28:17,autoscaler,customdas-cpu-queue-autoscaler-shippingservice,3,60,1,,,
2026-08-30 00:28:17,node,ze-master-node,939,3890,,23.5,49.0,
2026-08-30 00:28:17,node,ze-worker-node,562,1762,,14.1,22.2,
2026-08-30 00:28:25,deployment,adservice,12,94,1,,,
2026-08-30 00:28:25,deployment,cartservice,18,45,1,,,
2026-08-30 00:28:25,deployment,checkoutservice,6,12,1,,,
2026-08-30 00:28:25,deployment,currencyservice,27,36,1,,,
2026-08-30 00:28:25,deployment,emailservice,23,40,1,,,
2026-08-30 00:28:25,deployment,frontend,42,15,1,,,
2026-08-30 00:28:25,http_p95_latency,frontend,,,,,,146.1
2026-08-30 00:28:25,deployment,paymentservice,10,31,1,,,
2026-08-30 00:28:25,deployment,productcatalogservice,32,11,1,,,
2026-08-30 00:28:25,deployment,recommendationservice,32,45,1,,,
2026-08-30 00:28:25,deployment,redis-cart,5,31,1,,,
2026-08-30 00:28:25,deployment,shippingservice,12,9,1,,,
2026-08-30 00:28:25,autoscaler,customdas-cpu-queue-autoscaler-adservice,6,60,1,,,
2026-08-30 00:28:25,autoscaler,customdas-cpu-queue-autoscaler-cartservice,5,60,1,,,
2026-08-30 00:28:25,autoscaler,customdas-cpu-queue-autoscaler-checkoutservice,1,60,1,,,
2026-08-30 00:28:25,autoscaler,customdas-cpu-queue-autoscaler-currencyservice,3,60,1,,,
2026-08-30 00:28:25,autoscaler,customdas-cpu-queue-autoscaler-emailservice,3,60,1,,,
2026-08-30 00:28:25,autoscaler,customdas-cpu-queue-autoscaler-frontend,4,60,1,,,
2026-08-30 00:28:25,autoscaler,customdas-cpu-queue-autoscaler-paymentservice,7,60,1,,,
2026-08-30 00:28:25,autoscaler,customdas-cpu-queue-autoscaler-productcatalogservice,4,60,1,,,
2026-08-30 00:28:25,autoscaler,customdas-cpu-queue-autoscaler-recommendationservice,4,60,1,,,
2026-08-30 00:28:25,autoscaler,customdas-cpu-queue-autoscaler-shippingservice,3,60,1,,,
2026-08-30 00:28:25,node,ze-master-node,939,3890,,23.5,49.0,
2026-08-30 00:28:25,node,ze-worker-node,562,1762,,14.1,22.2,
2026-08-30 00:28:33,deployment,adservice,12,94,1,,,
2026-08-30 00:28:33,deployment,cartservice,18,45,1,,,
2026-08-30 00:28:33,deployment,checkoutservice,6,12,1,,,
2026-08-30 00:28:33,deployment,currencyservice,27,36,1,,,
2026-08-30 00:28:33,deployment,emailservice,23,40,1,,,
2026-08-30 00:28:33,deployment,frontend,42,15,1,,,
2026-08-30 00:28:33,http_p95_latency,frontend,,,,,,168.0
2026-08-30 00:28:33,deployment,paymentservice,10,31,1,,,
2026-08-30 00:28:33,deployment,productcatalogservice,32,11,1,,,
2026-08-30 00:28:33,deployment,recommendationservice,32,45,1,,,
2026-08-30 00:28:33,deployment,redis-cart,5,31,1,,,
2026-08-30 00:28:33,deployment,shippingservice,12,9,1,,,
2026-08-30 00:28:33,autoscaler,customdas-cpu-queue-autoscaler-adservice,5,60,1,,,
2026-08-30 00:28:33,autoscaler,customdas-cpu-queue-autoscaler-cartservice,4,60,1,,,
2026-08-30 00:28:33,autoscaler,customdas-cpu-queue-autoscaler-checkoutservice,10,60,1,,,
2026-08-30 00:28:33,autoscaler,customdas-cpu-queue-autoscaler-currencyservice,4,60,1,,,
2026-08-30 00:28:33,autoscaler,customdas-cpu-queue-autoscaler-emailservice,5,60,1,,,
2026-08-30 00:28:33,autoscaler,customdas-cpu-queue-autoscaler-frontend,5,60,1,,,
2026-08-30 00:28:33,autoscaler,customdas-cpu-queue-autoscaler-paymentservice,5,60,1,,,
2026-08-30 00:28:33,autoscaler,customdas-cpu-queue-autoscaler-productcatalogservice,4,60,1,,,
2026-08-30 00:28:33,autoscaler,customdas-cpu-queue-autoscaler-recommendationservice,4,60,1,,,
2026-08-30 00:28:33,autoscaler,customdas-cpu-queue-autoscaler-shippingservice,5,60,1,,,
2026-08-30 00:28:33,node,ze-master-node,967,3913,,24.2,49.3,
2026-08-30 00:28:33,node,ze-worker-node,588,1760,,14.7,22.2,
2026-08-30 00:28:41,deployment,adservice,7,94,1,,,
2026-08-30 00:28:41,deployment,cartservice,20,45,1,,,
2026-08-30 00:28:41,deployment,checkoutservice,9,12,1,,,
2026-08-30 00:28:41,deployment,currencyservice,32,36,1,,,
2026-08-30 00:28:41,deployment,emailservice,19,40,1,,,
2026-08-30 00:28:41,deployment,frontend,48,14,1,,,
2026-08-30 00:28:41,http_p95_latency,frontend,,,,,,168.0
2026-08-30 00:28:41,deployment,paymentservice,10,31,1,,,
2026-08-30 00:28:41,deployment,productcatalogservice,29,9,1,,,
2026-08-30 00:28:41,deployment,recommendationservice,33,45,1,,,
2026-08-30 00:28:41,deployment,redis-cart,5,31,1,,,
2026-08-30 00:28:41,deployment,shippingservice,14,9,1,,,
2026-08-30 00:28:41,autoscaler,customdas-cpu-queue-autoscaler-adservice,5,60,1,,,
2026-08-30 00:28:41,autoscaler,customdas-cpu-queue-autoscaler-cartservice,4,60,1,,,
2026-08-30 00:28:41,autoscaler,customdas-cpu-queue-autoscaler-checkoutservice,10,60,1,,,
2026-08-30 00:28:41,autoscaler,customdas-cpu-queue-autoscaler-currencyservice,4,60,1,,,
2026-08-30 00:28:41,autoscaler,customdas-cpu-queue-autoscaler-emailservice,5,60,1,,,
2026-08-30 00:28:41,autoscaler,customdas-cpu-queue-autoscaler-frontend,5,60,1,,,
2026-08-30 00:28:41,autoscaler,customdas-cpu-queue-autoscaler-paymentservice,5,60,1,,,
2026-08-30 00:28:41,autoscaler,customdas-cpu-queue-autoscaler-productcatalogservice,4,60,1,,,
2026-08-30 00:28:41,autoscaler,customdas-cpu-queue-autoscaler-recommendationservice,4,60,1,,,
2026-08-30 00:28:41,autoscaler,customdas-cpu-queue-autoscaler-shippingservice,5,60,1,,,
2026-08-30 00:28:41,node,ze-master-node,967,3913,,24.2,49.3,
2026-08-30 00:28:41,node,ze-worker-node,588,1760,,14.7,22.2,
2026-08-30 00:28:48,deployment,adservice,7,94,1,,,
2026-08-30 00:28:48,deployment,cartservice,31,45,1,,,
2026-08-30 00:28:48,deployment,checkoutservice,13,12,1,,,
2026-08-30 00:28:48,deployment,currencyservice,32,37,1,,,
2026-08-30 00:28:48,deployment,emailservice,16,40,1,,,
2026-08-30 00:28:48,deployment,frontend,51,14,1,,,
2026-08-30 00:28:48,http_p95_latency,frontend,,,,,,166.6
2026-08-30 00:28:48,deployment,paymentservice,12,30,1,,,
2026-08-30 00:28:48,deployment,productcatalogservice,29,9,1,,,
2026-08-30 00:28:48,deployment,recommendationservice,34,45,1,,,
2026-08-30 00:28:48,deployment,redis-cart,6,31,1,,,
2026-08-30 00:28:48,deployment,shippingservice,15,9,1,,,
2026-08-30 00:28:48,autoscaler,customdas-cpu-queue-autoscaler-adservice,6,60,1,,,
2026-08-30 00:28:48,autoscaler,customdas-cpu-queue-autoscaler-cartservice,2,60,1,,,
2026-08-30 00:28:48,autoscaler,customdas-cpu-queue-autoscaler-checkoutservice,5,60,1,,,
2026-08-30 00:28:48,autoscaler,customdas-cpu-queue-autoscaler-currencyservice,4,60,1,,,
2026-08-30 00:28:48,autoscaler,customdas-cpu-queue-autoscaler-emailservice,3,60,1,,,
2026-08-30 00:28:48,autoscaler,customdas-cpu-queue-autoscaler-frontend,6,60,1,,,
2026-08-30 00:28:48,autoscaler,customdas-cpu-queue-autoscaler-paymentservice,6,60,1,,,
2026-08-30 00:28:48,autoscaler,customdas-cpu-queue-autoscaler-productcatalogservice,6,60,1,,,
2026-08-30 00:28:48,autoscaler,customdas-cpu-queue-autoscaler-recommendationservice,4,60,1,,,
2026-08-30 00:28:48,autoscaler,customdas-cpu-queue-autoscaler-shippingservice,4,60,1,,,
2026-08-30 00:28:48,node,ze-master-node,936,3903,,23.4,49.1,
2026-08-30 00:28:48,node,ze-worker-node,637,1762,,15.9,22.2,
2026-08-30 00:28:57,deployment,adservice,11,94,1,,,
2026-08-30 00:28:57,deployment,cartservice,31,45,1,,,
2026-08-30 00:28:57,deployment,checkoutservice,13,12,1,,,
2026-08-30 00:28:57,deployment,currencyservice,32,37,1,,,
2026-08-30 00:28:57,deployment,emailservice,16,40,1,,,
2026-08-30 00:28:57,deployment,frontend,51,14,1,,,
2026-08-30 00:28:57,http_p95_latency,frontend,,,,,,425.9
2026-08-30 00:28:57,deployment,paymentservice,12,30,1,,,
2026-08-30 00:28:57,deployment,productcatalogservice,29,9,1,,,
2026-08-30 00:28:57,deployment,recommendationservice,34,45,1,,,
2026-08-30 00:28:57,deployment,redis-cart,6,31,1,,,
2026-08-30 00:28:57,deployment,shippingservice,15,9,1,,,
2026-08-30 00:28:57,autoscaler,customdas-cpu-queue-autoscaler-adservice,6,60,1,,,
2026-08-30 00:28:57,autoscaler,customdas-cpu-queue-autoscaler-cartservice,2,60,1,,,
2026-08-30 00:28:57,autoscaler,customdas-cpu-queue-autoscaler-checkoutservice,5,60,1,,,
2026-08-30 00:28:57,autoscaler,customdas-cpu-queue-autoscaler-currencyservice,4,60,1,,,
2026-08-30 00:28:57,autoscaler,customdas-cpu-queue-autoscaler-emailservice,3,60,1,,,
2026-08-30 00:28:57,autoscaler,customdas-cpu-queue-autoscaler-frontend,6,60,1,,,
2026-08-30 00:28:57,autoscaler,customdas-cpu-queue-autoscaler-paymentservice,6,60,1,,,
2026-08-30 00:28:57,autoscaler,customdas-cpu-queue-autoscaler-productcatalogservice,6,60,1,,,
2026-08-30 00:28:57,autoscaler,customdas-cpu-queue-autoscaler-recommendationservice,4,60,1,,,
2026-08-30 00:28:57,autoscaler,customdas-cpu-queue-autoscaler-shippingservice,4,60,1,,,
2026-08-30 00:28:57,node,ze-master-node,936,3903,,23.4,49.1,
2026-08-30 00:28:57,node,ze-worker-node,637,1762,,15.9,22.2,
2026-08-30 00:29:04,deployment,adservice,15,94,1,,,
2026-08-30 00:29:04,deployment,cartservice,27,45,1,,,
2026-08-30 00:29:04,deployment,checkoutservice,10,12,1,,,
2026-08-30 00:29:04,deployment,currencyservice,53,41,1,,,
2026-08-30 00:29:04,deployment,emailservice,21,40,1,,,
2026-08-30 00:29:04,deployment,frontend,86,14,1,,,
2026-08-30 00:29:04,http_p95_latency,frontend,,,,,,425.9
2026-08-30 00:29:04,deployment,paymentservice,8,30,1,,,
2026-08-30 00:29:04,deployment,productcatalogservice,43,9,1,,,
2026-08-30 00:29:04,deployment,recommendationservice,37,45,1,,,
2026-08-30 00:29:04,deployment,redis-cart,6,31,1,,,
2026-08-30 00:29:04,deployment,shippingservice,13,9,1,,,
2026-08-30 00:29:04,autoscaler,customdas-cpu-queue-autoscaler-adservice,7,60,1,,,
2026-08-30 00:29:04,autoscaler,customdas-cpu-queue-autoscaler-cartservice,5,60,1,,,
2026-08-30 00:29:04,autoscaler,customdas-cpu-queue-autoscaler-checkoutservice,3,60,1,,,
2026-08-30 00:29:04,autoscaler,customdas-cpu-queue-autoscaler-currencyservice,3,60,1,,,
2026-08-30 00:29:04,autoscaler,customdas-cpu-queue-autoscaler-emailservice,2,60,1,,,
2026-08-30 00:29:04,autoscaler,customdas-cpu-queue-autoscaler-frontend,6,60,1,,,
2026-08-30 00:29:04,autoscaler,customdas-cpu-queue-autoscaler-paymentservice,3,60,1,,,
2026-08-30 00:29:04,autoscaler,customdas-cpu-queue-autoscaler-productcatalogservice,3,60,1,,,
2026-08-30 00:29:04,autoscaler,customdas-cpu-queue-autoscaler-recommendationservice,4,60,1,,,
2026-08-30 00:29:04,autoscaler,customdas-cpu-queue-autoscaler-shippingservice,5,60,1,,,
2026-08-30 00:29:04,node,ze-master-node,1084,3838,,27.1,48.3,
2026-08-30 00:29:04,node,ze-worker-node,733,1765,,18.3,22.2,
2026-08-30 00:29:12,deployment,adservice,15,94,1,,,
2026-08-30 00:29:12,deployment,cartservice,27,45,1,,,
2026-08-30 00:29:12,deployment,checkoutservice,10,12,1,,,
2026-08-30 00:29:12,deployment,currencyservice,53,41,1,,,
2026-08-30 00:29:12,deployment,emailservice,21,40,1,,,
2026-08-30 00:29:12,deployment,frontend,86,14,1,,,
2026-08-30 00:29:12,http_p95_latency,frontend,,,,,,326.9
2026-08-30 00:29:12,deployment,paymentservice,8,30,1,,,
2026-08-30 00:29:12,deployment,productcatalogservice,43,9,2,,,
2026-08-30 00:29:12,deployment,recommendationservice,37,45,1,,,
2026-08-30 00:29:12,deployment,redis-cart,6,31,1,,,
2026-08-30 00:29:12,deployment,shippingservice,13,9,1,,,
2026-08-30 00:29:12,autoscaler,customdas-cpu-queue-autoscaler-adservice,7,60,1,,,
2026-08-30 00:29:12,autoscaler,customdas-cpu-queue-autoscaler-cartservice,5,60,1,,,
2026-08-30 00:29:12,autoscaler,customdas-cpu-queue-autoscaler-checkoutservice,3,60,1,,,
2026-08-30 00:29:12,autoscaler,customdas-cpu-queue-autoscaler-currencyservice,3,60,1,,,
2026-08-30 00:29:12,autoscaler,customdas-cpu-queue-autoscaler-emailservice,2,60,1,,,
2026-08-30 00:29:12,autoscaler,customdas-cpu-queue-autoscaler-frontend,6,60,1,,,
2026-08-30 00:29:12,autoscaler,customdas-cpu-queue-autoscaler-paymentservice,3,60,1,,,
2026-08-30 00:29:12,autoscaler,customdas-cpu-queue-autoscaler-productcatalogservice,3,60,1,,,
2026-08-30 00:29:12,autoscaler,customdas-cpu-queue-autoscaler-recommendationservice,4,60,1,,,
2026-08-30 00:29:12,autoscaler,customdas-cpu-queue-autoscaler-shippingservice,5,60,1,,,
2026-08-30 00:29:12,node,ze-master-node,1084,3838,,27.1,48.3,
2026-08-30 00:29:12,node,ze-worker-node,733,1765,,18.3,22.2,
2026-08-30 00:29:19,deployment,adservice,12,94,1,,,
2026-08-30 00:29:19,deployment,cartservice,27,45,1,,,
2026-08-30 00:29:19,deployment,checkoutservice,9,12,1,,,
2026-08-30 00:29:19,deployment,currencyservice,55,39,1,,,
2026-08-30 00:29:19,deployment,emailservice,19,40,1,,,
2026-08-30 00:29:19,deployment,frontend,98,15,1,,,
2026-08-30 00:29:19,http_p95_latency,frontend,,,,,,326.9
2026-08-30 00:29:19,deployment,paymentservice,13,31,1,,,
2026-08-30 00:29:19,deployment,productcatalogservice,94,16,2,,,
2026-08-30 00:29:19,deployment,recommendationservice,48,45,1,,,
2026-08-30 00:29:19,deployment,redis-cart,52,31,1,,,
2026-08-30 00:29:19,deployment,shippingservice,13,9,1,,,
2026-08-30 00:29:19,autoscaler,customdas-cpu-queue-autoscaler-adservice,6,60,1,,,
2026-08-30 00:29:19,autoscaler,customdas-cpu-queue-autoscaler-cartservice,5,60,1,,,
2026-08-30 00:29:19,autoscaler,customdas-cpu-queue-autoscaler-checkoutservice,5,60,1,,,
2026-08-30 00:29:19,autoscaler,customdas-cpu-queue-autoscaler-currencyservice,3,60,1,,,
2026-08-30 00:29:19,autoscaler,customdas-cpu-queue-autoscaler-emailservice,2,60,1,,,
2026-08-30 00:29:19,autoscaler,customdas-cpu-queue-autoscaler-frontend,4,60,1,,,
2026-08-30 00:29:19,autoscaler,customdas-cpu-queue-autoscaler-paymentservice,4,60,1,,,
2026-08-30 00:29:19,autoscaler,customdas-cpu-queue-autoscaler-productcatalogservice,7,60,1,,,
2026-08-30 00:29:19,autoscaler,customdas-cpu-queue-autoscaler-recommendationservice,4,60,1,,,
2026-08-30 00:29:19,autoscaler,customdas-cpu-queue-autoscaler-shippingservice,4,60,1,,,
2026-08-30 00:29:19,node,ze-master-node,1090,3829,,27.3,48.2,
2026-08-30 00:29:19,node,ze-worker-node,933,1769,,23.3,22.3,
2026-08-30 00:29:27,deployment,adservice,12,94,1,,,
2026-08-30 00:29:27,deployment,cartservice,27,45,1,,,
2026-08-30 00:29:27,deployment,checkoutservice,9,12,1,,,
2026-08-30 00:29:27,deployment,currencyservice,55,39,1,,,
2026-08-30 00:29:27,deployment,emailservice,19,40,1,,,
2026-08-30 00:29:27,deployment,frontend,98,15,1,,,
2026-08-30 00:29:27,http_p95_latency,frontend,,,,,,269.2
2026-08-30 00:29:27,deployment,paymentservice,13,31,1,,,
2026-08-30 00:29:27,deployment,productcatalogservice,94,16,2,,,
2026-08-30 00:29:27,deployment,recommendationservice,48,45,1,,,
2026-08-30 00:29:27,deployment,redis-cart,52,31,1,,,
2026-08-30 00:29:27,deployment,shippingservice,13,9,1,,,
2026-08-30 00:29:27,autoscaler,customdas-cpu-queue-autoscaler-adservice,6,60,1,,,
2026-08-30 00:29:27,autoscaler,customdas-cpu-queue-autoscaler-cartservice,5,60,1,,,
2026-08-30 00:29:27,autoscaler,customdas-cpu-queue-autoscaler-checkoutservice,5,60,1,,,
2026-08-30 00:29:27,autoscaler,customdas-cpu-queue-autoscaler-currencyservice,3,60,1,,,
2026-08-30 00:29:27,autoscaler,customdas-cpu-queue-autoscaler-emailservice,2,60,1,,,
2026-08-30 00:29:27,autoscaler,customdas-cpu-queue-autoscaler-frontend,4,60,1,,,
2026-08-30 00:29:27,autoscaler,customdas-cpu-queue-autoscaler-paymentservice,4,60,1,,,
2026-08-30 00:29:27,autoscaler,customdas-cpu-queue-autoscaler-productcatalogservice,7,60,1,,,
2026-08-30 00:29:27,autoscaler,customdas-cpu-queue-autoscaler-recommendationservice,4,60,1,,,
2026-08-30 00:29:27,autoscaler,customdas-cpu-queue-autoscaler-shippingservice,4,60,1,,,
2026-08-30 00:29:27,node,ze-master-node,1090,3829,,27.3,48.2,
2026-08-30 00:29:27,node,ze-worker-node,933,1769,,23.3,22.3,
2026-08-30 00:29:35,deployment,adservice,14,94,1,,,
2026-08-30 00:29:35,deployment,cartservice,35,45,1,,,
2026-08-30 00:29:35,deployment,checkoutservice,14,12,1,,,
2026-08-30 00:29:35,deployment,currencyservice,61,40,1,,,
2026-08-30 00:29:35,deployment,emailservice,22,40,1,,,
2026-08-30 00:29:35,deployment,frontend,106,14,1,,,
2026-08-30 00:29:35,http_p95_latency,frontend,,,,,,269.2
2026-08-30 00:29:35,deployment,paymentservice,9,30,1,,,
2026-08-30 00:29:35,deployment,productcatalogservice,74,16,2,,,
2026-08-30 00:29:35,deployment,recommendationservice,50,45,1,,,
2026-08-30 00:29:35,deployment,redis-cart,6,31,1,,,
2026-08-30 00:29:35,deployment,shippingservice,16,9,1,,,
2026-08-30 00:29:35,autoscaler,customdas-cpu-queue-autoscaler-adservice,5,60,1,,,
2026-08-30 00:29:35,autoscaler,customdas-cpu-queue-autoscaler-cartservice,3,60,1,,,
2026-08-30 00:29:35,autoscaler,customdas-cpu-queue-autoscaler-checkoutservice,5,60,1,,,
2026-08-30 00:29:35,autoscaler,customdas-cpu-queue-autoscaler-currencyservice,4,60,1,,,
2026-08-30 00:29:35,autoscaler,customdas-cpu-queue-autoscaler-emailservice,7,60,1,,,
2026-08-30 00:29:35,autoscaler,customdas-cpu-queue-autoscaler-frontend,4,60,1,,,
2026-08-30 00:29:35,autoscaler,customdas-cpu-queue-autoscaler-paymentservice,6,60,1,,,
2026-08-30 00:29:35,autoscaler,customdas-cpu-queue-autoscaler-productcatalogservice,5,60,1,,,
2026-08-30 00:29:35,autoscaler,customdas-cpu-queue-autoscaler-recommendationservice,4,60,1,,,
2026-08-30 00:29:35,autoscaler,customdas-cpu-queue-autoscaler-shippingservice,4,60,1,,,
2026-08-30 00:29:35,node,ze-master-node,1031,3830,,25.8,48.2,
2026-08-30 00:29:35,node,ze-worker-node,835,1769,,20.9,22.3,
2026-08-30 00:29:45,deployment,adservice,14,94,1,,,
2026-08-30 00:29:45,deployment,cartservice,35,45,1,,,
2026-08-30 00:29:45,deployment,checkoutservice,14,12,1,,,
2026-08-30 00:29:45,deployment,currencyservice,61,40,1,,,
2026-08-30 00:29:45,deployment,emailservice,22,40,1,,,
2026-08-30 00:29:45,deployment,frontend,106,14,1,,,
2026-08-30 00:29:45,http_p95_latency,frontend,,,,,,224.8
2026-08-30 00:29:45,deployment,paymentservice,9,30,1,,,
2026-08-30 00:29:45,deployment,productcatalogservice,74,16,2,,,
2026-08-30 00:29:45,deployment,recommendationservice,50,45,1,,,
2026-08-30 00:29:45,deployment,redis-cart,6,31,1,,,
2026-08-30 00:29:45,deployment,shippingservice,16,9,1,,,
2026-08-30 00:29:45,autoscaler,customdas-cpu-queue-autoscaler-adservice,5,60,1,,,
2026-08-30 00:29:45,autoscaler,customdas-cpu-queue-autoscaler-cartservice,3,60,1,,,
2026-08-30 00:29:45,autoscaler,customdas-cpu-queue-autoscaler-checkoutservice,5,60,1,,,
2026-08-30 00:29:45,autoscaler,customdas-cpu-queue-autoscaler-currencyservice,4,60,1,,,
2026-08-30 00:29:45,autoscaler,customdas-cpu-queue-autoscaler-emailservice,7,60,1,,,
2026-08-30 00:29:45,autoscaler,customdas-cpu-queue-autoscaler-frontend,4,60,1,,,
2026-08-30 00:29:45,autoscaler,customdas-cpu-queue-autoscaler-paymentservice,6,60,1,,,
2026-08-30 00:29:45,autoscaler,customdas-cpu-queue-autoscaler-productcatalogservice,5,60,1,,,
2026-08-30 00:29:45,autoscaler,customdas-cpu-queue-autoscaler-recommendationservice,4,60,1,,,
2026-08-30 00:29:45,autoscaler,customdas-cpu-queue-autoscaler-shippingservice,4,60,1,,,
2026-08-30 00:29:45,node,ze-master-node,1031,3830,,25.8,48.2,
2026-08-30 00:29:45,node,ze-worker-node,835,1769,,20.9,22.3,
2026-08-30 00:29:54,deployment,adservice,14,94,1,,,
2026-08-30 00:29:54,deployment,cartservice,33,45,1,,,
2026-08-30 00:29:54,deployment,checkoutservice,11,12,1,,,
2026-08-30 00:29:54,deployment,currencyservice,58,41,1,,,
2026-08-30 00:29:54,deployment,emailservice,18,40,1,,,
2026-08-30 00:29:54,deployment,frontend,99,15,1,,,
2026-08-30 00:29:54,http_p95_latency,frontend,,,,,,224.8
2026-08-30 00:29:54,deployment,paymentservice,8,30,1,,,
2026-08-30 00:29:54,deployment,productcatalogservice,75,17,2,,,
2026-08-30 00:29:54,deployment,recommendationservice,46,45,1,,,
2026-08-30 00:29:54,deployment,redis-cart,6,31,1,,,
2026-08-30 00:29:54,deployment,shippingservice,17,9,1,,,
2026-08-30 00:29:54,autoscaler,customdas-cpu-queue-autoscaler-adservice,5,60,1,,,
2026-08-30 00:29:54,autoscaler,customdas-cpu-queue-autoscaler-cartservice,2,60,1,,,
2026-08-30 00:29:54,autoscaler,customdas-cpu-queue-autoscaler-checkoutservice,3,60,1,,,
2026-08-30 00:29:54,autoscaler,customdas-cpu-queue-autoscaler-currencyservice,4,60,1,,,
2026-08-30 00:29:54,autoscaler,customdas-cpu-queue-autoscaler-emailservice,4,60,1,,,
2026-08-30 00:29:54,autoscaler,customdas-cpu-queue-autoscaler-frontend,5,60,1,,,
2026-08-30 00:29:54,autoscaler,customdas-cpu-queue-autoscaler-paymentservice,7,60,1,,,
2026-08-30 00:29:54,autoscaler,customdas-cpu-queue-autoscaler-productcatalogservice,4,60,1,,,
2026-08-30 00:29:54,autoscaler,customdas-cpu-queue-autoscaler-recommendationservice,3,60,1,,,
2026-08-30 00:29:54,autoscaler,customdas-cpu-queue-autoscaler-shippingservice,4,60,1,,,
2026-08-30 00:29:54,node,ze-master-node,1014,3822,,25.4,48.1,
2026-08-30 00:29:54,node,ze-worker-node,803,1754,,20.1,22.1,
2026-08-30 00:30:01,deployment,adservice,14,94,1,,,
2026-08-30 00:30:01,deployment,cartservice,33,45,1,,,
2026-08-30 00:30:01,deployment,checkoutservice,11,12,1,,,
2026-08-30 00:30:01,deployment,currencyservice,58,41,1,,,
2026-08-30 00:30:01,deployment,emailservice,18,40,1,,,
2026-08-30 00:30:01,deployment,frontend,99,15,1,,,
2026-08-30 00:30:01,http_p95_latency,frontend,,,,,,744.8
2026-08-30 00:30:01,deployment,paymentservice,8,30,1,,,
2026-08-30 00:30:01,deployment,productcatalogservice,75,17,2,,,
2026-08-30 00:30:01,deployment,recommendationservice,46,45,1,,,
2026-08-30 00:30:01,deployment,redis-cart,6,31,1,,,
2026-08-30 00:30:01,deployment,shippingservice,17,9,1,,,
2026-08-30 00:30:01,autoscaler,customdas-cpu-queue-autoscaler-adservice,5,60,1,,,
2026-08-30 00:30:01,autoscaler,customdas-cpu-queue-autoscaler-cartservice,2,60,1,,,
2026-08-30 00:30:01,autoscaler,customdas-cpu-queue-autoscaler-checkoutservice,4,60,1,,,
2026-08-30 00:30:01,autoscaler,customdas-cpu-queue-autoscaler-currencyservice,3,60,1,,,
2026-08-30 00:30:01,autoscaler,customdas-cpu-queue-autoscaler-emailservice,3,60,1,,,
2026-08-30 00:30:01,autoscaler,customdas-cpu-queue-autoscaler-frontend,0,60,1,,,
2026-08-30 00:30:01,autoscaler,customdas-cpu-queue-autoscaler-paymentservice,7,60,1,,,
2026-08-30 00:30:01,autoscaler,customdas-cpu-queue-autoscaler-productcatalogservice,5,60,1,,,
2026-08-30 00:30:01,autoscaler,customdas-cpu-queue-autoscaler-recommendationservice,4,60,1,,,
2026-08-30 00:30:01,autoscaler,customdas-cpu-queue-autoscaler-shippingservice,4,60,1,,,
2026-08-30 00:30:01,node,ze-master-node,1156,3839,,28.9,48.3,
2026-08-30 00:30:01,node,ze-worker-node,1164,1764,,29.1,22.2,
2026-08-30 00:30:10,deployment,adservice,17,94,1,,,
2026-08-30 00:30:10,deployment,cartservice,61,45,1,,,
2026-08-30 00:30:10,deployment,checkoutservice,13,12,1,,,
2026-08-30 00:30:10,deployment,currencyservice,93,50,2,,,
2026-08-30 00:30:10,deployment,emailservice,17,40,1,,,
2026-08-30 00:30:10,deployment,frontend,146,15,1,,,
2026-08-30 00:30:10,http_p95_latency,frontend,,,,,,744.8
2026-08-30 00:30:10,deployment,paymentservice,9,31,1,,,
2026-08-30 00:30:10,deployment,productcatalogservice,87,17,2,,,
2026-08-30 00:30:10,deployment,recommendationservice,64,45,1,,,
2026-08-30 00:30:10,deployment,redis-cart,7,31,1,,,
2026-08-30 00:30:10,deployment,shippingservice,16,9,1,,,
2026-08-30 00:30:10,autoscaler,customdas-cpu-queue-autoscaler-adservice,6,60,1,,,
2026-08-30 00:30:10,autoscaler,customdas-cpu-queue-autoscaler-cartservice,6,60,1,,,
2026-08-30 00:30:10,autoscaler,customdas-cpu-queue-autoscaler-checkoutservice,4,60,1,,,
2026-08-30 00:30:10,autoscaler,customdas-cpu-queue-autoscaler-currencyservice,3,60,1,,,
2026-08-30 00:30:10,autoscaler,customdas-cpu-queue-autoscaler-emailservice,3,60,1,,,
2026-08-30 00:30:10,autoscaler,customdas-cpu-queue-autoscaler-frontend,0,60,1,,,
2026-08-30 00:30:10,autoscaler,customdas-cpu-queue-autoscaler-paymentservice,7,60,1,,,
2026-08-30 00:30:10,autoscaler,customdas-cpu-queue-autoscaler-productcatalogservice,5,60,1,,,
2026-08-30 00:30:10,autoscaler,customdas-cpu-queue-autoscaler-recommendationservice,4,60,1,,,
2026-08-30 00:30:10,autoscaler,customdas-cpu-queue-autoscaler-shippingservice,4,60,1,,,
2026-08-30 00:30:10,node,ze-master-node,1156,3839,,28.9,48.3,
2026-08-30 00:30:10,node,ze-worker-node,1164,1764,,29.1,22.2,
2026-08-30 00:30:20,deployment,adservice,14,94,1,,,
2026-08-30 00:30:20,deployment,cartservice,58,45,1,,,
2026-08-30 00:30:20,deployment,checkoutservice,10,12,1,,,
2026-08-30 00:30:20,deployment,currencyservice,92,52,2,,,
2026-08-30 00:30:20,deployment,emailservice,20,40,1,,,
2026-08-30 00:30:20,deployment,frontend,167,15,1,,,
2026-08-30 00:30:20,http_p95_latency,frontend,,,,,,636.2
2026-08-30 00:30:20,deployment,paymentservice,8,31,1,,,
2026-08-30 00:30:20,deployment,productcatalogservice,111,17,2,,,
2026-08-30 00:30:20,deployment,recommendationservice,70,45,1,,,
2026-08-30 00:30:20,deployment,redis-cart,8,31,1,,,
2026-08-30 00:30:20,deployment,shippingservice,18,9,1,,,
2026-08-30 00:30:20,autoscaler,customdas-cpu-queue-autoscaler-adservice,6,60,1,,,
2026-08-30 00:30:20,autoscaler,customdas-cpu-queue-autoscaler-cartservice,0,60,1,,,
2026-08-30 00:30:20,autoscaler,customdas-cpu-queue-autoscaler-checkoutservice,4,60,1,,,
2026-08-30 00:30:20,autoscaler,customdas-cpu-queue-autoscaler-currencyservice,4,60,1,,,
2026-08-30 00:30:20,autoscaler,customdas-cpu-queue-autoscaler-emailservice,6,60,1,,,
2026-08-30 00:30:20,autoscaler,customdas-cpu-queue-autoscaler-frontend,8,60,1,,,
2026-08-30 00:30:20,autoscaler,customdas-cpu-queue-autoscaler-paymentservice,4,60,1,,,
2026-08-30 00:30:20,autoscaler,customdas-cpu-queue-autoscaler-productcatalogservice,5,60,1,,,
2026-08-30 00:30:20,autoscaler,customdas-cpu-queue-autoscaler-recommendationservice,4,60,1,,,
2026-08-30 00:30:20,autoscaler,customdas-cpu-queue-autoscaler-shippingservice,4,60,1,,,
2026-08-30 00:30:20,node,ze-master-node,1387,3854,,34.7,48.5,
2026-08-30 00:30:20,node,ze-worker-node,1090,1770,,27.3,22.3,
2026-08-30 00:30:28,deployment,adservice,14,94,1,,,
2026-08-30 00:30:28,deployment,cartservice,58,45,1,,,
2026-08-30 00:30:28,deployment,checkoutservice,10,12,1,,,
2026-08-30 00:30:28,deployment,currencyservice,92,52,2,,,
2026-08-30 00:30:28,deployment,emailservice,20,40,1,,,
2026-08-30 00:30:28,deployment,frontend,167,15,2,,,
2026-08-30 00:30:28,http_p95_latency,frontend,,,,,,496.0
2026-08-30 00:30:28,deployment,paymentservice,8,31,1,,,
2026-08-30 00:30:28,deployment,productcatalogservice,111,17,2,,,
2026-08-30 00:30:28,deployment,recommendationservice,70,45,1,,,
2026-08-30 00:30:28,deployment,redis-cart,8,31,1,,,
2026-08-30 00:30:28,deployment,shippingservice,18,9,1,,,
2026-08-30 00:30:28,autoscaler,customdas-cpu-queue-autoscaler-adservice,6,60,1,,,
2026-08-30 00:30:28,autoscaler,customdas-cpu-queue-autoscaler-cartservice,0,60,1,,,
2026-08-30 00:30:28,autoscaler,customdas-cpu-queue-autoscaler-checkoutservice,4,60,1,,,
2026-08-30 00:30:28,autoscaler,customdas-cpu-queue-autoscaler-currencyservice,4,60,1,,,
2026-08-30 00:30:28,autoscaler,customdas-cpu-queue-autoscaler-emailservice,6,60,1,,,
2026-08-30 00:30:28,autoscaler,customdas-cpu-queue-autoscaler-frontend,8,60,1,,,
2026-08-30 00:30:28,autoscaler,customdas-cpu-queue-autoscaler-paymentservice,4,60,1,,,
2026-08-30 00:30:28,autoscaler,customdas-cpu-queue-autoscaler-productcatalogservice,5,60,1,,,
2026-08-30 00:30:28,autoscaler,customdas-cpu-queue-autoscaler-recommendationservice,4,60,1,,,
2026-08-30 00:30:28,autoscaler,customdas-cpu-queue-autoscaler-shippingservice,4,60,1,,,
2026-08-30 00:30:28,node,ze-master-node,1387,3854,,34.7,48.5,
2026-08-30 00:30:28,node,ze-worker-node,1090,1770,,27.3,22.3,
2026-08-30 00:30:38,deployment,adservice,19,94,1,,,
2026-08-30 00:30:38,deployment,cartservice,43,45,1,,,
2026-08-30 00:30:38,deployment,checkoutservice,20,12,1,,,
2026-08-30 00:30:38,deployment,currencyservice,240,79,2,,,
2026-08-30 00:30:38,deployment,emailservice,23,40,1,,,
2026-08-30 00:30:38,deployment,frontend,169,15,2,,,
2026-08-30 00:30:38,http_p95_latency,frontend,,,,,,496.0
2026-08-30 00:30:38,deployment,paymentservice,12,33,1,,,
2026-08-30 00:30:38,deployment,productcatalogservice,113,17,2,,,
2026-08-30 00:30:38,deployment,recommendationservice,75,45,1,,,
2026-08-30 00:30:38,deployment,redis-cart,9,31,1,,,
2026-08-30 00:30:38,deployment,shippingservice,19,9,1,,,
2026-08-30 00:30:38,autoscaler,customdas-cpu-queue-autoscaler-adservice,4,60,1,,,
2026-08-30 00:30:38,autoscaler,customdas-cpu-queue-autoscaler-cartservice,5,60,1,,,
2026-08-30 00:30:38,autoscaler,customdas-cpu-queue-autoscaler-checkoutservice,5,60,1,,,
2026-08-30 00:30:38,autoscaler,customdas-cpu-queue-autoscaler-currencyservice,7,60,1,,,
2026-08-30 00:30:38,autoscaler,customdas-cpu-queue-autoscaler-emailservice,3,60,1,,,
2026-08-30 00:30:38,autoscaler,customdas-cpu-queue-autoscaler-frontend,0,60,1,,,
2026-08-30 00:30:38,autoscaler,customdas-cpu-queue-autoscaler-paymentservice,6,60,1,,,
2026-08-30 00:30:38,autoscaler,customdas-cpu-queue-autoscaler-productcatalogservice,3,60,1,,,
2026-08-30 00:30:38,autoscaler,customdas-cpu-queue-autoscaler-recommendationservice,3,60,1,,,
2026-08-30 00:30:38,autoscaler,customdas-cpu-queue-autoscaler-shippingservice,3,60,1,,,
2026-08-30 00:30:38,node,ze-master-node,1476,3887,,36.9,48.9,
2026-08-30 00:30:38,node,ze-worker-node,1072,1770,,26.8,22.3,
2026-08-30 00:30:47,deployment,adservice,19,94,1,,,
2026-08-30 00:30:47,deployment,cartservice,43,45,1,,,
2026-08-30 00:30:47,deployment,checkoutservice,20,12,1,,,
2026-08-30 00:30:47,deployment,currencyservice,240,79,2,,,
2026-08-30 00:30:47,deployment,emailservice,23,40,1,,,
2026-08-30 00:30:47,deployment,frontend,169,15,2,,,
2026-08-30 00:30:47,http_p95_latency,frontend,,,,,,362.5
2026-08-30 00:30:47,deployment,paymentservice,12,33,1,,,
2026-08-30 00:30:47,deployment,productcatalogservice,113,17,2,,,
2026-08-30 00:30:47,deployment,recommendationservice,75,45,1,,,
2026-08-30 00:30:47,deployment,redis-cart,9,31,1,,,
2026-08-30 00:30:47,deployment,shippingservice,19,9,1,,,
2026-08-30 00:30:47,autoscaler,customdas-cpu-queue-autoscaler-adservice,4,60,1,,,
2026-08-30 00:30:47,autoscaler,customdas-cpu-queue-autoscaler-cartservice,5,60,1,,,
2026-08-30 00:30:47,autoscaler,customdas-cpu-queue-autoscaler-checkoutservice,5,60,1,,,
2026-08-30 00:30:47,autoscaler,customdas-cpu-queue-autoscaler-currencyservice,7,60,1,,,
2026-08-30 00:30:47,autoscaler,customdas-cpu-queue-autoscaler-emailservice,3,60,1,,,
2026-08-30 00:30:47,autoscaler,customdas-cpu-queue-autoscaler-frontend,0,60,1,,,
2026-08-30 00:30:47,autoscaler,customdas-cpu-queue-autoscaler-paymentservice,6,60,1,,,
2026-08-30 00:30:47,autoscaler,customdas-cpu-queue-autoscaler-productcatalogservice,3,60,1,,,
2026-08-30 00:30:47,autoscaler,customdas-cpu-queue-autoscaler-recommendationservice,3,60,1,,,
2026-08-30 00:30:47,autoscaler,customdas-cpu-queue-autoscaler-shippingservice,5,60,1,,,
2026-08-30 00:30:47,node,ze-master-node,1413,3880,,35.3,48.9,
2026-08-30 00:30:47,node,ze-worker-node,1062,1766,,26.6,22.2,
2026-08-30 00:30:54,deployment,adservice,22,94,1,,,
2026-08-30 00:30:54,deployment,cartservice,51,45,1,,,
2026-08-30 00:30:54,deployment,checkoutservice,13,12,1,,,
2026-08-30 00:30:54,deployment,currencyservice,154,68,2,,,
2026-08-30 00:30:54,deployment,emailservice,20,40,1,,,
2026-08-30 00:30:54,deployment,frontend,156,22,2,,,
2026-08-30 00:30:54,http_p95_latency,frontend,,,,,,362.5
2026-08-30 00:30:54,deployment,paymentservice,8,31,1,,,
2026-08-30 00:30:54,deployment,productcatalogservice,122,17,2,,,
2026-08-30 00:30:54,deployment,recommendationservice,78,48,1,,,
2026-08-30 00:30:54,deployment,redis-cart,8,31,1,,,
2026-08-30 00:30:54,deployment,shippingservice,19,9,1,,,
2026-08-30 00:30:54,autoscaler,customdas-cpu-queue-autoscaler-adservice,6,60,1,,,
2026-08-30 00:30:54,autoscaler,customdas-cpu-queue-autoscaler-cartservice,5,60,1,,,
2026-08-30 00:30:54,autoscaler,customdas-cpu-queue-autoscaler-checkoutservice,5,60,1,,,
2026-08-30 00:30:54,autoscaler,customdas-cpu-queue-autoscaler-currencyservice,4,60,1,,,
2026-08-30 00:30:54,autoscaler,customdas-cpu-queue-autoscaler-emailservice,3,60,1,,,
2026-08-30 00:30:54,autoscaler,customdas-cpu-queue-autoscaler-frontend,9,60,1,,,
2026-08-30 00:30:54,autoscaler,customdas-cpu-queue-autoscaler-paymentservice,4,60,1,,,
2026-08-30 00:30:54,autoscaler,customdas-cpu-queue-autoscaler-productcatalogservice,0,60,1,,,
2026-08-30 00:30:54,autoscaler,customdas-cpu-queue-autoscaler-recommendationservice,3,60,1,,,
2026-08-30 00:30:54,autoscaler,customdas-cpu-queue-autoscaler-shippingservice,5,60,1,,,
2026-08-30 00:30:54,node,ze-master-node,1413,3880,,35.3,48.9,
2026-08-30 00:30:54,node,ze-worker-node,1062,1766,,26.6,22.2,
2026-08-30 00:31:01,deployment,adservice,22,94,1,,,
2026-08-30 00:31:01,deployment,cartservice,51,45,1,,,
2026-08-30 00:31:01,deployment,checkoutservice,13,12,1,,,
2026-08-30 00:31:01,deployment,currencyservice,154,68,2,,,
2026-08-30 00:31:01,deployment,emailservice,20,40,1,,,
2026-08-30 00:31:01,deployment,frontend,156,22,2,,,
2026-08-30 00:31:01,http_p95_latency,frontend,,,,,,402.4
2026-08-30 00:31:01,deployment,paymentservice,8,31,1,,,
2026-08-30 00:31:01,deployment,productcatalogservice,122,17,2,,,
2026-08-30 00:31:01,deployment,recommendationservice,78,48,1,,,
2026-08-30 00:31:01,deployment,redis-cart,8,31,1,,,
2026-08-30 00:31:01,deployment,shippingservice,19,9,1,,,
2026-08-30 00:31:01,autoscaler,customdas-cpu-queue-autoscaler-adservice,6,60,1,,,
2026-08-30 00:31:01,autoscaler,customdas-cpu-queue-autoscaler-cartservice,5,60,1,,,
2026-08-30 00:31:01,autoscaler,customdas-cpu-queue-autoscaler-checkoutservice,5,60,1,,,
2026-08-30 00:31:01,autoscaler,customdas-cpu-queue-autoscaler-currencyservice,4,60,1,,,
2026-08-30 00:31:01,autoscaler,customdas-cpu-queue-autoscaler-emailservice,3,60,1,,,
2026-08-30 00:31:01,autoscaler,customdas-cpu-queue-autoscaler-frontend,9,60,1,,,
2026-08-30 00:31:01,autoscaler,customdas-cpu-queue-autoscaler-paymentservice,4,60,1,,,
2026-08-30 00:31:01,autoscaler,customdas-cpu-queue-autoscaler-productcatalogservice,0,60,1,,,
2026-08-30 00:31:01,autoscaler,customdas-cpu-queue-autoscaler-recommendationservice,3,60,1,,,
2026-08-30 00:31:01,autoscaler,customdas-cpu-queue-autoscaler-shippingservice,5,60,1,,,
2026-08-30 00:31:01,node,ze-master-node,1413,3880,,35.3,48.9,
2026-08-30 00:31:01,node,ze-worker-node,1062,1766,,26.6,22.2,
2026-08-30 00:31:09,deployment,adservice,24,94,1,,,
2026-08-30 00:31:09,deployment,cartservice,63,45,1,,,
2026-08-30 00:31:09,deployment,checkoutservice,22,12,1,,,
2026-08-30 00:31:09,deployment,currencyservice,190,76,2,,,
2026-08-30 00:31:09,deployment,emailservice,20,40,1,,,
2026-08-30 00:31:09,deployment,frontend,255,25,2,,,
2026-08-30 00:31:09,http_p95_latency,frontend,,,,,,402.4
2026-08-30 00:31:09,deployment,paymentservice,12,30,1,,,
2026-08-30 00:31:09,deployment,productcatalogservice,160,17,2,,,
2026-08-30 00:31:09,deployment,recommendationservice,100,45,1,,,
2026-08-30 00:31:09,deployment,redis-cart,10,31,1,,,
2026-08-30 00:31:09,deployment,shippingservice,19,9,1,,,
2026-08-30 00:31:09,autoscaler,customdas-cpu-queue-autoscaler-adservice,8,60,1,,,
2026-08-30 00:31:09,autoscaler,customdas-cpu-queue-autoscaler-cartservice,3,60,1,,,
2026-08-30 00:31:09,autoscaler,customdas-cpu-queue-autoscaler-checkoutservice,4,60,1,,,
2026-08-30 00:31:09,autoscaler,customdas-cpu-queue-autoscaler-currencyservice,3,60,1,,,
2026-08-30 00:31:09,autoscaler,customdas-cpu-queue-autoscaler-emailservice,4,60,1,,,
2026-08-30 00:31:09,autoscaler,customdas-cpu-queue-autoscaler-frontend,0,60,1,,,
2026-08-30 00:31:09,autoscaler,customdas-cpu-queue-autoscaler-paymentservice,4,60,1,,,
2026-08-30 00:31:09,autoscaler,customdas-cpu-queue-autoscaler-productcatalogservice,6,60,1,,,
2026-08-30 00:31:09,autoscaler,customdas-cpu-queue-autoscaler-recommendationservice,3,60,1,,,
2026-08-30 00:31:09,autoscaler,customdas-cpu-queue-autoscaler-shippingservice,5,60,1,,,
2026-08-30 00:31:09,node,ze-master-node,1651,3910,,41.3,49.2,
2026-08-30 00:31:09,node,ze-worker-node,1438,1770,,35.9,22.3,
2026-08-30 00:31:17,deployment,adservice,24,94,1,,,
2026-08-30 00:31:17,deployment,cartservice,63,45,1,,,
2026-08-30 00:31:17,deployment,checkoutservice,22,12,1,,,
2026-08-30 00:31:17,deployment,currencyservice,190,76,2,,,
2026-08-30 00:31:17,deployment,emailservice,20,40,1,,,
2026-08-30 00:31:17,deployment,frontend,255,25,2,,,
2026-08-30 00:31:17,http_p95_latency,frontend,,,,,,361.8
2026-08-30 00:31:17,deployment,paymentservice,12,30,1,,,
2026-08-30 00:31:17,deployment,productcatalogservice,160,17,2,,,
2026-08-30 00:31:17,deployment,recommendationservice,100,45,1,,,
2026-08-30 00:31:17,deployment,redis-cart,10,31,1,,,
2026-08-30 00:31:17,deployment,shippingservice,19,9,1,,,
2026-08-30 00:31:17,autoscaler,customdas-cpu-queue-autoscaler-adservice,5,60,1,,,
2026-08-30 00:31:17,autoscaler,customdas-cpu-queue-autoscaler-cartservice,3,60,1,,,
2026-08-30 00:31:17,autoscaler,customdas-cpu-queue-autoscaler-checkoutservice,3,60,1,,,
2026-08-30 00:31:17,autoscaler,customdas-cpu-queue-autoscaler-currencyservice,6,60,1,,,
2026-08-30 00:31:17,autoscaler,customdas-cpu-queue-autoscaler-emailservice,3,60,1,,,
2026-08-30 00:31:17,autoscaler,customdas-cpu-queue-autoscaler-frontend,3,60,1,,,
2026-08-30 00:31:17,autoscaler,customdas-cpu-queue-autoscaler-paymentservice,6,60,1,,,
2026-08-30 00:31:17,autoscaler,customdas-cpu-queue-autoscaler-productcatalogservice,2,60,1,,,
2026-08-30 00:31:17,autoscaler,customdas-cpu-queue-autoscaler-recommendationservice,3,60,1,,,
2026-08-30 00:31:17,autoscaler,customdas-cpu-queue-autoscaler-shippingservice,2,60,1,,,
2026-08-30 00:31:17,node,ze-master-node,1653,3901,,41.3,49.1,
2026-08-30 00:31:17,node,ze-worker-node,1305,1771,,32.6,22.3,
2026-08-30 00:31:26,deployment,adservice,26,94,1,,,
2026-08-30 00:31:26,deployment,cartservice,64,45,1,,,
2026-08-30 00:31:26,deployment,checkoutservice,14,11,1,,,
2026-08-30 00:31:26,deployment,currencyservice,217,78,2,,,
2026-08-30 00:31:26,deployment,emailservice,20,40,1,,,
2026-08-30 00:31:26,deployment,frontend,270,25,2,,,
2026-08-30 00:31:26,http_p95_latency,frontend,,,,,,361.8
2026-08-30 00:31:26,deployment,paymentservice,9,30,1,,,
2026-08-30 00:31:26,deployment,productcatalogservice,163,20,2,,,
2026-08-30 00:31:26,deployment,recommendationservice,100,45,1,,,
2026-08-30 00:31:26,deployment,redis-cart,11,31,1,,,
2026-08-30 00:31:26,deployment,shippingservice,19,9,1,,,
2026-08-30 00:31:26,autoscaler,customdas-cpu-queue-autoscaler-adservice,5,60,1,,,
2026-08-30 00:31:26,autoscaler,customdas-cpu-queue-autoscaler-cartservice,3,60,1,,,
2026-08-30 00:31:26,autoscaler,customdas-cpu-queue-autoscaler-checkoutservice,3,60,1,,,
2026-08-30 00:31:26,autoscaler,customdas-cpu-queue-autoscaler-currencyservice,6,60,1,,,
2026-08-30 00:31:26,autoscaler,customdas-cpu-queue-autoscaler-emailservice,3,60,1,,,
2026-08-30 00:31:26,autoscaler,customdas-cpu-queue-autoscaler-frontend,3,60,1,,,
2026-08-30 00:31:26,autoscaler,customdas-cpu-queue-autoscaler-paymentservice,6,60,1,,,
2026-08-30 00:31:26,autoscaler,customdas-cpu-queue-autoscaler-productcatalogservice,2,60,1,,,
2026-08-30 00:31:26,autoscaler,customdas-cpu-queue-autoscaler-recommendationservice,3,60,1,,,
2026-08-30 00:31:26,autoscaler,customdas-cpu-queue-autoscaler-shippingservice,2,60,1,,,
2026-08-30 00:31:26,node,ze-master-node,1653,3901,,41.3,49.1,
2026-08-30 00:31:26,node,ze-worker-node,1305,1771,,32.6,22.3,
2026-08-30 00:31:33,deployment,adservice,26,94,1,,,
2026-08-30 00:31:33,deployment,cartservice,64,45,1,,,
2026-08-30 00:31:33,deployment,checkoutservice,14,11,1,,,
2026-08-30 00:31:33,deployment,currencyservice,217,78,2,,,
2026-08-30 00:31:33,deployment,emailservice,20,40,1,,,
2026-08-30 00:31:33,deployment,frontend,270,25,2,,,
2026-08-30 00:31:33,http_p95_latency,frontend,,,,,,247.8
2026-08-30 00:31:33,deployment,paymentservice,9,30,1,,,
2026-08-30 00:31:33,deployment,productcatalogservice,163,20,2,,,
2026-08-30 00:31:33,deployment,recommendationservice,100,45,1,,,
2026-08-30 00:31:33,deployment,redis-cart,11,31,1,,,
2026-08-30 00:31:33,deployment,shippingservice,19,9,1,,,
2026-08-30 00:31:33,autoscaler,customdas-cpu-queue-autoscaler-adservice,5,60,1,,,
2026-08-30 00:31:33,autoscaler,customdas-cpu-queue-autoscaler-cartservice,3,60,1,,,
2026-08-30 00:31:33,autoscaler,customdas-cpu-queue-autoscaler-checkoutservice,3,60,1,,,
2026-08-30 00:31:33,autoscaler,customdas-cpu-queue-autoscaler-currencyservice,0,60,1,,,
2026-08-30 00:31:33,autoscaler,customdas-cpu-queue-autoscaler-emailservice,5,60,1,,,
2026-08-30 00:31:33,autoscaler,customdas-cpu-queue-autoscaler-frontend,5,60,1,,,
2026-08-30 00:31:33,autoscaler,customdas-cpu-queue-autoscaler-paymentservice,6,60,1,,,
2026-08-30 00:31:33,autoscaler,customdas-cpu-queue-autoscaler-productcatalogservice,8,60,1,,,
2026-08-30 00:31:33,autoscaler,customdas-cpu-queue-autoscaler-recommendationservice,5,60,1,,,
2026-08-30 00:31:33,autoscaler,customdas-cpu-queue-autoscaler-shippingservice,4,60,1,,,
2026-08-30 00:31:33,node,ze-master-node,1617,3929,,40.4,49.5,
2026-08-30 00:31:33,node,ze-worker-node,1511,1771,,37.8,22.3,
2026-08-30 00:31:40,deployment,adservice,28,94,1,,,
2026-08-30 00:31:40,deployment,cartservice,72,45,1,,,
2026-08-30 00:31:40,deployment,checkoutservice,19,12,1,,,
2026-08-30 00:31:40,deployment,currencyservice,178,81,2,,,
2026-08-30 00:31:40,deployment,emailservice,20,40,1,,,
2026-08-30 00:31:40,deployment,frontend,284,26,2,,,
2026-08-30 00:31:40,http_p95_latency,frontend,,,,,,247.8
2026-08-30 00:31:40,deployment,paymentservice,11,31,1,,,
2026-08-30 00:31:40,deployment,productcatalogservice,168,17,2,,,
2026-08-30 00:31:40,deployment,recommendationservice,110,45,1,,,
2026-08-30 00:31:40,deployment,redis-cart,11,31,1,,,
2026-08-30 00:31:40,deployment,shippingservice,21,9,1,,,
2026-08-30 00:31:40,autoscaler,customdas-cpu-queue-autoscaler-adservice,6,60,1,,,
2026-08-30 00:31:40,autoscaler,customdas-cpu-queue-autoscaler-cartservice,5,60,1,,,
2026-08-30 00:31:40,autoscaler,customdas-cpu-queue-autoscaler-checkoutservice,3,60,1,,,
2026-08-30 00:31:40,autoscaler,customdas-cpu-queue-autoscaler-currencyservice,0,60,1,,,
2026-08-30 00:31:40,autoscaler,customdas-cpu-queue-autoscaler-emailservice,5,60,1,,,
2026-08-30 00:31:40,autoscaler,customdas-cpu-queue-autoscaler-frontend,5,60,1,,,
2026-08-30 00:31:40,autoscaler,customdas-cpu-queue-autoscaler-paymentservice,6,60,1,,,
2026-08-30 00:31:40,autoscaler,customdas-cpu-queue-autoscaler-productcatalogservice,8,60,1,,,
2026-08-30 00:31:40,autoscaler,customdas-cpu-queue-autoscaler-recommendationservice,5,60,1,,,
2026-08-30 00:31:40,autoscaler,customdas-cpu-queue-autoscaler-shippingservice,4,60,1,,,
2026-08-30 00:31:40,node,ze-master-node,1617,3929,,40.4,49.5,
2026-08-30 00:31:40,node,ze-worker-node,1511,1771,,37.8,22.3,
2026-08-30 00:31:48,deployment,adservice,28,94,1,,,
2026-08-30 00:31:48,deployment,cartservice,72,45,2,,,
2026-08-30 00:31:48,deployment,checkoutservice,19,12,1,,,
2026-08-30 00:31:48,deployment,currencyservice,178,81,2,,,
2026-08-30 00:31:48,deployment,emailservice,20,40,1,,,
2026-08-30 00:31:48,deployment,frontend,284,26,3,,,
2026-08-30 00:31:48,http_p95_latency,frontend,,,,,,341.7
2026-08-30 00:31:48,deployment,paymentservice,11,31,1,,,
2026-08-30 00:31:48,deployment,productcatalogservice,168,17,2,,,
2026-08-30 00:31:48,deployment,recommendationservice,109,45,2,,,
2026-08-30 00:31:48,deployment,redis-cart,10,31,1,,,
2026-08-30 00:31:48,deployment,shippingservice,19,9,1,,,
2026-08-30 00:31:48,autoscaler,customdas-cpu-queue-autoscaler-adservice,6,60,1,,,
2026-08-30 00:31:48,autoscaler,customdas-cpu-queue-autoscaler-cartservice,5,60,1,,,
2026-08-30 00:31:48,autoscaler,customdas-cpu-queue-autoscaler-checkoutservice,4,60,1,,,
2026-08-30 00:31:48,autoscaler,customdas-cpu-queue-autoscaler-currencyservice,6,60,1,,,
2026-08-30 00:31:48,autoscaler,customdas-cpu-queue-autoscaler-emailservice,5,60,1,,,
2026-08-30 00:31:48,autoscaler,customdas-cpu-queue-autoscaler-frontend,4,60,1,,,
2026-08-30 00:31:48,autoscaler,customdas-cpu-queue-autoscaler-paymentservice,6,60,1,,,
2026-08-30 00:31:48,autoscaler,customdas-cpu-queue-autoscaler-productcatalogservice,4,60,1,,,
2026-08-30 00:31:48,autoscaler,customdas-cpu-queue-autoscaler-recommendationservice,3,60,1,,,
2026-08-30 00:31:48,autoscaler,customdas-cpu-queue-autoscaler-shippingservice,4,60,1,,,
2026-08-30 00:31:48,node,ze-master-node,1669,3922,,41.7,49.4,
2026-08-30 00:31:48,node,ze-worker-node,1443,1803,,36.1,22.7,
2026-08-30 00:31:56,deployment,adservice,21,94,1,,,
2026-08-30 00:31:56,deployment,cartservice,63,45,2,,,
2026-08-30 00:31:56,deployment,checkoutservice,15,12,1,,,
2026-08-30 00:31:56,deployment,currencyservice,169,83,2,,,
2026-08-30 00:31:56,deployment,emailservice,19,40,1,,,
2026-08-30 00:31:56,deployment,frontend,259,26,3,,,
2026-08-30 00:31:56,http_p95_latency,frontend,,,,,,341.7
2026-08-30 00:31:56,deployment,paymentservice,7,31,1,,,
2026-08-30 00:31:56,deployment,productcatalogservice,153,17,2,,,
2026-08-30 00:31:56,deployment,recommendationservice,109,45,2,,,
2026-08-30 00:31:56,deployment,redis-cart,10,31,1,,,
2026-08-30 00:31:56,deployment,shippingservice,19,9,1,,,
2026-08-30 00:31:56,autoscaler,customdas-cpu-queue-autoscaler-adservice,6,60,1,,,
2026-08-30 00:31:56,autoscaler,customdas-cpu-queue-autoscaler-cartservice,5,60,1,,,
2026-08-30 00:31:56,autoscaler,customdas-cpu-queue-autoscaler-checkoutservice,4,60,1,,,
2026-08-30 00:31:56,autoscaler,customdas-cpu-queue-autoscaler-currencyservice,6,60,1,,,
2026-08-30 00:31:56,autoscaler,customdas-cpu-queue-autoscaler-emailservice,5,60,1,,,
2026-08-30 00:31:56,autoscaler,customdas-cpu-queue-autoscaler-frontend,4,60,1,,,
2026-08-30 00:31:56,autoscaler,customdas-cpu-queue-autoscaler-paymentservice,6,60,1,,,
2026-08-30 00:31:56,autoscaler,customdas-cpu-queue-autoscaler-productcatalogservice,4,60,1,,,
2026-08-30 00:31:56,autoscaler,customdas-cpu-queue-autoscaler-recommendationservice,3,60,1,,,
2026-08-30 00:31:56,autoscaler,customdas-cpu-queue-autoscaler-shippingservice,4,60,1,,,
2026-08-30 00:31:56,node,ze-master-node,1669,3922,,41.7,49.4,
2026-08-30 00:31:56,node,ze-worker-node,1443,1803,,36.1,22.7,
2026-08-30 00:32:03,deployment,adservice,21,94,1,,,
2026-08-30 00:32:03,deployment,cartservice,63,45,2,,,
2026-08-30 00:32:03,deployment,checkoutservice,15,12,1,,,
2026-08-30 00:32:03,deployment,currencyservice,169,83,2,,,
2026-08-30 00:32:03,deployment,emailservice,19,40,1,,,
2026-08-30 00:32:03,deployment,frontend,259,26,3,,,
2026-08-30 00:32:03,http_p95_latency,frontend,,,,,,427.2
2026-08-30 00:32:03,deployment,paymentservice,7,31,1,,,
2026-08-30 00:32:03,deployment,productcatalogservice,153,17,2,,,
2026-08-30 00:32:03,deployment,recommendationservice,109,45,2,,,
2026-08-30 00:32:03,deployment,redis-cart,12,31,1,,,
2026-08-30 00:32:03,deployment,shippingservice,24,9,1,,,
2026-08-30 00:32:03,autoscaler,customdas-cpu-queue-autoscaler-adservice,5,60,1,,,
2026-08-30 00:32:03,autoscaler,customdas-cpu-queue-autoscaler-cartservice,5,60,1,,,
2026-08-30 00:32:03,autoscaler,customdas-cpu-queue-autoscaler-checkoutservice,6,60,1,,,
2026-08-30 00:32:03,autoscaler,customdas-cpu-queue-autoscaler-currencyservice,4,60,1,,,
2026-08-30 00:32:03,autoscaler,customdas-cpu-queue-autoscaler-emailservice,3,60,1,,,
2026-08-30 00:32:03,autoscaler,customdas-cpu-queue-autoscaler-frontend,5,60,1,,,
2026-08-30 00:32:03,autoscaler,customdas-cpu-queue-autoscaler-paymentservice,7,60,1,,,
2026-08-30 00:32:03,autoscaler,customdas-cpu-queue-autoscaler-productcatalogservice,0,60,1,,,
2026-08-30 00:32:03,autoscaler,customdas-cpu-queue-autoscaler-recommendationservice,4,60,1,,,
2026-08-30 00:32:03,autoscaler,customdas-cpu-queue-autoscaler-shippingservice,4,60,1,,,
2026-08-30 00:32:03,node,ze-master-node,1915,3972,,47.9,50.0,
2026-08-30 00:32:03,node,ze-worker-node,1641,1815,,41.0,22.9,
2026-08-30 00:32:10,deployment,adservice,31,94,1,,,
2026-08-30 00:32:10,deployment,cartservice,275,59,2,,,
2026-08-30 00:32:10,deployment,checkoutservice,21,12,1,,,
2026-08-30 00:32:10,deployment,currencyservice,181,89,2,,,
2026-08-30 00:32:10,deployment,emailservice,19,40,1,,,
2026-08-30 00:32:10,deployment,frontend,338,34,3,,,
2026-08-30 00:32:10,http_p95_latency,frontend,,,,,,427.2
2026-08-30 00:32:10,deployment,paymentservice,11,31,1,,,
2026-08-30 00:32:10,deployment,productcatalogservice,158,17,2,,,
2026-08-30 00:32:10,deployment,recommendationservice,189,83,2,,,
2026-08-30 00:32:10,deployment,redis-cart,12,31,1,,,
2026-08-30 00:32:10,deployment,shippingservice,24,9,1,,,
2026-08-30 00:32:10,autoscaler,customdas-cpu-queue-autoscaler-adservice,5,60,1,,,
2026-08-30 00:32:10,autoscaler,customdas-cpu-queue-autoscaler-cartservice,5,60,1,,,
2026-08-30 00:32:10,autoscaler,customdas-cpu-queue-autoscaler-checkoutservice,6,60,1,,,
2026-08-30 00:32:10,autoscaler,customdas-cpu-queue-autoscaler-currencyservice,4,60,1,,,
2026-08-30 00:32:10,autoscaler,customdas-cpu-queue-autoscaler-emailservice,3,60,1,,,
2026-08-30 00:32:10,autoscaler,customdas-cpu-queue-autoscaler-frontend,5,60,1,,,
2026-08-30 00:32:10,autoscaler,customdas-cpu-queue-autoscaler-paymentservice,7,60,1,,,
2026-08-30 00:32:10,autoscaler,customdas-cpu-queue-autoscaler-productcatalogservice,0,60,1,,,
2026-08-30 00:32:10,autoscaler,customdas-cpu-queue-autoscaler-recommendationservice,4,60,1,,,
2026-08-30 00:32:10,autoscaler,customdas-cpu-queue-autoscaler-shippingservice,4,60,1,,,
2026-08-30 00:32:10,node,ze-master-node,1915,3972,,47.9,50.0,
2026-08-30 00:32:10,node,ze-worker-node,1641,1815,,41.0,22.9,
2026-08-30 00:32:19,deployment,adservice,26,94,1,,,
2026-08-30 00:32:19,deployment,cartservice,183,65,2,,,
2026-08-30 00:32:19,deployment,checkoutservice,22,12,2,,,
2026-08-30 00:32:19,deployment,currencyservice,205,88,2,,,
2026-08-30 00:32:19,deployment,emailservice,18,40,1,,,
2026-08-30 00:32:19,deployment,frontend,367,35,3,,,
2026-08-30 00:32:19,http_p95_latency,frontend,,,,,,401.6
2026-08-30 00:32:19,deployment,paymentservice,11,31,1,,,
2026-08-30 00:32:19,deployment,productcatalogservice,189,17,3,,,
2026-08-30 00:32:19,deployment,recommendationservice,156,83,2,,,
2026-08-30 00:32:19,deployment,redis-cart,12,31,1,,,
2026-08-30 00:32:19,deployment,shippingservice,22,9,1,,,
2026-08-30 00:32:19,autoscaler,customdas-cpu-queue-autoscaler-adservice,6,60,1,,,
2026-08-30 00:32:19,autoscaler,customdas-cpu-queue-autoscaler-cartservice,5,60,1,,,
2026-08-30 00:32:19,autoscaler,customdas-cpu-queue-autoscaler-checkoutservice,1,60,1,,,
2026-08-30 00:32:19,autoscaler,customdas-cpu-queue-autoscaler-currencyservice,4,60,1,,,
2026-08-30 00:32:19,autoscaler,customdas-cpu-queue-autoscaler-emailservice,4,60,1,,,
2026-08-30 00:32:19,autoscaler,customdas-cpu-queue-autoscaler-frontend,7,60,1,,,
2026-08-30 00:32:19,autoscaler,customdas-cpu-queue-autoscaler-paymentservice,6,60,1,,,
2026-08-30 00:32:19,autoscaler,customdas-cpu-queue-autoscaler-productcatalogservice,5,60,1,,,
2026-08-30 00:32:19,autoscaler,customdas-cpu-queue-autoscaler-recommendationservice,4,60,1,,,
2026-08-30 00:32:19,autoscaler,customdas-cpu-queue-autoscaler-shippingservice,0,60,1,,,
2026-08-30 00:32:19,node,ze-master-node,1959,3959,,49.0,49.9,
2026-08-30 00:32:19,node,ze-worker-node,1717,1844,,42.9,23.2,
2026-08-30 00:32:27,deployment,adservice,26,94,1,,,
2026-08-30 00:32:27,deployment,cartservice,183,65,2,,,
2026-08-30 00:32:27,deployment,checkoutservice,22,12,2,,,
2026-08-30 00:32:27,deployment,currencyservice,205,88,2,,,
2026-08-30 00:32:27,deployment,emailservice,18,40,1,,,
2026-08-30 00:32:27,deployment,frontend,367,35,3,,,
2026-08-30 00:32:27,http_p95_latency,frontend,,,,,,249.5
2026-08-30 00:32:27,deployment,paymentservice,11,31,1,,,
2026-08-30 00:32:27,deployment,productcatalogservice,189,17,3,,,
2026-08-30 00:32:27,deployment,recommendationservice,156,83,2,,,
2026-08-30 00:32:27,deployment,redis-cart,12,31,1,,,
2026-08-30 00:32:27,deployment,shippingservice,22,9,1,,,
2026-08-30 00:32:27,autoscaler,customdas-cpu-queue-autoscaler-adservice,6,60,1,,,
2026-08-30 00:32:27,autoscaler,customdas-cpu-queue-autoscaler-cartservice,5,60,1,,,
2026-08-30 00:32:27,autoscaler,customdas-cpu-queue-autoscaler-checkoutservice,1,60,1,,,
2026-08-30 00:32:27,autoscaler,customdas-cpu-queue-autoscaler-currencyservice,4,60,1,,,
2026-08-30 00:32:27,autoscaler,customdas-cpu-queue-autoscaler-emailservice,4,60,1,,,
2026-08-30 00:32:27,autoscaler,customdas-cpu-queue-autoscaler-frontend,7,60,1,,,
2026-08-30 00:32:27,autoscaler,customdas-cpu-queue-autoscaler-paymentservice,6,60,1,,,
2026-08-30 00:32:27,autoscaler,customdas-cpu-queue-autoscaler-productcatalogservice,5,60,1,,,
2026-08-30 00:32:27,autoscaler,customdas-cpu-queue-autoscaler-recommendationservice,4,60,1,,,
2026-08-30 00:32:27,autoscaler,customdas-cpu-queue-autoscaler-shippingservice,0,60,1,,,
2026-08-30 00:32:27,node,ze-master-node,1959,3959,,49.0,49.9,
2026-08-30 00:32:27,node,ze-worker-node,1717,1844,,42.9,23.2,
2026-08-30 00:32:36,deployment,adservice,26,94,1,,,
2026-08-30 00:32:36,deployment,cartservice,198,74,2,,,
2026-08-30 00:32:36,deployment,checkoutservice,33,20,2,,,
2026-08-30 00:32:36,deployment,currencyservice,177,73,2,,,
2026-08-30 00:32:36,deployment,emailservice,21,40,1,,,
2026-08-30 00:32:36,deployment,frontend,319,36,3,,,
2026-08-30 00:32:36,http_p95_latency,frontend,,,,,,249.5
2026-08-30 00:32:36,deployment,paymentservice,11,31,1,,,
2026-08-30 00:32:36,deployment,productcatalogservice,207,24,3,,,
2026-08-30 00:32:36,deployment,recommendationservice,124,84,2,,,
2026-08-30 00:32:36,deployment,redis-cart,12,32,1,,,
2026-08-30 00:32:36,deployment,shippingservice,22,9,1,,,
2026-08-30 00:32:36,autoscaler,customdas-cpu-queue-autoscaler-adservice,0,60,1,,,
2026-08-30 00:32:36,autoscaler,customdas-cpu-queue-autoscaler-cartservice,4,60,1,,,
2026-08-30 00:32:36,autoscaler,customdas-cpu-queue-autoscaler-checkoutservice,3,60,1,,,
2026-08-30 00:32:36,autoscaler,customdas-cpu-queue-autoscaler-currencyservice,5,60,1,,,
2026-08-30 00:32:36,autoscaler,customdas-cpu-queue-autoscaler-emailservice,0,60,1,,,
2026-08-30 00:32:36,autoscaler,customdas-cpu-queue-autoscaler-frontend,3,60,1,,,
2026-08-30 00:32:36,autoscaler,customdas-cpu-queue-autoscaler-paymentservice,4,60,1,,,
2026-08-30 00:32:36,autoscaler,customdas-cpu-queue-autoscaler-productcatalogservice,3,60,1,,,
2026-08-30 00:32:36,autoscaler,customdas-cpu-queue-autoscaler-recommendationservice,5,60,1,,,
2026-08-30 00:32:36,autoscaler,customdas-cpu-queue-autoscaler-shippingservice,3,60,1,,,
2026-08-30 00:32:36,node,ze-master-node,1874,3993,,46.9,50.3,
2026-08-30 00:32:36,node,ze-worker-node,1685,1851,,42.1,23.3,
2026-08-30 00:32:45,deployment,adservice,26,94,1,,,
2026-08-30 00:32:45,deployment,cartservice,198,74,2,,,
2026-08-30 00:32:45,deployment,checkoutservice,33,20,2,,,
2026-08-30 00:32:45,deployment,currencyservice,177,73,2,,,
2026-08-30 00:32:45,deployment,emailservice,21,40,1,,,
2026-08-30 00:32:45,deployment,frontend,319,36,3,,,
2026-08-30 00:32:45,http_p95_latency,frontend,,,,,,234.7
2026-08-30 00:32:45,deployment,paymentservice,11,31,1,,,
2026-08-30 00:32:45,deployment,productcatalogservice,207,24,3,,,
2026-08-30 00:32:45,deployment,recommendationservice,124,84,2,,,
2026-08-30 00:32:45,deployment,redis-cart,12,32,1,,,
2026-08-30 00:32:45,deployment,shippingservice,22,9,1,,,
2026-08-30 00:32:45,autoscaler,customdas-cpu-queue-autoscaler-adservice,0,60,1,,,
2026-08-30 00:32:45,autoscaler,customdas-cpu-queue-autoscaler-cartservice,4,60,1,,,
2026-08-30 00:32:45,autoscaler,customdas-cpu-queue-autoscaler-checkoutservice,3,60,1,,,
2026-08-30 00:32:45,autoscaler,customdas-cpu-queue-autoscaler-currencyservice,5,60,1,,,
2026-08-30 00:32:45,autoscaler,customdas-cpu-queue-autoscaler-emailservice,0,60,1,,,
2026-08-30 00:32:45,autoscaler,customdas-cpu-queue-autoscaler-frontend,3,60,1,,,
2026-08-30 00:32:45,autoscaler,customdas-cpu-queue-autoscaler-paymentservice,4,60,1,,,
2026-08-30 00:32:45,autoscaler,customdas-cpu-queue-autoscaler-productcatalogservice,3,60,1,,,
2026-08-30 00:32:45,autoscaler,customdas-cpu-queue-autoscaler-recommendationservice,5,60,1,,,
2026-08-30 00:32:45,autoscaler,customdas-cpu-queue-autoscaler-shippingservice,3,60,1,,,
2026-08-30 00:32:45,node,ze-master-node,1874,3993,,46.9,50.3,
2026-08-30 00:32:45,node,ze-worker-node,1685,1851,,42.1,23.3,
2026-08-30 00:32:53,deployment,adservice,28,94,1,,,
2026-08-30 00:32:53,deployment,cartservice,193,74,2,,,
2026-08-30 00:32:53,deployment,checkoutservice,33,20,2,,,
2026-08-30 00:32:53,deployment,currencyservice,186,77,2,,,
2026-08-30 00:32:53,deployment,emailservice,17,40,1,,,
2026-08-30 00:32:53,deployment,frontend,350,36,3,,,
2026-08-30 00:32:53,http_p95_latency,frontend,,,,,,234.7
2026-08-30 00:32:53,deployment,paymentservice,10,31,1,,,
2026-08-30 00:32:53,deployment,productcatalogservice,199,25,3,,,
2026-08-30 00:32:53,deployment,recommendationservice,138,84,2,,,
2026-08-30 00:32:53,deployment,redis-cart,12,31,1,,,
2026-08-30 00:32:53,deployment,shippingservice,22,9,1,,,
2026-08-30 00:32:53,autoscaler,customdas-cpu-queue-autoscaler-adservice,7,60,1,,,
2026-08-30 00:32:53,autoscaler,customdas-cpu-queue-autoscaler-cartservice,5,60,1,,,
2026-08-30 00:32:53,autoscaler,customdas-cpu-queue-autoscaler-checkoutservice,6,60,1,,,
2026-08-30 00:32:53,autoscaler,customdas-cpu-queue-autoscaler-currencyservice,4,60,1,,,
2026-08-30 00:32:53,autoscaler,customdas-cpu-queue-autoscaler-emailservice,9,60,1,,,
2026-08-30 00:32:53,autoscaler,customdas-cpu-queue-autoscaler-frontend,8,60,1,,,
2026-08-30 00:32:53,autoscaler,customdas-cpu-queue-autoscaler-paymentservice,4,60,1,,,
2026-08-30 00:32:53,autoscaler,customdas-cpu-queue-autoscaler-productcatalogservice,7,60,1,,,
2026-08-30 00:32:53,autoscaler,customdas-cpu-queue-autoscaler-recommendationservice,4,60,1,,,
2026-08-30 00:32:53,autoscaler,customdas-cpu-queue-autoscaler-shippingservice,3,60,1,,,
2026-08-30 00:32:53,node,ze-master-node,1820,3992,,45.5,50.3,
2026-08-30 00:32:53,node,ze-worker-node,1816,1843,,45.4,23.2,
2026-08-30 00:33:02,deployment,adservice,28,94,1,,,
2026-08-30 00:33:02,deployment,cartservice,193,74,2,,,
2026-08-30 00:33:02,deployment,checkoutservice,33,20,2,,,
2026-08-30 00:33:02,deployment,currencyservice,186,77,2,,,
2026-08-30 00:33:02,deployment,emailservice,17,40,1,,,
2026-08-30 00:33:02,deployment,frontend,350,36,4,,,
2026-08-30 00:33:02,http_p95_latency,frontend,,,,,,238.4
2026-08-30 00:33:02,deployment,paymentservice,10,31,1,,,
2026-08-30 00:33:02,deployment,productcatalogservice,199,25,3,,,
2026-08-30 00:33:02,deployment,recommendationservice,138,84,2,,,
2026-08-30 00:33:02,deployment,redis-cart,12,31,1,,,
2026-08-30 00:33:02,deployment,shippingservice,22,9,1,,,
2026-08-30 00:33:02,autoscaler,customdas-cpu-queue-autoscaler-adservice,7,60,1,,,
2026-08-30 00:33:02,autoscaler,customdas-cpu-queue-autoscaler-cartservice,5,60,1,,,
2026-08-30 00:33:02,autoscaler,customdas-cpu-queue-autoscaler-checkoutservice,6,60,1,,,
2026-08-30 00:33:02,autoscaler,customdas-cpu-queue-autoscaler-currencyservice,4,60,1,,,
2026-08-30 00:33:02,autoscaler,customdas-cpu-queue-autoscaler-emailservice,9,60,1,,,
2026-08-30 00:33:02,autoscaler,customdas-cpu-queue-autoscaler-frontend,8,60,1,,,
2026-08-30 00:33:02,autoscaler,customdas-cpu-queue-autoscaler-paymentservice,4,60,1,,,
2026-08-30 00:33:02,autoscaler,customdas-cpu-queue-autoscaler-productcatalogservice,7,60,1,,,
2026-08-30 00:33:02,autoscaler,customdas-cpu-queue-autoscaler-recommendationservice,4,60,1,,,
2026-08-30 00:33:02,autoscaler,customdas-cpu-queue-autoscaler-shippingservice,3,60,1,,,
2026-08-30 00:33:02,node,ze-master-node,1820,3992,,45.5,50.3,
2026-08-30 00:33:02,node,ze-worker-node,1816,1843,,45.4,23.2,
2026-08-30 00:33:09,deployment,adservice,33,94,1,,,
2026-08-30 00:33:09,deployment,cartservice,230,77,2,,,
2026-08-30 00:33:09,deployment,checkoutservice,29,21,2,,,
2026-08-30 00:33:09,deployment,currencyservice,197,79,2,,,
2026-08-30 00:33:09,deployment,emailservice,18,40,1,,,
2026-08-30 00:33:09,deployment,frontend,387,37,4,,,
2026-08-30 00:33:09,http_p95_latency,frontend,,,,,,238.4
2026-08-30 00:33:09,deployment,paymentservice,10,31,1,,,
2026-08-30 00:33:09,deployment,productcatalogservice,212,27,3,,,
2026-08-30 00:33:09,deployment,recommendationservice,152,84,2,,,
2026-08-30 00:33:09,deployment,redis-cart,14,31,1,,,
2026-08-30 00:33:09,deployment,shippingservice,21,9,1,,,
2026-08-30 00:33:09,autoscaler,customdas-cpu-queue-autoscaler-adservice,6,60,1,,,
2026-08-30 00:33:09,autoscaler,customdas-cpu-queue-autoscaler-cartservice,0,60,1,,,
2026-08-30 00:33:09,autoscaler,customdas-cpu-queue-autoscaler-checkoutservice,5,60,1,,,
2026-08-30 00:33:09,autoscaler,customdas-cpu-queue-autoscaler-currencyservice,2,60,1,,,
2026-08-30 00:33:09,autoscaler,customdas-cpu-queue-autoscaler-emailservice,3,60,1,,,
2026-08-30 00:33:09,autoscaler,customdas-cpu-queue-autoscaler-frontend,2,60,1,,,
2026-08-30 00:33:09,autoscaler,customdas-cpu-queue-autoscaler-paymentservice,3,60,1,,,
2026-08-30 00:33:09,autoscaler,customdas-cpu-queue-autoscaler-productcatalogservice,7,60,1,,,
2026-08-30 00:33:09,autoscaler,customdas-cpu-queue-autoscaler-recommendationservice,4,60,1,,,
2026-08-30 00:33:09,autoscaler,customdas-cpu-queue-autoscaler-shippingservice,4,60,1,,,
2026-08-30 00:33:09,node,ze-master-node,1962,4029,,49.0,50.7,
2026-08-30 00:33:09,node,ze-worker-node,1920,1847,,48.0,23.3,
2026-08-30 00:33:17,deployment,adservice,33,94,1,,,
2026-08-30 00:33:17,deployment,cartservice,230,77,2,,,
2026-08-30 00:33:17,deployment,checkoutservice,29,21,2,,,
2026-08-30 00:33:17,deployment,currencyservice,197,79,2,,,
2026-08-30 00:33:17,deployment,emailservice,18,40,1,,,
2026-08-30 00:33:17,deployment,frontend,387,37,4,,,
2026-08-30 00:33:17,http_p95_latency,frontend,,,,,,224.8
2026-08-30 00:33:17,deployment,paymentservice,9,30,1,,,
2026-08-30 00:33:17,deployment,productcatalogservice,220,25,3,,,
2026-08-30 00:33:17,deployment,recommendationservice,152,84,2,,,
2026-08-30 00:33:17,deployment,redis-cart,13,31,1,,,
2026-08-30 00:33:17,deployment,shippingservice,22,9,1,,,
2026-08-30 00:33:17,autoscaler,customdas-cpu-queue-autoscaler-adservice,6,60,1,,,
2026-08-30 00:33:17,autoscaler,customdas-cpu-queue-autoscaler-cartservice,4,60,1,,,
2026-08-30 00:33:17,autoscaler,customdas-cpu-queue-autoscaler-checkoutservice,4,60,1,,,
2026-08-30 00:33:17,autoscaler,customdas-cpu-queue-autoscaler-currencyservice,5,60,1,,,
2026-08-30 00:33:17,autoscaler,customdas-cpu-queue-autoscaler-emailservice,5,60,1,,,
2026-08-30 00:33:17,autoscaler,customdas-cpu-queue-autoscaler-frontend,8,60,1,,,
2026-08-30 00:33:17,autoscaler,customdas-cpu-queue-autoscaler-paymentservice,4,60,1,,,
2026-08-30 00:33:17,autoscaler,customdas-cpu-queue-autoscaler-productcatalogservice,5,60,1,,,
2026-08-30 00:33:17,autoscaler,customdas-cpu-queue-autoscaler-recommendationservice,3,60,1,,,
2026-08-30 00:33:17,autoscaler,customdas-cpu-queue-autoscaler-shippingservice,4,60,1,,,
2026-08-30 00:33:17,node,ze-master-node,1819,4012,,45.5,50.5,
2026-08-30 00:33:17,node,ze-worker-node,1813,1843,,45.3,23.2,
2026-08-30 00:33:26,deployment,adservice,31,94,1,,,
2026-08-30 00:33:26,deployment,cartservice,128,79,2,,,
2026-08-30 00:33:26,deployment,checkoutservice,33,21,2,,,
2026-08-30 00:33:26,deployment,currencyservice,199,81,2,,,
2026-08-30 00:33:26,deployment,emailservice,18,40,1,,,
2026-08-30 00:33:26,deployment,frontend,432,46,4,,,
2026-08-30 00:33:26,http_p95_latency,frontend,,,,,,224.8
2026-08-30 00:33:26,deployment,paymentservice,9,30,1,,,
2026-08-30 00:33:26,deployment,productcatalogservice,220,25,3,,,
2026-08-30 00:33:26,deployment,recommendationservice,152,84,2,,,
2026-08-30 00:33:26,deployment,redis-cart,13,31,1,,,
2026-08-30 00:33:26,deployment,shippingservice,22,9,1,,,
2026-08-30 00:33:26,autoscaler,customdas-cpu-queue-autoscaler-adservice,6,60,1,,,
2026-08-30 00:33:26,autoscaler,customdas-cpu-queue-autoscaler-cartservice,4,60,1,,,
2026-08-30 00:33:26,autoscaler,customdas-cpu-queue-autoscaler-checkoutservice,4,60,1,,,
2026-08-30 00:33:26,autoscaler,customdas-cpu-queue-autoscaler-currencyservice,5,60,1,,,
2026-08-30 00:33:26,autoscaler,customdas-cpu-queue-autoscaler-emailservice,5,60,1,,,
2026-08-30 00:33:26,autoscaler,customdas-cpu-queue-autoscaler-frontend,8,60,1,,,
2026-08-30 00:33:26,autoscaler,customdas-cpu-queue-autoscaler-paymentservice,4,60,1,,,
2026-08-30 00:33:26,autoscaler,customdas-cpu-queue-autoscaler-productcatalogservice,5,60,1,,,
2026-08-30 00:33:26,autoscaler,customdas-cpu-queue-autoscaler-recommendationservice,3,60,1,,,
2026-08-30 00:33:26,autoscaler,customdas-cpu-queue-autoscaler-shippingservice,4,60,1,,,
2026-08-30 00:33:26,node,ze-master-node,1819,4012,,45.5,50.5,
2026-08-30 00:33:26,node,ze-worker-node,1813,1843,,45.3,23.2,
2026-08-30 00:33:33,deployment,adservice,31,94,1,,,
2026-08-30 00:33:33,deployment,cartservice,128,79,2,,,
2026-08-30 00:33:33,deployment,checkoutservice,33,21,2,,,
2026-08-30 00:33:33,deployment,currencyservice,199,81,2,,,
2026-08-30 00:33:33,deployment,emailservice,18,40,1,,,
2026-08-30 00:33:33,deployment,frontend,432,46,4,,,
2026-08-30 00:33:33,http_p95_latency,frontend,,,,,,211.4
2026-08-30 00:33:33,deployment,paymentservice,9,30,1,,,
2026-08-30 00:33:33,deployment,productcatalogservice,220,25,3,,,
2026-08-30 00:33:33,deployment,recommendationservice,152,84,2,,,
2026-08-30 00:33:33,deployment,redis-cart,13,31,1,,,
2026-08-30 00:33:33,deployment,shippingservice,22,9,1,,,
2026-08-30 00:33:33,autoscaler,customdas-cpu-queue-autoscaler-adservice,6,60,1,,,
2026-08-30 00:33:33,autoscaler,customdas-cpu-queue-autoscaler-cartservice,5,60,1,,,
2026-08-30 00:33:33,autoscaler,customdas-cpu-queue-autoscaler-checkoutservice,0,60,1,,,
2026-08-30 00:33:33,autoscaler,customdas-cpu-queue-autoscaler-currencyservice,4,60,1,,,
2026-08-30 00:33:33,autoscaler,customdas-cpu-queue-autoscaler-emailservice,3,60,1,,,
2026-08-30 00:33:33,autoscaler,customdas-cpu-queue-autoscaler-frontend,2,60,1,,,
2026-08-30 00:33:33,autoscaler,customdas-cpu-queue-autoscaler-paymentservice,5,60,1,,,
2026-08-30 00:33:33,autoscaler,customdas-cpu-queue-autoscaler-productcatalogservice,6,60,1,,,
2026-08-30 00:33:33,autoscaler,customdas-cpu-queue-autoscaler-recommendationservice,5,60,1,,,
2026-08-30 00:33:33,autoscaler,customdas-cpu-queue-autoscaler-shippingservice,3,60,1,,,
2026-08-30 00:33:33,node,ze-master-node,1907,4027,,47.7,50.7,
2026-08-30 00:33:33,node,ze-worker-node,1664,1842,,41.6,23.2,
2026-08-30 00:33:40,deployment,adservice,34,94,1,,,
2026-08-30 00:33:40,deployment,cartservice,113,78,2,,,
2026-08-30 00:33:40,deployment,checkoutservice,26,21,2,,,
2026-08-30 00:33:40,deployment,currencyservice,202,82,2,,,
2026-08-30 00:33:40,deployment,emailservice,15,40,1,,,
2026-08-30 00:33:40,deployment,frontend,411,48,4,,,
2026-08-30 00:33:40,http_p95_latency,frontend,,,,,,211.4
2026-08-30 00:33:40,deployment,paymentservice,8,30,1,,,
2026-08-30 00:33:40,deployment,productcatalogservice,210,25,3,,,
2026-08-30 00:33:40,deployment,recommendationservice,149,84,2,,,
2026-08-30 00:33:40,deployment,redis-cart,13,31,1,,,
2026-08-30 00:33:40,deployment,shippingservice,22,9,1,,,
2026-08-30 00:33:40,autoscaler,customdas-cpu-queue-autoscaler-adservice,6,60,1,,,
2026-08-30 00:33:40,autoscaler,customdas-cpu-queue-autoscaler-cartservice,5,60,1,,,
2026-08-30 00:33:40,autoscaler,customdas-cpu-queue-autoscaler-checkoutservice,0,60,1,,,
2026-08-30 00:33:40,autoscaler,customdas-cpu-queue-autoscaler-currencyservice,4,60,1,,,
2026-08-30 00:33:40,autoscaler,customdas-cpu-queue-autoscaler-emailservice,3,60,1,,,
2026-08-30 00:33:40,autoscaler,customdas-cpu-queue-autoscaler-frontend,2,60,1,,,
2026-08-30 00:33:40,autoscaler,customdas-cpu-queue-autoscaler-paymentservice,5,60,1,,,
2026-08-30 00:33:40,autoscaler,customdas-cpu-queue-autoscaler-productcatalogservice,6,60,1,,,
2026-08-30 00:33:40,autoscaler,customdas-cpu-queue-autoscaler-recommendationservice,5,60,1,,,
2026-08-30 00:33:40,autoscaler,customdas-cpu-queue-autoscaler-shippingservice,3,60,1,,,
2026-08-30 00:33:40,node,ze-master-node,1907,4027,,47.7,50.7,
2026-08-30 00:33:40,node,ze-worker-node,1664,1842,,41.6,23.2,
2026-08-30 00:33:47,deployment,adservice,34,94,1,,,
2026-08-30 00:33:47,deployment,cartservice,113,78,2,,,
2026-08-30 00:33:47,deployment,checkoutservice,26,21,2,,,
2026-08-30 00:33:47,deployment,currencyservice,202,82,2,,,
2026-08-30 00:33:47,deployment,emailservice,15,40,1,,,
2026-08-30 00:33:47,deployment,frontend,411,48,4,,,
2026-08-30 00:33:47,http_p95_latency,frontend,,,,,,196.6
2026-08-30 00:33:47,deployment,paymentservice,8,30,1,,,
2026-08-30 00:33:47,deployment,productcatalogservice,210,25,3,,,
2026-08-30 00:33:47,deployment,recommendationservice,149,84,2,,,
2026-08-30 00:33:47,deployment,redis-cart,13,31,1,,,
2026-08-30 00:33:47,deployment,shippingservice,22,9,1,,,
2026-08-30 00:33:47,autoscaler,customdas-cpu-queue-autoscaler-adservice,6,60,1,,,
2026-08-30 00:33:47,autoscaler,customdas-cpu-queue-autoscaler-cartservice,5,60,1,,,
2026-08-30 00:33:47,autoscaler,customdas-cpu-queue-autoscaler-checkoutservice,0,60,1,,,
2026-08-30 00:33:47,autoscaler,customdas-cpu-queue-autoscaler-currencyservice,4,60,1,,,
2026-08-30 00:33:47,autoscaler,customdas-cpu-queue-autoscaler-emailservice,3,60,1,,,
2026-08-30 00:33:47,autoscaler,customdas-cpu-queue-autoscaler-frontend,2,60,1,,,
2026-08-30 00:33:47,autoscaler,customdas-cpu-queue-autoscaler-paymentservice,5,60,1,,,
2026-08-30 00:33:47,autoscaler,customdas-cpu-queue-autoscaler-productcatalogservice,0,60,1,,,
2026-08-30 00:33:47,autoscaler,customdas-cpu-queue-autoscaler-recommendationservice,3,60,1,,,
2026-08-30 00:33:47,autoscaler,customdas-cpu-queue-autoscaler-shippingservice,4,60,1,,,
2026-08-30 00:33:47,node,ze-master-node,1862,4019,,46.6,50.6,
2026-08-30 00:33:47,node,ze-worker-node,1704,1845,,42.6,23.2,
2026-08-30 00:33:55,deployment,adservice,35,94,1,,,
2026-08-30 00:33:55,deployment,cartservice,119,79,2,,,
2026-08-30 00:33:55,deployment,checkoutservice,32,21,2,,,
2026-08-30 00:33:55,deployment,currencyservice,216,77,2,,,
2026-08-30 00:33:55,deployment,emailservice,17,40,1,,,
2026-08-30 00:33:55,deployment,frontend,391,47,4,,,
2026-08-30 00:33:55,http_p95_latency,frontend,,,,,,196.6
2026-08-30 00:33:55,deployment,paymentservice,8,30,1,,,
2026-08-30 00:33:55,deployment,productcatalogservice,209,25,3,,,
2026-08-30 00:33:55,deployment,recommendationservice,147,84,2,,,
2026-08-30 00:33:55,deployment,redis-cart,14,31,1,,,
2026-08-30 00:33:55,deployment,shippingservice,21,9,1,,,
2026-08-30 00:33:55,autoscaler,customdas-cpu-queue-autoscaler-adservice,6,60,1,,,
2026-08-30 00:33:55,autoscaler,customdas-cpu-queue-autoscaler-cartservice,4,60,1,,,
2026-08-30 00:33:55,autoscaler,customdas-cpu-queue-autoscaler-checkoutservice,4,60,1,,,
2026-08-30 00:33:55,autoscaler,customdas-cpu-queue-autoscaler-currencyservice,5,60,1,,,
2026-08-30 00:33:55,autoscaler,customdas-cpu-queue-autoscaler-emailservice,3,60,1,,,
2026-08-30 00:33:55,autoscaler,customdas-cpu-queue-autoscaler-frontend,5,60,1,,,
2026-08-30 00:33:55,autoscaler,customdas-cpu-queue-autoscaler-paymentservice,6,60,1,,,
2026-08-30 00:33:55,autoscaler,customdas-cpu-queue-autoscaler-productcatalogservice,0,60,1,,,
2026-08-30 00:33:55,autoscaler,customdas-cpu-queue-autoscaler-recommendationservice,3,60,1,,,
2026-08-30 00:33:55,autoscaler,customdas-cpu-queue-autoscaler-shippingservice,4,60,1,,,
2026-08-30 00:33:55,node,ze-master-node,1862,4019,,46.6,50.6,
2026-08-30 00:33:55,node,ze-worker-node,1704,1845,,42.6,23.2,
2026-08-30 00:34:03,deployment,adservice,35,94,1,,,
2026-08-30 00:34:03,deployment,cartservice,119,79,2,,,
2026-08-30 00:34:03,deployment,checkoutservice,32,21,2,,,
2026-08-30 00:34:03,deployment,currencyservice,216,77,2,,,
2026-08-30 00:34:03,deployment,emailservice,17,40,1,,,
2026-08-30 00:34:03,deployment,frontend,391,47,4,,,
2026-08-30 00:34:03,http_p95_latency,frontend,,,,,,209.2
2026-08-30 00:34:03,deployment,paymentservice,8,30,1,,,
2026-08-30 00:34:03,deployment,productcatalogservice,209,25,3,,,
2026-08-30 00:34:03,deployment,recommendationservice,147,84,2,,,
2026-08-30 00:34:03,deployment,redis-cart,14,31,1,,,
2026-08-30 00:34:03,deployment,shippingservice,21,9,1,,,
2026-08-30 00:34:03,autoscaler,customdas-cpu-queue-autoscaler-adservice,7,60,1,,,
2026-08-30 00:34:03,autoscaler,customdas-cpu-queue-autoscaler-cartservice,3,60,1,,,
2026-08-30 00:34:03,autoscaler,customdas-cpu-queue-autoscaler-checkoutservice,5,60,1,,,
2026-08-30 00:34:03,autoscaler,customdas-cpu-queue-autoscaler-currencyservice,7,60,1,,,
2026-08-30 00:34:03,autoscaler,customdas-cpu-queue-autoscaler-emailservice,5,60,1,,,
2026-08-30 00:34:03,autoscaler,customdas-cpu-queue-autoscaler-frontend,6,60,1,,,
2026-08-30 00:34:03,autoscaler,customdas-cpu-queue-autoscaler-paymentservice,7,60,1,,,
2026-08-30 00:34:03,autoscaler,customdas-cpu-queue-autoscaler-productcatalogservice,6,60,1,,,
2026-08-30 00:34:03,autoscaler,customdas-cpu-queue-autoscaler-recommendationservice,3,60,1,,,
2026-08-30 00:34:03,autoscaler,customdas-cpu-queue-autoscaler-shippingservice,4,60,1,,,
2026-08-30 00:34:03,node,ze-master-node,2120,4029,,53.0,50.7,
2026-08-30 00:34:03,node,ze-worker-node,1814,1839,,45.4,23.2,
2026-08-30 00:34:10,deployment,adservice,37,94,1,,,
2026-08-30 00:34:10,deployment,cartservice,127,79,2,,,
2026-08-30 00:34:10,deployment,checkoutservice,27,21,2,,,
2026-08-30 00:34:10,deployment,currencyservice,213,77,2,,,
2026-08-30 00:34:10,deployment,emailservice,20,40,1,,,
2026-08-30 00:34:10,deployment,frontend,438,48,4,,,
2026-08-30 00:34:10,http_p95_latency,frontend,,,,,,209.2
2026-08-30 00:34:10,deployment,paymentservice,10,30,1,,,
2026-08-30 00:34:10,deployment,productcatalogservice,237,25,3,,,
2026-08-30 00:34:10,deployment,recommendationservice,158,84,2,,,
2026-08-30 00:34:10,deployment,redis-cart,14,31,1,,,
2026-08-30 00:34:10,deployment,shippingservice,21,9,1,,,
2026-08-30 00:34:10,autoscaler,customdas-cpu-queue-autoscaler-adservice,7,60,1,,,
2026-08-30 00:34:10,autoscaler,customdas-cpu-queue-autoscaler-cartservice,3,60,1,,,
2026-08-30 00:34:10,autoscaler,customdas-cpu-queue-autoscaler-checkoutservice,5,60,1,,,
2026-08-30 00:34:10,autoscaler,customdas-cpu-queue-autoscaler-currencyservice,7,60,1,,,
2026-08-30 00:34:10,autoscaler,customdas-cpu-queue-autoscaler-emailservice,5,60,1,,,
2026-08-30 00:34:10,autoscaler,customdas-cpu-queue-autoscaler-frontend,6,60,1,,,
2026-08-30 00:34:10,autoscaler,customdas-cpu-queue-autoscaler-paymentservice,7,60,1,,,
2026-08-30 00:34:10,autoscaler,customdas-cpu-queue-autoscaler-productcatalogservice,6,60,1,,,
2026-08-30 00:34:10,autoscaler,customdas-cpu-queue-autoscaler-recommendationservice,3,60,1,,,
2026-08-30 00:34:10,autoscaler,customdas-cpu-queue-autoscaler-shippingservice,4,60,1,,,
2026-08-30 00:34:10,node,ze-master-node,2120,4029,,53.0,50.7,
2026-08-30 00:34:10,node,ze-worker-node,1814,1839,,45.4,23.2,
2026-08-30 00:34:17,deployment,adservice,37,94,1,,,
2026-08-30 00:34:17,deployment,cartservice,127,79,2,,,
2026-08-30 00:34:17,deployment,checkoutservice,27,21,2,,,
2026-08-30 00:34:17,deployment,currencyservice,213,77,2,,,
2026-08-30 00:34:17,deployment,emailservice,20,40,1,,,
2026-08-30 00:34:17,deployment,frontend,438,48,4,,,
2026-08-30 00:34:17,http_p95_latency,frontend,,,,,,213.3
2026-08-30 00:34:17,deployment,paymentservice,10,30,1,,,
2026-08-30 00:34:17,deployment,productcatalogservice,237,25,3,,,
2026-08-30 00:34:17,deployment,recommendationservice,158,84,2,,,
2026-08-30 00:34:17,deployment,redis-cart,14,31,1,,,
2026-08-30 00:34:17,deployment,shippingservice,21,9,1,,,
2026-08-30 00:34:17,autoscaler,customdas-cpu-queue-autoscaler-adservice,7,60,1,,,
2026-08-30 00:34:17,autoscaler,customdas-cpu-queue-autoscaler-cartservice,3,60,1,,,
2026-08-30 00:34:17,autoscaler,customdas-cpu-queue-autoscaler-checkoutservice,5,60,1,,,
2026-08-30 00:34:17,autoscaler,customdas-cpu-queue-autoscaler-currencyservice,7,60,1,,,
2026-08-30 00:34:17,autoscaler,customdas-cpu-queue-autoscaler-emailservice,5,60,1,,,
2026-08-30 00:34:17,autoscaler,customdas-cpu-queue-autoscaler-frontend,6,60,1,,,
2026-08-30 00:34:17,autoscaler,customdas-cpu-queue-autoscaler-paymentservice,7,60,1,,,
2026-08-30 00:34:17,autoscaler,customdas-cpu-queue-autoscaler-productcatalogservice,5,60,1,,,
2026-08-30 00:34:17,autoscaler,customdas-cpu-queue-autoscaler-recommendationservice,7,60,1,,,
2026-08-30 00:34:17,autoscaler,customdas-cpu-queue-autoscaler-shippingservice,4,60,1,,,
2026-08-30 00:34:17,node,ze-master-node,2010,4024,,50.2,50.7,
2026-08-30 00:34:17,node,ze-worker-node,1854,1839,,46.4,23.2,
2026-08-30 00:34:25,deployment,adservice,35,94,1,,,
2026-08-30 00:34:25,deployment,cartservice,128,80,2,,,
2026-08-30 00:34:25,deployment,checkoutservice,32,22,2,,,
2026-08-30 00:34:25,deployment,currencyservice,227,83,2,,,
2026-08-30 00:34:25,deployment,emailservice,16,42,1,,,
2026-08-30 00:34:25,deployment,frontend,440,48,4,,,
2026-08-30 00:34:25,http_p95_latency,frontend,,,,,,215.9
2026-08-30 00:34:25,deployment,paymentservice,7,30,1,,,
2026-08-30 00:34:25,deployment,productcatalogservice,231,25,3,,,
2026-08-30 00:34:25,deployment,recommendationservice,158,84,2,,,
2026-08-30 00:34:25,deployment,redis-cart,51,31,1,,,
2026-08-30 00:34:25,deployment,shippingservice,21,9,1,,,
2026-08-30 00:34:25,autoscaler,customdas-cpu-queue-autoscaler-adservice,7,60,1,,,
2026-08-30 00:34:25,autoscaler,customdas-cpu-queue-autoscaler-cartservice,5,60,1,,,
2026-08-30 00:34:25,autoscaler,customdas-cpu-queue-autoscaler-checkoutservice,5,60,1,,,
2026-08-30 00:34:25,autoscaler,customdas-cpu-queue-autoscaler-currencyservice,7,60,1,,,
2026-08-30 00:34:25,autoscaler,customdas-cpu-queue-autoscaler-emailservice,0,60,1,,,
2026-08-30 00:34:25,autoscaler,customdas-cpu-queue-autoscaler-frontend,8,60,1,,,
2026-08-30 00:34:25,autoscaler,customdas-cpu-queue-autoscaler-paymentservice,0,60,1,,,
2026-08-30 00:34:25,autoscaler,customdas-cpu-queue-autoscaler-productcatalogservice,5,60,1,,,
2026-08-30 00:34:25,autoscaler,customdas-cpu-queue-autoscaler-recommendationservice,7,60,1,,,
2026-08-30 00:34:25,autoscaler,customdas-cpu-queue-autoscaler-shippingservice,4,60,1,,,
2026-08-30 00:34:25,node,ze-master-node,2010,4024,,50.2,50.7,
2026-08-30 00:34:25,node,ze-worker-node,1854,1839,,46.4,23.2,
2026-08-30 00:34:34,deployment,adservice,35,94,1,,,
2026-08-30 00:34:34,deployment,cartservice,128,80,2,,,
2026-08-30 00:34:34,deployment,checkoutservice,35,21,2,,,
2026-08-30 00:34:34,deployment,currencyservice,223,81,2,,,
2026-08-30 00:34:34,deployment,emailservice,14,40,1,,,
2026-08-30 00:34:34,deployment,frontend,439,49,4,,,
2026-08-30 00:34:34,http_p95_latency,frontend,,,,,,215.9
2026-08-30 00:34:34,deployment,paymentservice,9,31,1,,,
2026-08-30 00:34:34,deployment,productcatalogservice,231,25,3,,,
2026-08-30 00:34:34,deployment,recommendationservice,160,84,2,,,
2026-08-30 00:34:34,deployment,redis-cart,14,31,1,,,
2026-08-30 00:34:34,deployment,shippingservice,21,9,1,,,
2026-08-30 00:34:34,autoscaler,customdas-cpu-queue-autoscaler-adservice,5,60,1,,,
2026-08-30 00:34:34,autoscaler,customdas-cpu-queue-autoscaler-cartservice,4,60,1,,,
2026-08-30 00:34:34,autoscaler,customdas-cpu-queue-autoscaler-checkoutservice,0,60,1,,,
2026-08-30 00:34:34,autoscaler,customdas-cpu-queue-autoscaler-currencyservice,5,60,1,,,
2026-08-30 00:34:34,autoscaler,customdas-cpu-queue-autoscaler-emailservice,6,60,1,,,
2026-08-30 00:34:34,autoscaler,customdas-cpu-queue-autoscaler-frontend,4,60,1,,,
2026-08-30 00:34:34,autoscaler,customdas-cpu-queue-autoscaler-paymentservice,4,60,1,,,
2026-08-30 00:34:34,autoscaler,customdas-cpu-queue-autoscaler-productcatalogservice,4,60,1,,,
2026-08-30 00:34:34,autoscaler,customdas-cpu-queue-autoscaler-recommendationservice,7,60,1,,,
2026-08-30 00:34:34,autoscaler,customdas-cpu-queue-autoscaler-shippingservice,4,60,1,,,
2026-08-30 00:34:34,node,ze-master-node,2022,4052,,50.5,51.0,
2026-08-30 00:34:34,node,ze-worker-node,1789,1843,,44.7,23.2,
2026-08-30 00:34:41,deployment,adservice,39,94,1,,,
2026-08-30 00:34:41,deployment,cartservice,133,80,2,,,
2026-08-30 00:34:41,deployment,checkoutservice,35,21,2,,,
2026-08-30 00:34:41,deployment,currencyservice,223,81,2,,,
2026-08-30 00:34:41,deployment,emailservice,14,40,1,,,
2026-08-30 00:34:41,deployment,frontend,439,49,4,,,
2026-08-30 00:34:41,http_p95_latency,frontend,,,,,,215.9
2026-08-30 00:34:41,deployment,paymentservice,9,31,1,,,
2026-08-30 00:34:41,deployment,productcatalogservice,231,25,3,,,
2026-08-30 00:34:41,deployment,recommendationservice,160,84,2,,,
2026-08-30 00:34:41,deployment,redis-cart,14,31,1,,,
2026-08-30 00:34:41,deployment,shippingservice,21,9,1,,,
2026-08-30 00:34:41,autoscaler,customdas-cpu-queue-autoscaler-adservice,5,60,1,,,
2026-08-30 00:34:41,autoscaler,customdas-cpu-queue-autoscaler-cartservice,4,60,1,,,
2026-08-30 00:34:41,autoscaler,customdas-cpu-queue-autoscaler-checkoutservice,0,60,1,,,
2026-08-30 00:34:41,autoscaler,customdas-cpu-queue-autoscaler-currencyservice,5,60,1,,,
2026-08-30 00:34:41,autoscaler,customdas-cpu-queue-autoscaler-emailservice,6,60,1,,,
2026-08-30 00:34:41,autoscaler,customdas-cpu-queue-autoscaler-frontend,4,60,1,,,
2026-08-30 00:34:41,autoscaler,customdas-cpu-queue-autoscaler-paymentservice,4,60,1,,,
2026-08-30 00:34:41,autoscaler,customdas-cpu-queue-autoscaler-productcatalogservice,4,60,1,,,
2026-08-30 00:34:41,autoscaler,customdas-cpu-queue-autoscaler-recommendationservice,7,60,1,,,
2026-08-30 00:34:41,autoscaler,customdas-cpu-queue-autoscaler-shippingservice,4,60,1,,,
2026-08-30 00:34:41,node,ze-master-node,2022,4052,,50.5,51.0,
2026-08-30 00:34:41,node,ze-worker-node,1789,1843,,44.7,23.2,
2026-08-30 00:34:48,deployment,adservice,39,94,1,,,
2026-08-30 00:34:48,deployment,cartservice,133,80,2,,,
2026-08-30 00:34:48,deployment,checkoutservice,35,21,2,,,
2026-08-30 00:34:48,deployment,currencyservice,223,81,2,,,
2026-08-30 00:34:48,deployment,emailservice,14,40,1,,,
2026-08-30 00:34:48,deployment,frontend,439,49,4,,,
2026-08-30 00:34:48,http_p95_latency,frontend,,,,,,203.6
2026-08-30 00:34:48,deployment,paymentservice,8,30,1,,,
2026-08-30 00:34:48,deployment,productcatalogservice,233,25,3,,,
2026-08-30 00:34:48,deployment,recommendationservice,163,84,2,,,
2026-08-30 00:34:48,deployment,redis-cart,14,31,1,,,
2026-08-30 00:34:48,deployment,shippingservice,23,9,1,,,
2026-08-30 00:34:48,autoscaler,customdas-cpu-queue-autoscaler-adservice,5,60,1,,,
2026-08-30 00:34:48,autoscaler,customdas-cpu-queue-autoscaler-cartservice,5,60,1,,,
2026-08-30 00:34:48,autoscaler,customdas-cpu-queue-autoscaler-checkoutservice,3,60,1,,,
2026-08-30 00:34:48,autoscaler,customdas-cpu-queue-autoscaler-currencyservice,3,60,1,,,
2026-08-30 00:34:48,autoscaler,customdas-cpu-queue-autoscaler-emailservice,0,60,1,,,
2026-08-30 00:34:48,autoscaler,customdas-cpu-queue-autoscaler-frontend,9,60,1,,,
2026-08-30 00:34:48,autoscaler,customdas-cpu-queue-autoscaler-paymentservice,5,60,1,,,
2026-08-30 00:34:48,autoscaler,customdas-cpu-queue-autoscaler-productcatalogservice,7,60,1,,,
2026-08-30 00:34:48,autoscaler,customdas-cpu-queue-autoscaler-recommendationservice,3,60,1,,,
2026-08-30 00:34:48,autoscaler,customdas-cpu-queue-autoscaler-shippingservice,2,60,1,,,
2026-08-30 00:34:48,node,ze-master-node,2200,4045,,55.0,50.9,
2026-08-30 00:34:48,node,ze-worker-node,1854,1838,,46.4,23.1,
2026-08-30 00:34:56,deployment,adservice,36,94,1,,,
2026-08-30 00:34:56,deployment,cartservice,122,80,2,,,
2026-08-30 00:34:56,deployment,checkoutservice,35,21,2,,,
2026-08-30 00:34:56,deployment,currencyservice,218,81,2,,,
2026-08-30 00:34:56,deployment,emailservice,13,40,1,,,
2026-08-30 00:34:56,deployment,frontend,435,49,4,,,
2026-08-30 00:34:56,http_p95_latency,frontend,,,,,,203.6
2026-08-30 00:34:56,deployment,paymentservice,8,30,1,,,
2026-08-30 00:34:56,deployment,productcatalogservice,233,25,3,,,
2026-08-30 00:34:56,deployment,recommendationservice,163,84,2,,,
2026-08-30 00:34:56,deployment,redis-cart,14,31,1,,,
2026-08-30 00:34:56,deployment,shippingservice,23,9,1,,,
2026-08-30 00:34:56,autoscaler,customdas-cpu-queue-autoscaler-adservice,5,60,1,,,
2026-08-30 00:34:56,autoscaler,customdas-cpu-queue-autoscaler-cartservice,5,60,1,,,
2026-08-30 00:34:56,autoscaler,customdas-cpu-queue-autoscaler-checkoutservice,3,60,1,,,
2026-08-30 00:34:56,autoscaler,customdas-cpu-queue-autoscaler-currencyservice,3,60,1,,,
2026-08-30 00:34:56,autoscaler,customdas-cpu-queue-autoscaler-emailservice,0,60,1,,,
2026-08-30 00:34:56,autoscaler,customdas-cpu-queue-autoscaler-frontend,9,60,1,,,
2026-08-30 00:34:56,autoscaler,customdas-cpu-queue-autoscaler-paymentservice,5,60,1,,,
2026-08-30 00:34:56,autoscaler,customdas-cpu-queue-autoscaler-productcatalogservice,7,60,1,,,
2026-08-30 00:34:56,autoscaler,customdas-cpu-queue-autoscaler-recommendationservice,3,60,1,,,
2026-08-30 00:34:56,autoscaler,customdas-cpu-queue-autoscaler-shippingservice,2,60,1,,,
2026-08-30 00:34:56,node,ze-master-node,2200,4045,,55.0,50.9,
2026-08-30 00:34:56,node,ze-worker-node,1854,1838,,46.4,23.1,
2026-08-30 00:35:03,deployment,adservice,36,94,1,,,
2026-08-30 00:35:03,deployment,cartservice,122,80,2,,,
2026-08-30 00:35:03,deployment,checkoutservice,35,21,2,,,
2026-08-30 00:35:03,deployment,currencyservice,218,81,2,,,
2026-08-30 00:35:03,deployment,emailservice,13,40,1,,,
2026-08-30 00:35:03,deployment,frontend,435,49,4,,,
2026-08-30 00:35:03,http_p95_latency,frontend,,,,,,206.3
2026-08-30 00:35:03,deployment,paymentservice,8,30,1,,,
2026-08-30 00:35:03,deployment,productcatalogservice,233,25,3,,,
2026-08-30 00:35:03,deployment,recommendationservice,163,84,2,,,
2026-08-30 00:35:03,deployment,redis-cart,14,31,1,,,
2026-08-30 00:35:03,deployment,shippingservice,24,9,1,,,
2026-08-30 00:35:03,autoscaler,customdas-cpu-queue-autoscaler-adservice,3,60,1,,,
2026-08-30 00:35:03,autoscaler,customdas-cpu-queue-autoscaler-cartservice,4,60,1,,,
2026-08-30 00:35:03,autoscaler,customdas-cpu-queue-autoscaler-checkoutservice,5,60,1,,,
2026-08-30 00:35:03,autoscaler,customdas-cpu-queue-autoscaler-currencyservice,3,60,1,,,
2026-08-30 00:35:03,autoscaler,customdas-cpu-queue-autoscaler-emailservice,5,60,1,,,
2026-08-30 00:35:03,autoscaler,customdas-cpu-queue-autoscaler-frontend,5,60,1,,,
2026-08-30 00:35:03,autoscaler,customdas-cpu-queue-autoscaler-paymentservice,5,60,1,,,
2026-08-30 00:35:03,autoscaler,customdas-cpu-queue-autoscaler-productcatalogservice,4,60,1,,,
2026-08-30 00:35:03,autoscaler,customdas-cpu-queue-autoscaler-recommendationservice,3,60,1,,,
2026-08-30 00:35:03,autoscaler,customdas-cpu-queue-autoscaler-shippingservice,3,60,1,,,
2026-08-30 00:35:03,node,ze-master-node,2138,4048,,53.4,51.0,
2026-08-30 00:35:03,node,ze-worker-node,1887,1840,,47.2,23.2,
2026-08-30 00:35:10,deployment,adservice,38,94,1,,,
2026-08-30 00:35:10,deployment,cartservice,123,79,2,,,
2026-08-30 00:35:10,deployment,checkoutservice,34,21,2,,,
2026-08-30 00:35:10,deployment,currencyservice,239,81,2,,,
2026-08-30 00:35:10,deployment,emailservice,19,40,1,,,
2026-08-30 00:35:10,deployment,frontend,460,49,4,,,
2026-08-30 00:35:10,http_p95_latency,frontend,,,,,,206.3
2026-08-30 00:35:10,deployment,paymentservice,9,30,1,,,
2026-08-30 00:35:10,deployment,productcatalogservice,237,25,3,,,
2026-08-30 00:35:10,deployment,recommendationservice,170,84,2,,,
2026-08-30 00:35:10,deployment,redis-cart,14,31,1,,,
2026-08-30 00:35:10,deployment,shippingservice,24,9,1,,,
2026-08-30 00:35:10,autoscaler,customdas-cpu-queue-autoscaler-adservice,3,60,1,,,
2026-08-30 00:35:10,autoscaler,customdas-cpu-queue-autoscaler-cartservice,4,60,1,,,
2026-08-30 00:35:10,autoscaler,customdas-cpu-queue-autoscaler-checkoutservice,5,60,1,,,
2026-08-30 00:35:10,autoscaler,customdas-cpu-queue-autoscaler-currencyservice,3,60,1,,,
2026-08-30 00:35:10,autoscaler,customdas-cpu-queue-autoscaler-emailservice,5,60,1,,,
2026-08-30 00:35:10,autoscaler,customdas-cpu-queue-autoscaler-frontend,5,60,1,,,
2026-08-30 00:35:10,autoscaler,customdas-cpu-queue-autoscaler-paymentservice,5,60,1,,,
2026-08-30 00:35:10,autoscaler,customdas-cpu-queue-autoscaler-productcatalogservice,4,60,1,,,
2026-08-30 00:35:10,autoscaler,customdas-cpu-queue-autoscaler-recommendationservice,3,60,1,,,
2026-08-30 00:35:10,autoscaler,customdas-cpu-queue-autoscaler-shippingservice,3,60,1,,,
2026-08-30 00:35:10,node,ze-master-node,2138,4048,,53.4,51.0,
2026-08-30 00:35:10,node,ze-worker-node,1887,1840,,47.2,23.2,
2026-08-30 00:35:17,deployment,adservice,38,94,1,,,
2026-08-30 00:35:17,deployment,cartservice,123,79,2,,,
2026-08-30 00:35:17,deployment,checkoutservice,34,21,2,,,
2026-08-30 00:35:17,deployment,currencyservice,239,81,2,,,
2026-08-30 00:35:17,deployment,emailservice,19,40,1,,,
2026-08-30 00:35:17,deployment,frontend,460,49,4,,,
2026-08-30 00:35:17,http_p95_latency,frontend,,,,,,200.1
2026-08-30 00:35:17,deployment,paymentservice,9,30,1,,,
2026-08-30 00:35:17,deployment,productcatalogservice,237,25,3,,,
2026-08-30 00:35:17,deployment,recommendationservice,170,84,2,,,
2026-08-30 00:35:17,deployment,redis-cart,14,31,1,,,
2026-08-30 00:35:17,deployment,shippingservice,24,9,1,,,
2026-08-30 00:35:17,autoscaler,customdas-cpu-queue-autoscaler-adservice,6,60,1,,,
2026-08-30 00:35:17,autoscaler,customdas-cpu-queue-autoscaler-cartservice,3,60,1,,,
2026-08-30 00:35:17,autoscaler,customdas-cpu-queue-autoscaler-checkoutservice,4,60,1,,,
2026-08-30 00:35:17,autoscaler,customdas-cpu-queue-autoscaler-currencyservice,4,60,1,,,
2026-08-30 00:35:17,autoscaler,customdas-cpu-queue-autoscaler-emailservice,0,60,1,,,
2026-08-30 00:35:17,autoscaler,customdas-cpu-queue-autoscaler-frontend,10,60,1,,,
2026-08-30 00:35:17,autoscaler,customdas-cpu-queue-autoscaler-paymentservice,7,60,1,,,
2026-08-30 00:35:17,autoscaler,customdas-cpu-queue-autoscaler-productcatalogservice,4,60,1,,,
2026-08-30 00:35:17,autoscaler,customdas-cpu-queue-autoscaler-recommendationservice,3,60,1,,,
2026-08-30 00:35:17,autoscaler,customdas-cpu-queue-autoscaler-shippingservice,2,60,1,,,
2026-08-30 00:35:17,node,ze-master-node,2117,4047,,52.9,51.0,
2026-08-30 00:35:17,node,ze-worker-node,1888,1842,,47.2,23.2,
2026-08-30 00:35:25,deployment,adservice,36,94,1,,,
2026-08-30 00:35:25,deployment,cartservice,126,79,2,,,
2026-08-30 00:35:25,deployment,checkoutservice,35,21,2,,,
2026-08-30 00:35:25,deployment,currencyservice,236,87,2,,,
2026-08-30 00:35:25,deployment,emailservice,14,40,1,,,
2026-08-30 00:35:25,deployment,frontend,462,49,4,,,
2026-08-30 00:35:25,http_p95_latency,frontend,,,,,,200.1
2026-08-30 00:35:25,deployment,paymentservice,10,31,1,,,
2026-08-30 00:35:25,deployment,productcatalogservice,249,25,4,,,
2026-08-30 00:35:25,deployment,recommendationservice,174,84,2,,,
2026-08-30 00:35:25,deployment,redis-cart,15,31,1,,,
2026-08-30 00:35:25,deployment,shippingservice,23,9,1,,,
2026-08-30 00:35:25,autoscaler,customdas-cpu-queue-autoscaler-adservice,6,60,1,,,
2026-08-30 00:35:25,autoscaler,customdas-cpu-queue-autoscaler-cartservice,3,60,1,,,
2026-08-30 00:35:25,autoscaler,customdas-cpu-queue-autoscaler-checkoutservice,4,60,1,,,
2026-08-30 00:35:25,autoscaler,customdas-cpu-queue-autoscaler-currencyservice,4,60,1,,,
2026-08-30 00:35:25,autoscaler,customdas-cpu-queue-autoscaler-emailservice,0,60,1,,,
2026-08-30 00:35:25,autoscaler,customdas-cpu-queue-autoscaler-frontend,10,60,1,,,
2026-08-30 00:35:25,autoscaler,customdas-cpu-queue-autoscaler-paymentservice,7,60,1,,,
2026-08-30 00:35:25,autoscaler,customdas-cpu-queue-autoscaler-productcatalogservice,4,60,1,,,
2026-08-30 00:35:25,autoscaler,customdas-cpu-queue-autoscaler-recommendationservice,3,60,1,,,
2026-08-30 00:35:25,autoscaler,customdas-cpu-queue-autoscaler-shippingservice,2,60,1,,,
2026-08-30 00:35:25,node,ze-master-node,2117,4047,,52.9,51.0,
2026-08-30 00:35:25,node,ze-worker-node,1888,1842,,47.2,23.2,
2026-08-30 00:35:34,deployment,adservice,36,94,1,,,
2026-08-30 00:35:34,deployment,cartservice,126,79,2,,,
2026-08-30 00:35:34,deployment,checkoutservice,35,21,2,,,
2026-08-30 00:35:34,deployment,currencyservice,236,87,2,,,
2026-08-30 00:35:34,deployment,emailservice,14,40,1,,,
2026-08-30 00:35:34,deployment,frontend,462,49,4,,,
2026-08-30 00:35:34,http_p95_latency,frontend,,,,,,190.8
2026-08-30 00:35:34,deployment,paymentservice,7,31,1,,,
2026-08-30 00:35:34,deployment,productcatalogservice,310,33,4,,,
2026-08-30 00:35:34,deployment,recommendationservice,173,84,2,,,
2026-08-30 00:35:34,deployment,redis-cart,14,31,1,,,
2026-08-30 00:35:34,deployment,shippingservice,23,9,1,,,
2026-08-30 00:35:34,autoscaler,customdas-cpu-queue-autoscaler-adservice,5,60,1,,,
2026-08-30 00:35:34,autoscaler,customdas-cpu-queue-autoscaler-cartservice,6,60,1,,,
2026-08-30 00:35:34,autoscaler,customdas-cpu-queue-autoscaler-checkoutservice,3,60,1,,,
2026-08-30 00:35:34,autoscaler,customdas-cpu-queue-autoscaler-currencyservice,3,60,1,,,
2026-08-30 00:35:34,autoscaler,customdas-cpu-queue-autoscaler-emailservice,4,60,1,,,
2026-08-30 00:35:34,autoscaler,customdas-cpu-queue-autoscaler-frontend,6,60,1,,,
2026-08-30 00:35:34,autoscaler,customdas-cpu-queue-autoscaler-paymentservice,0,60,1,,,
2026-08-30 00:35:34,autoscaler,customdas-cpu-queue-autoscaler-productcatalogservice,5,60,1,,,
2026-08-30 00:35:34,autoscaler,customdas-cpu-queue-autoscaler-recommendationservice,4,60,1,,,
2026-08-30 00:35:34,autoscaler,customdas-cpu-queue-autoscaler-shippingservice,4,60,1,,,
2026-08-30 00:35:34,node,ze-master-node,2227,4077,,55.7,51.3,
2026-08-30 00:35:34,node,ze-worker-node,2027,1859,,50.7,23.4,
2026-08-30 00:35:41,deployment,adservice,40,94,1,,,
2026-08-30 00:35:41,deployment,cartservice,133,79,2,,,
2026-08-30 00:35:41,deployment,checkoutservice,27,22,2,,,
2026-08-30 00:35:41,deployment,currencyservice,241,88,2,,,
2026-08-30 00:35:41,deployment,emailservice,15,44,1,,,
2026-08-30 00:35:41,deployment,frontend,473,49,4,,,
2026-08-30 00:35:41,http_p95_latency,frontend,,,,,,180.4
2026-08-30 00:35:41,deployment,paymentservice,7,31,1,,,
2026-08-30 00:35:41,deployment,productcatalogservice,310,33,4,,,
2026-08-30 00:35:41,deployment,recommendationservice,173,84,2,,,
2026-08-30 00:35:41,deployment,redis-cart,14,31,1,,,
2026-08-30 00:35:41,deployment,shippingservice,23,9,1,,,
2026-08-30 00:35:41,autoscaler,customdas-cpu-queue-autoscaler-adservice,5,60,1,,,
2026-08-30 00:35:41,autoscaler,customdas-cpu-queue-autoscaler-cartservice,6,60,1,,,
2026-08-30 00:35:41,autoscaler,customdas-cpu-queue-autoscaler-checkoutservice,3,60,1,,,
2026-08-30 00:35:41,autoscaler,customdas-cpu-queue-autoscaler-currencyservice,3,60,1,,,
2026-08-30 00:35:41,autoscaler,customdas-cpu-queue-autoscaler-emailservice,4,60,1,,,
2026-08-30 00:35:41,autoscaler,customdas-cpu-queue-autoscaler-frontend,6,60,1,,,
2026-08-30 00:35:41,autoscaler,customdas-cpu-queue-autoscaler-paymentservice,0,60,1,,,
2026-08-30 00:35:41,autoscaler,customdas-cpu-queue-autoscaler-productcatalogservice,5,60,1,,,
2026-08-30 00:35:41,autoscaler,customdas-cpu-queue-autoscaler-recommendationservice,4,60,1,,,
2026-08-30 00:35:41,autoscaler,customdas-cpu-queue-autoscaler-shippingservice,4,60,1,,,
2026-08-30 00:35:41,node,ze-master-node,2227,4077,,55.7,51.3,
2026-08-30 00:35:41,node,ze-worker-node,2027,1859,,50.7,23.4,
2026-08-30 00:35:49,deployment,adservice,35,94,1,,,
2026-08-30 00:35:49,deployment,cartservice,131,80,2,,,
2026-08-30 00:35:49,deployment,checkoutservice,33,20,2,,,
2026-08-30 00:35:49,deployment,currencyservice,246,86,2,,,
2026-08-30 00:35:49,deployment,emailservice,18,40,1,,,
2026-08-30 00:35:49,deployment,frontend,478,50,4,,,
2026-08-30 00:35:49,http_p95_latency,frontend,,,,,,180.4
2026-08-30 00:35:49,deployment,paymentservice,9,30,1,,,
2026-08-30 00:35:49,deployment,productcatalogservice,282,33,4,,,
2026-08-30 00:35:49,deployment,recommendationservice,171,84,2,,,
2026-08-30 00:35:49,deployment,redis-cart,14,31,1,,,
2026-08-30 00:35:49,deployment,shippingservice,23,9,1,,,
2026-08-30 00:35:49,autoscaler,customdas-cpu-queue-autoscaler-adservice,3,60,1,,,
2026-08-30 00:35:49,autoscaler,customdas-cpu-queue-autoscaler-cartservice,3,60,1,,,
2026-08-30 00:35:49,autoscaler,customdas-cpu-queue-autoscaler-checkoutservice,4,60,1,,,
2026-08-30 00:35:49,autoscaler,customdas-cpu-queue-autoscaler-currencyservice,4,60,1,,,
2026-08-30 00:35:49,autoscaler,customdas-cpu-queue-autoscaler-emailservice,4,60,1,,,
2026-08-30 00:35:49,autoscaler,customdas-cpu-queue-autoscaler-frontend,6,60,1,,,
2026-08-30 00:35:49,autoscaler,customdas-cpu-queue-autoscaler-paymentservice,3,60,1,,,
2026-08-30 00:35:49,autoscaler,customdas-cpu-queue-autoscaler-productcatalogservice,6,60,1,,,
2026-08-30 00:35:49,autoscaler,customdas-cpu-queue-autoscaler-recommendationservice,6,60,1,,,
2026-08-30 00:35:49,autoscaler,customdas-cpu-queue-autoscaler-shippingservice,4,60,1,,,
2026-08-30 00:35:49,node,ze-master-node,2221,4094,,55.5,51.6,
2026-08-30 00:35:49,node,ze-worker-node,2001,1857,,50.0,23.4,
2026-08-30 00:35:57,deployment,adservice,35,94,1,,,
2026-08-30 00:35:57,deployment,cartservice,131,80,2,,,
2026-08-30 00:35:57,deployment,checkoutservice,33,20,2,,,
2026-08-30 00:35:57,deployment,currencyservice,246,86,2,,,
2026-08-30 00:35:57,deployment,emailservice,18,40,1,,,
2026-08-30 00:35:57,deployment,frontend,478,50,4,,,
2026-08-30 00:35:57,http_p95_latency,frontend,,,,,,182.9
2026-08-30 00:35:57,deployment,paymentservice,9,30,1,,,
2026-08-30 00:35:57,deployment,productcatalogservice,282,33,4,,,
2026-08-30 00:35:57,deployment,recommendationservice,171,84,2,,,
2026-08-30 00:35:57,deployment,redis-cart,14,31,1,,,
2026-08-30 00:35:57,deployment,shippingservice,23,9,1,,,
2026-08-30 00:35:57,autoscaler,customdas-cpu-queue-autoscaler-adservice,3,60,1,,,
2026-08-30 00:35:57,autoscaler,customdas-cpu-queue-autoscaler-cartservice,3,60,1,,,
2026-08-30 00:35:57,autoscaler,customdas-cpu-queue-autoscaler-checkoutservice,4,60,1,,,
2026-08-30 00:35:57,autoscaler,customdas-cpu-queue-autoscaler-currencyservice,4,60,1,,,
2026-08-30 00:35:57,autoscaler,customdas-cpu-queue-autoscaler-emailservice,4,60,1,,,
2026-08-30 00:35:57,autoscaler,customdas-cpu-queue-autoscaler-frontend,6,60,1,,,
2026-08-30 00:35:57,autoscaler,customdas-cpu-queue-autoscaler-paymentservice,3,60,1,,,
2026-08-30 00:35:57,autoscaler,customdas-cpu-queue-autoscaler-productcatalogservice,6,60,1,,,
2026-08-30 00:35:57,autoscaler,customdas-cpu-queue-autoscaler-recommendationservice,6,60,1,,,
2026-08-30 00:35:57,autoscaler,customdas-cpu-queue-autoscaler-shippingservice,4,60,1,,,
2026-08-30 00:35:57,node,ze-master-node,2221,4094,,55.5,51.6,
2026-08-30 00:35:57,node,ze-worker-node,2001,1857,,50.0,23.4,
2026-08-30 00:36:05,deployment,adservice,41,94,1,,,
2026-08-30 00:36:05,deployment,cartservice,135,79,2,,,
2026-08-30 00:36:05,deployment,checkoutservice,33,22,2,,,
2026-08-30 00:36:05,deployment,currencyservice,251,95,2,,,
2026-08-30 00:36:05,deployment,emailservice,16,40,1,,,
2026-08-30 00:36:05,deployment,frontend,494,50,5,,,
2026-08-30 00:36:05,http_p95_latency,frontend,,,,,,182.9
2026-08-30 00:36:05,deployment,paymentservice,8,30,1,,,
2026-08-30 00:36:05,deployment,productcatalogservice,274,33,4,,,
2026-08-30 00:36:05,deployment,recommendationservice,184,84,2,,,
2026-08-30 00:36:05,deployment,redis-cart,15,31,1,,,
2026-08-30 00:36:05,deployment,shippingservice,22,9,1,,,
2026-08-30 00:36:05,autoscaler,customdas-cpu-queue-autoscaler-adservice,6,60,1,,,
2026-08-30 00:36:05,autoscaler,customdas-cpu-queue-autoscaler-cartservice,4,60,1,,,
2026-08-30 00:36:05,autoscaler,customdas-cpu-queue-autoscaler-checkoutservice,3,60,1,,,
2026-08-30 00:36:05,autoscaler,customdas-cpu-queue-autoscaler-currencyservice,3,60,1,,,
2026-08-30 00:36:05,autoscaler,customdas-cpu-queue-autoscaler-emailservice,6,60,1,,,
2026-08-30 00:36:05,autoscaler,customdas-cpu-queue-autoscaler-frontend,5,60,1,,,
2026-08-30 00:36:05,autoscaler,customdas-cpu-queue-autoscaler-paymentservice,3,60,1,,,
2026-08-30 00:36:05,autoscaler,customdas-cpu-queue-autoscaler-productcatalogservice,5,60,1,,,
2026-08-30 00:36:05,autoscaler,customdas-cpu-queue-autoscaler-recommendationservice,3,60,1,,,
2026-08-30 00:36:05,autoscaler,customdas-cpu-queue-autoscaler-shippingservice,2,60,1,,,
2026-08-30 00:36:05,node,ze-master-node,2151,4097,,53.8,51.6,
2026-08-30 00:36:05,node,ze-worker-node,2047,1859,,51.2,23.4,
2026-08-30 00:36:13,deployment,adservice,41,94,1,,,
2026-08-30 00:36:13,deployment,cartservice,135,79,2,,,
2026-08-30 00:36:13,deployment,checkoutservice,33,22,2,,,
2026-08-30 00:36:13,deployment,currencyservice,251,95,2,,,
2026-08-30 00:36:13,deployment,emailservice,16,40,1,,,
2026-08-30 00:36:13,deployment,frontend,494,50,5,,,
2026-08-30 00:36:13,http_p95_latency,frontend,,,,,,190.6
2026-08-30 00:36:13,deployment,paymentservice,8,30,1,,,
2026-08-30 00:36:13,deployment,productcatalogservice,274,33,4,,,
2026-08-30 00:36:13,deployment,recommendationservice,184,84,2,,,
2026-08-30 00:36:13,deployment,redis-cart,15,31,1,,,
2026-08-30 00:36:13,deployment,shippingservice,22,9,1,,,
2026-08-30 00:36:13,autoscaler,customdas-cpu-queue-autoscaler-adservice,6,60,1,,,
2026-08-30 00:36:13,autoscaler,customdas-cpu-queue-autoscaler-cartservice,4,60,1,,,
2026-08-30 00:36:13,autoscaler,customdas-cpu-queue-autoscaler-checkoutservice,3,60,1,,,
2026-08-30 00:36:13,autoscaler,customdas-cpu-queue-autoscaler-currencyservice,3,60,1,,,
2026-08-30 00:36:13,autoscaler,customdas-cpu-queue-autoscaler-emailservice,6,60,1,,,
2026-08-30 00:36:13,autoscaler,customdas-cpu-queue-autoscaler-frontend,5,60,1,,,
2026-08-30 00:36:13,autoscaler,customdas-cpu-queue-autoscaler-paymentservice,3,60,1,,,
2026-08-30 00:36:13,autoscaler,customdas-cpu-queue-autoscaler-productcatalogservice,5,60,1,,,
2026-08-30 00:36:13,autoscaler,customdas-cpu-queue-autoscaler-recommendationservice,3,60,1,,,
2026-08-30 00:36:13,autoscaler,customdas-cpu-queue-autoscaler-shippingservice,2,60,1,,,
2026-08-30 00:36:13,node,ze-master-node,2151,4097,,53.8,51.6,
2026-08-30 00:36:13,node,ze-worker-node,2047,1859,,51.2,23.4,
2026-08-30 00:36:21,deployment,adservice,39,94,1,,,
2026-08-30 00:36:21,deployment,cartservice,128,80,2,,,
2026-08-30 00:36:21,deployment,checkoutservice,27,21,2,,,
2026-08-30 00:36:21,deployment,currencyservice,253,94,2,,,
2026-08-30 00:36:21,deployment,emailservice,15,40,1,,,
2026-08-30 00:36:21,deployment,frontend,523,59,5,,,
2026-08-30 00:36:21,http_p95_latency,frontend,,,,,,190.6
2026-08-30 00:36:21,deployment,paymentservice,10,30,1,,,
2026-08-30 00:36:21,deployment,productcatalogservice,285,33,4,,,
2026-08-30 00:36:21,deployment,recommendationservice,183,84,2,,,
2026-08-30 00:36:21,deployment,redis-cart,15,31,1,,,
2026-08-30 00:36:21,deployment,shippingservice,27,9,1,,,
2026-08-30 00:36:21,autoscaler,customdas-cpu-queue-autoscaler-adservice,2,60,1,,,
2026-08-30 00:36:21,autoscaler,customdas-cpu-queue-autoscaler-cartservice,3,60,1,,,
2026-08-30 00:36:21,autoscaler,customdas-cpu-queue-autoscaler-checkoutservice,3,60,1,,,
2026-08-30 00:36:21,autoscaler,customdas-cpu-queue-autoscaler-currencyservice,2,60,1,,,
2026-08-30 00:36:21,autoscaler,customdas-cpu-queue-autoscaler-emailservice,0,60,1,,,
2026-08-30 00:36:21,autoscaler,customdas-cpu-queue-autoscaler-frontend,10,60,1,,,
2026-08-30 00:36:21,autoscaler,customdas-cpu-queue-autoscaler-paymentservice,6,60,1,,,
2026-08-30 00:36:21,autoscaler,customdas-cpu-queue-autoscaler-productcatalogservice,10,60,1,,,
2026-08-30 00:36:21,autoscaler,customdas-cpu-queue-autoscaler-recommendationservice,4,60,1,,,
2026-08-30 00:36:21,autoscaler,customdas-cpu-queue-autoscaler-shippingservice,6,60,1,,,
2026-08-30 00:36:21,node,ze-master-node,2335,4090,,58.4,51.5,
2026-08-30 00:36:21,node,ze-worker-node,2107,1880,,52.7,23.7,
2026-08-30 00:36:29,deployment,adservice,39,94,1,,,
2026-08-30 00:36:29,deployment,cartservice,128,80,2,,,
2026-08-30 00:36:29,deployment,checkoutservice,27,21,2,,,
2026-08-30 00:36:29,deployment,currencyservice,253,94,2,,,
2026-08-30 00:36:29,deployment,emailservice,15,40,1,,,
2026-08-30 00:36:29,deployment,frontend,523,59,5,,,
2026-08-30 00:36:29,http_p95_latency,frontend,,,,,,192.8
2026-08-30 00:36:29,deployment,paymentservice,10,30,1,,,
2026-08-30 00:36:29,deployment,productcatalogservice,285,33,4,,,
2026-08-30 00:36:29,deployment,recommendationservice,183,84,2,,,
2026-08-30 00:36:29,deployment,redis-cart,15,31,1,,,
2026-08-30 00:36:29,deployment,shippingservice,27,9,1,,,
2026-08-30 00:36:29,autoscaler,customdas-cpu-queue-autoscaler-adservice,2,60,1,,,
2026-08-30 00:36:29,autoscaler,customdas-cpu-queue-autoscaler-cartservice,3,60,1,,,
2026-08-30 00:36:29,autoscaler,customdas-cpu-queue-autoscaler-checkoutservice,3,60,1,,,
2026-08-30 00:36:29,autoscaler,customdas-cpu-queue-autoscaler-currencyservice,2,60,1,,,
2026-08-30 00:36:29,autoscaler,customdas-cpu-queue-autoscaler-emailservice,0,60,1,,,
2026-08-30 00:36:29,autoscaler,customdas-cpu-queue-autoscaler-frontend,10,60,1,,,
2026-08-30 00:36:29,autoscaler,customdas-cpu-queue-autoscaler-paymentservice,6,60,1,,,
2026-08-30 00:36:29,autoscaler,customdas-cpu-queue-autoscaler-productcatalogservice,10,60,1,,,
2026-08-30 00:36:29,autoscaler,customdas-cpu-queue-autoscaler-recommendationservice,4,60,1,,,
2026-08-30 00:36:29,autoscaler,customdas-cpu-queue-autoscaler-shippingservice,6,60,1,,,
2026-08-30 00:36:29,node,ze-master-node,2335,4090,,58.4,51.5,
2026-08-30 00:36:29,node,ze-worker-node,2107,1880,,52.7,23.7,
2026-08-30 00:36:38,deployment,adservice,38,94,1,,,
2026-08-30 00:36:38,deployment,cartservice,143,80,2,,,
2026-08-30 00:36:38,deployment,checkoutservice,33,22,2,,,
2026-08-30 00:36:38,deployment,currencyservice,257,93,2,,,
2026-08-30 00:36:38,deployment,emailservice,14,40,1,,,
2026-08-30 00:36:38,deployment,frontend,561,60,5,,,
2026-08-30 00:36:38,http_p95_latency,frontend,,,,,,192.8
2026-08-30 00:36:38,deployment,paymentservice,10,31,1,,,
2026-08-30 00:36:38,deployment,productcatalogservice,286,33,4,,,
2026-08-30 00:36:38,deployment,recommendationservice,196,84,2,,,
2026-08-30 00:36:38,deployment,redis-cart,15,31,1,,,
2026-08-30 00:36:38,deployment,shippingservice,28,9,1,,,
2026-08-30 00:36:38,autoscaler,customdas-cpu-queue-autoscaler-adservice,4,60,1,,,
2026-08-30 00:36:38,autoscaler,customdas-cpu-queue-autoscaler-cartservice,3,60,1,,,
2026-08-30 00:36:38,autoscaler,customdas-cpu-queue-autoscaler-checkoutservice,2,60,1,,,
2026-08-30 00:36:38,autoscaler,customdas-cpu-queue-autoscaler-currencyservice,7,60,1,,,
2026-08-30 00:36:38,autoscaler,customdas-cpu-queue-autoscaler-emailservice,5,60,1,,,
2026-08-30 00:36:38,autoscaler,customdas-cpu-queue-autoscaler-frontend,6,60,1,,,
2026-08-30 00:36:38,autoscaler,customdas-cpu-queue-autoscaler-paymentservice,6,60,1,,,
2026-08-30 00:36:38,autoscaler,customdas-cpu-queue-autoscaler-productcatalogservice,4,60,1,,,
2026-08-30 00:36:38,autoscaler,customdas-cpu-queue-autoscaler-recommendationservice,4,60,1,,,
2026-08-30 00:36:38,autoscaler,customdas-cpu-queue-autoscaler-shippingservice,4,60,1,,,
2026-08-30 00:36:38,node,ze-master-node,2226,4073,,55.6,51.3,
2026-08-30 00:36:38,node,ze-worker-node,2280,1883,,57.0,23.7,
2026-08-30 00:36:46,deployment,adservice,38,94,1,,,
2026-08-30 00:36:46,deployment,cartservice,143,80,2,,,
2026-08-30 00:36:46,deployment,checkoutservice,33,22,2,,,
2026-08-30 00:36:46,deployment,currencyservice,257,93,2,,,
2026-08-30 00:36:46,deployment,emailservice,14,40,1,,,
2026-08-30 00:36:46,deployment,frontend,561,60,5,,,
2026-08-30 00:36:46,http_p95_latency,frontend,,,,,,183.3
2026-08-30 00:36:46,deployment,paymentservice,10,31,1,,,
2026-08-30 00:36:46,deployment,productcatalogservice,286,33,4,,,
2026-08-30 00:36:46,deployment,recommendationservice,196,84,2,,,
2026-08-30 00:36:46,deployment,redis-cart,15,31,1,,,
2026-08-30 00:36:46,deployment,shippingservice,28,9,1,,,
2026-08-30 00:36:46,autoscaler,customdas-cpu-queue-autoscaler-adservice,4,60,1,,,
2026-08-30 00:36:46,autoscaler,customdas-cpu-queue-autoscaler-cartservice,3,60,1,,,
2026-08-30 00:36:46,autoscaler,customdas-cpu-queue-autoscaler-checkoutservice,2,60,1,,,
2026-08-30 00:36:46,autoscaler,customdas-cpu-queue-autoscaler-currencyservice,7,60,1,,,
2026-08-30 00:36:46,autoscaler,customdas-cpu-queue-autoscaler-emailservice,5,60,1,,,
2026-08-30 00:36:46,autoscaler,customdas-cpu-queue-autoscaler-frontend,6,60,1,,,
2026-08-30 00:36:46,autoscaler,customdas-cpu-queue-autoscaler-paymentservice,6,60,1,,,
2026-08-30 00:36:46,autoscaler,customdas-cpu-queue-autoscaler-productcatalogservice,4,60,1,,,
2026-08-30 00:36:46,autoscaler,customdas-cpu-queue-autoscaler-recommendationservice,4,60,1,,,
2026-08-30 00:36:46,autoscaler,customdas-cpu-queue-autoscaler-shippingservice,3,60,1,,,
2026-08-30 00:36:46,node,ze-master-node,2193,4075,,54.8,51.3,
2026-08-30 00:36:46,node,ze-worker-node,2223,1881,,55.6,23.7,
2026-08-30 00:36:55,deployment,adservice,40,94,1,,,
2026-08-30 00:36:55,deployment,cartservice,138,82,2,,,
2026-08-30 00:36:55,deployment,checkoutservice,36,22,2,,,
2026-08-30 00:36:55,deployment,currencyservice,249,97,2,,,
2026-08-30 00:36:55,deployment,emailservice,20,40,1,,,
2026-08-30 00:36:55,deployment,frontend,523,61,5,,,
2026-08-30 00:36:55,http_p95_latency,frontend,,,,,,183.3
2026-08-30 00:36:55,deployment,paymentservice,10,31,1,,,
2026-08-30 00:36:55,deployment,productcatalogservice,297,33,4,,,
2026-08-30 00:36:55,deployment,recommendationservice,186,84,2,,,
2026-08-30 00:36:55,deployment,redis-cart,14,31,1,,,
2026-08-30 00:36:55,deployment,shippingservice,27,9,1,,,
2026-08-30 00:36:55,autoscaler,customdas-cpu-queue-autoscaler-adservice,4,60,1,,,
2026-08-30 00:36:55,autoscaler,customdas-cpu-queue-autoscaler-cartservice,3,60,1,,,
2026-08-30 00:36:55,autoscaler,customdas-cpu-queue-autoscaler-checkoutservice,7,60,1,,,
2026-08-30 00:36:55,autoscaler,customdas-cpu-queue-autoscaler-currencyservice,4,60,1,,,
2026-08-30 00:36:55,autoscaler,customdas-cpu-queue-autoscaler-emailservice,4,60,1,,,
2026-08-30 00:36:55,autoscaler,customdas-cpu-queue-autoscaler-frontend,7,60,1,,,
2026-08-30 00:36:55,autoscaler,customdas-cpu-queue-autoscaler-paymentservice,3,60,1,,,
2026-08-30 00:36:55,autoscaler,customdas-cpu-queue-autoscaler-productcatalogservice,9,60,1,,,
2026-08-30 00:36:55,autoscaler,customdas-cpu-queue-autoscaler-recommendationservice,4,60,1,,,
2026-08-30 00:36:55,autoscaler,customdas-cpu-queue-autoscaler-shippingservice,3,60,1,,,
2026-08-30 00:36:55,node,ze-master-node,2193,4075,,54.8,51.3,
2026-08-30 00:36:55,node,ze-worker-node,2223,1881,,55.6,23.7,
2026-08-30 00:37:03,deployment,adservice,40,94,1,,,
2026-08-30 00:37:03,deployment,cartservice,138,82,2,,,
2026-08-30 00:37:03,deployment,checkoutservice,36,22,2,,,
2026-08-30 00:37:03,deployment,currencyservice,249,97,2,,,
2026-08-30 00:37:03,deployment,emailservice,20,40,1,,,
2026-08-30 00:37:03,deployment,frontend,523,61,5,,,
2026-08-30 00:37:03,http_p95_latency,frontend,,,,,,204.9
2026-08-30 00:37:03,deployment,paymentservice,10,31,1,,,
2026-08-30 00:37:03,deployment,productcatalogservice,297,33,4,,,
2026-08-30 00:37:03,deployment,recommendationservice,186,84,2,,,
2026-08-30 00:37:03,deployment,redis-cart,14,31,1,,,
2026-08-30 00:37:03,deployment,shippingservice,27,9,1,,,
2026-08-30 00:37:03,autoscaler,customdas-cpu-queue-autoscaler-adservice,4,60,1,,,
2026-08-30 00:37:03,autoscaler,customdas-cpu-queue-autoscaler-cartservice,3,60,1,,,
2026-08-30 00:37:03,autoscaler,customdas-cpu-queue-autoscaler-checkoutservice,7,60,1,,,
2026-08-30 00:37:03,autoscaler,customdas-cpu-queue-autoscaler-currencyservice,4,60,1,,,
2026-08-30 00:37:03,autoscaler,customdas-cpu-queue-autoscaler-emailservice,4,60,1,,,
2026-08-30 00:37:03,autoscaler,customdas-cpu-queue-autoscaler-frontend,5,60,1,,,
2026-08-30 00:37:03,autoscaler,customdas-cpu-queue-autoscaler-paymentservice,4,60,1,,,
2026-08-30 00:37:03,autoscaler,customdas-cpu-queue-autoscaler-productcatalogservice,6,60,1,,,
2026-08-30 00:37:03,autoscaler,customdas-cpu-queue-autoscaler-recommendationservice,2,60,1,,,
2026-08-30 00:37:03,autoscaler,customdas-cpu-queue-autoscaler-shippingservice,4,60,1,,,
2026-08-30 00:37:03,node,ze-master-node,2211,4009,,55.3,50.5,
2026-08-30 00:37:03,node,ze-worker-node,2185,1880,,54.6,23.7,
2026-08-30 00:37:10,deployment,adservice,43,94,1,,,
2026-08-30 00:37:10,deployment,cartservice,133,79,2,,,
2026-08-30 00:37:10,deployment,checkoutservice,37,21,2,,,
2026-08-30 00:37:10,deployment,currencyservice,270,93,2,,,
2026-08-30 00:37:10,deployment,emailservice,20,40,1,,,
2026-08-30 00:37:10,deployment,frontend,534,61,5,,,
2026-08-30 00:37:10,http_p95_latency,frontend,,,,,,204.9
2026-08-30 00:37:10,deployment,paymentservice,9,31,1,,,
2026-08-30 00:37:10,deployment,productcatalogservice,287,33,4,,,
2026-08-30 00:37:10,deployment,recommendationservice,194,88,2,,,
2026-08-30 00:37:10,deployment,redis-cart,15,31,1,,,
2026-08-30 00:37:10,deployment,shippingservice,27,9,1,,,
2026-08-30 00:37:10,autoscaler,customdas-cpu-queue-autoscaler-adservice,7,60,1,,,
2026-08-30 00:37:10,autoscaler,customdas-cpu-queue-autoscaler-cartservice,3,60,1,,,
2026-08-30 00:37:10,autoscaler,customdas-cpu-queue-autoscaler-checkoutservice,3,60,1,,,
2026-08-30 00:37:10,autoscaler,customdas-cpu-queue-autoscaler-currencyservice,2,60,1,,,
2026-08-30 00:37:10,autoscaler,customdas-cpu-queue-autoscaler-emailservice,2,60,1,,,
2026-08-30 00:37:10,autoscaler,customdas-cpu-queue-autoscaler-frontend,5,60,1,,,
2026-08-30 00:37:10,autoscaler,customdas-cpu-queue-autoscaler-paymentservice,4,60,1,,,
2026-08-30 00:37:10,autoscaler,customdas-cpu-queue-autoscaler-productcatalogservice,6,60,1,,,
2026-08-30 00:37:10,autoscaler,customdas-cpu-queue-autoscaler-recommendationservice,2,60,1,,,
2026-08-30 00:37:10,autoscaler,customdas-cpu-queue-autoscaler-shippingservice,4,60,1,,,
2026-08-30 00:37:10,node,ze-master-node,2211,4009,,55.3,50.5,
2026-08-30 00:37:10,node,ze-worker-node,2185,1880,,54.6,23.7,
2026-08-30 00:37:17,deployment,adservice,43,94,1,,,
2026-08-30 00:37:17,deployment,cartservice,133,79,2,,,
2026-08-30 00:37:17,deployment,checkoutservice,37,21,2,,,
2026-08-30 00:37:17,deployment,currencyservice,270,93,2,,,
2026-08-30 00:37:17,deployment,emailservice,20,40,1,,,
2026-08-30 00:37:17,deployment,frontend,534,61,5,,,
2026-08-30 00:37:17,http_p95_latency,frontend,,,,,,249.5
2026-08-30 00:37:17,deployment,paymentservice,9,31,1,,,
2026-08-30 00:37:17,deployment,productcatalogservice,287,33,4,,,
2026-08-30 00:37:17,deployment,recommendationservice,194,88,2,,,
2026-08-30 00:37:17,deployment,redis-cart,15,31,1,,,
2026-08-30 00:37:17,deployment,shippingservice,27,9,1,,,
2026-08-30 00:37:17,autoscaler,customdas-cpu-queue-autoscaler-adservice,7,60,1,,,
2026-08-30 00:37:17,autoscaler,customdas-cpu-queue-autoscaler-cartservice,3,60,1,,,
2026-08-30 00:37:17,autoscaler,customdas-cpu-queue-autoscaler-checkoutservice,3,60,1,,,
2026-08-30 00:37:17,autoscaler,customdas-cpu-queue-autoscaler-currencyservice,2,60,1,,,
2026-08-30 00:37:17,autoscaler,customdas-cpu-queue-autoscaler-emailservice,2,60,1,,,
2026-08-30 00:37:17,autoscaler,customdas-cpu-queue-autoscaler-frontend,5,60,1,,,
2026-08-30 00:37:17,autoscaler,customdas-cpu-queue-autoscaler-paymentservice,4,60,1,,,
2026-08-30 00:37:17,autoscaler,customdas-cpu-queue-autoscaler-productcatalogservice,6,60,1,,,
2026-08-30 00:37:17,autoscaler,customdas-cpu-queue-autoscaler-recommendationservice,2,60,1,,,
2026-08-30 00:37:17,autoscaler,customdas-cpu-queue-autoscaler-shippingservice,4,60,1,,,
2026-08-30 00:37:17,node,ze-master-node,2169,4008,,54.2,50.5,
2026-08-30 00:37:17,node,ze-worker-node,2304,1877,,57.6,23.6,
2026-08-30 00:37:24,deployment,adservice,38,94,1,,,
2026-08-30 00:37:24,deployment,cartservice,146,79,2,,,
2026-08-30 00:37:24,deployment,checkoutservice,37,22,2,,,
2026-08-30 00:37:24,deployment,currencyservice,257,95,2,,,
2026-08-30 00:37:24,deployment,emailservice,18,40,1,,,
2026-08-30 00:37:24,deployment,frontend,549,62,5,,,
2026-08-30 00:37:24,http_p95_latency,frontend,,,,,,249.5
2026-08-30 00:37:24,deployment,paymentservice,11,31,1,,,
2026-08-30 00:37:24,deployment,productcatalogservice,293,33,4,,,
2026-08-30 00:37:24,deployment,recommendationservice,194,85,2,,,
2026-08-30 00:37:24,deployment,redis-cart,14,31,1,,,
2026-08-30 00:37:24,deployment,shippingservice,27,9,1,,,
2026-08-30 00:37:24,autoscaler,customdas-cpu-queue-autoscaler-adservice,3,60,1,,,
2026-08-30 00:37:24,autoscaler,customdas-cpu-queue-autoscaler-cartservice,4,60,1,,,
2026-08-30 00:37:24,autoscaler,customdas-cpu-queue-autoscaler-checkoutservice,5,60,1,,,
2026-08-30 00:37:24,autoscaler,customdas-cpu-queue-autoscaler-currencyservice,4,60,1,,,
2026-08-30 00:37:24,autoscaler,customdas-cpu-queue-autoscaler-emailservice,3,60,1,,,
2026-08-30 00:37:24,autoscaler,customdas-cpu-queue-autoscaler-frontend,3,60,1,,,
2026-08-30 00:37:24,autoscaler,customdas-cpu-queue-autoscaler-paymentservice,4,60,1,,,
2026-08-30 00:37:24,autoscaler,customdas-cpu-queue-autoscaler-productcatalogservice,0,60,1,,,
2026-08-30 00:37:24,autoscaler,customdas-cpu-queue-autoscaler-recommendationservice,5,60,1,,,
2026-08-30 00:37:24,autoscaler,customdas-cpu-queue-autoscaler-shippingservice,2,60,1,,,
2026-08-30 00:37:24,node,ze-master-node,2169,4008,,54.2,50.5,
2026-08-30 00:37:24,node,ze-worker-node,2304,1877,,57.6,23.6,
2026-08-30 00:37:31,deployment,adservice,38,94,1,,,
2026-08-30 00:37:31,deployment,cartservice,146,79,2,,,
2026-08-30 00:37:31,deployment,checkoutservice,37,22,2,,,
2026-08-30 00:37:31,deployment,currencyservice,257,95,2,,,
2026-08-30 00:37:31,deployment,emailservice,18,40,1,,,
2026-08-30 00:37:31,deployment,frontend,549,62,5,,,
2026-08-30 00:37:31,http_p95_latency,frontend,,,,,,285.1
2026-08-30 00:37:31,deployment,paymentservice,11,31,1,,,
2026-08-30 00:37:31,deployment,productcatalogservice,293,33,4,,,
2026-08-30 00:37:31,deployment,recommendationservice,194,85,2,,,
2026-08-30 00:37:31,deployment,redis-cart,14,31,1,,,
2026-08-30 00:37:31,deployment,shippingservice,27,9,1,,,
2026-08-30 00:37:31,autoscaler,customdas-cpu-queue-autoscaler-adservice,3,60,1,,,
2026-08-30 00:37:31,autoscaler,customdas-cpu-queue-autoscaler-cartservice,4,60,1,,,
2026-08-30 00:37:31,autoscaler,customdas-cpu-queue-autoscaler-checkoutservice,5,60,1,,,
2026-08-30 00:37:31,autoscaler,customdas-cpu-queue-autoscaler-currencyservice,4,60,1,,,
2026-08-30 00:37:31,autoscaler,customdas-cpu-queue-autoscaler-emailservice,3,60,1,,,
2026-08-30 00:37:31,autoscaler,customdas-cpu-queue-autoscaler-frontend,5,60,1,,,
2026-08-30 00:37:31,autoscaler,customdas-cpu-queue-autoscaler-paymentservice,6,60,1,,,
2026-08-30 00:37:31,autoscaler,customdas-cpu-queue-autoscaler-productcatalogservice,8,60,1,,,
2026-08-30 00:37:31,autoscaler,customdas-cpu-queue-autoscaler-recommendationservice,5,60,1,,,
2026-08-30 00:37:31,autoscaler,customdas-cpu-queue-autoscaler-shippingservice,4,60,1,,,
2026-08-30 00:37:31,node,ze-master-node,2248,4012,,56.2,50.5,
2026-08-30 00:37:31,node,ze-worker-node,2192,1880,,54.8,23.7,
2026-08-30 00:37:40,deployment,adservice,40,94,1,,,
2026-08-30 00:37:40,deployment,cartservice,185,80,2,,,
2026-08-30 00:37:40,deployment,checkoutservice,33,21,2,,,
2026-08-30 00:37:40,deployment,currencyservice,270,95,2,,,
2026-08-30 00:37:40,deployment,emailservice,17,40,1,,,
2026-08-30 00:37:40,deployment,frontend,539,62,5,,,
2026-08-30 00:37:40,http_p95_latency,frontend,,,,,,285.1
2026-08-30 00:37:40,deployment,paymentservice,12,30,1,,,
2026-08-30 00:37:40,deployment,productcatalogservice,300,33,4,,,
2026-08-30 00:37:40,deployment,recommendationservice,196,85,2,,,
2026-08-30 00:37:40,deployment,redis-cart,15,31,1,,,
2026-08-30 00:37:40,deployment,shippingservice,28,9,1,,,
2026-08-30 00:37:40,autoscaler,customdas-cpu-queue-autoscaler-adservice,4,60,1,,,
2026-08-30 00:37:40,autoscaler,customdas-cpu-queue-autoscaler-cartservice,4,60,1,,,
2026-08-30 00:37:40,autoscaler,customdas-cpu-queue-autoscaler-checkoutservice,4,60,1,,,
2026-08-30 00:37:40,autoscaler,customdas-cpu-queue-autoscaler-currencyservice,2,60,1,,,
2026-08-30 00:37:40,autoscaler,customdas-cpu-queue-autoscaler-emailservice,5,60,1,,,
2026-08-30 00:37:40,autoscaler,customdas-cpu-queue-autoscaler-frontend,5,60,1,,,
2026-08-30 00:37:40,autoscaler,customdas-cpu-queue-autoscaler-paymentservice,6,60,1,,,
2026-08-30 00:37:40,autoscaler,customdas-cpu-queue-autoscaler-productcatalogservice,8,60,1,,,
2026-08-30 00:37:40,autoscaler,customdas-cpu-queue-autoscaler-recommendationservice,5,60,1,,,
2026-08-30 00:37:40,autoscaler,customdas-cpu-queue-autoscaler-shippingservice,4,60,1,,,
2026-08-30 00:37:40,node,ze-master-node,2248,4012,,56.2,50.5,
2026-08-30 00:37:40,node,ze-worker-node,2192,1880,,54.8,23.7,
2026-08-30 00:37:47,deployment,adservice,40,94,1,,,
2026-08-30 00:37:47,deployment,cartservice,185,80,2,,,
2026-08-30 00:37:47,deployment,checkoutservice,33,21,2,,,
2026-08-30 00:37:47,deployment,currencyservice,270,95,2,,,
2026-08-30 00:37:47,deployment,emailservice,17,40,1,,,
2026-08-30 00:37:47,deployment,frontend,539,62,5,,,
2026-08-30 00:37:47,http_p95_latency,frontend,,,,,,244.7
2026-08-30 00:37:47,deployment,paymentservice,12,30,1,,,
2026-08-30 00:37:47,deployment,productcatalogservice,300,33,4,,,
2026-08-30 00:37:47,deployment,recommendationservice,196,85,2,,,
2026-08-30 00:37:47,deployment,redis-cart,14,31,1,,,
2026-08-30 00:37:47,deployment,shippingservice,26,9,1,,,
2026-08-30 00:37:47,autoscaler,customdas-cpu-queue-autoscaler-adservice,4,60,1,,,
2026-08-30 00:37:47,autoscaler,customdas-cpu-queue-autoscaler-cartservice,7,60,1,,,
2026-08-30 00:37:47,autoscaler,customdas-cpu-queue-autoscaler-checkoutservice,4,60,1,,,
2026-08-30 00:37:47,autoscaler,customdas-cpu-queue-autoscaler-currencyservice,6,60,1,,,
2026-08-30 00:37:47,autoscaler,customdas-cpu-queue-autoscaler-emailservice,4,60,1,,,
2026-08-30 00:37:47,autoscaler,customdas-cpu-queue-autoscaler-frontend,5,60,1,,,
2026-08-30 00:37:47,autoscaler,customdas-cpu-queue-autoscaler-paymentservice,0,60,1,,,
2026-08-30 00:37:47,autoscaler,customdas-cpu-queue-autoscaler-productcatalogservice,6,60,1,,,
2026-08-30 00:37:47,autoscaler,customdas-cpu-queue-autoscaler-recommendationservice,7,60,1,,,
2026-08-30 00:37:47,autoscaler,customdas-cpu-queue-autoscaler-shippingservice,2,60,1,,,
2026-08-30 00:37:47,node,ze-master-node,2334,4004,,58.4,50.4,
2026-08-30 00:37:47,node,ze-worker-node,2298,1877,,57.5,23.6,
2026-08-30 00:37:56,deployment,adservice,42,94,1,,,
2026-08-30 00:37:56,deployment,cartservice,186,80,2,,,
2026-08-30 00:37:56,deployment,checkoutservice,29,22,2,,,
2026-08-30 00:37:56,deployment,currencyservice,258,93,2,,,
2026-08-30 00:37:56,deployment,emailservice,19,40,1,,,
2026-08-30 00:37:56,deployment,frontend,538,62,5,,,
2026-08-30 00:37:56,http_p95_latency,frontend,,,,,,196.8
2026-08-30 00:37:56,deployment,paymentservice,10,31,1,,,
2026-08-30 00:37:56,deployment,productcatalogservice,290,33,4,,,
2026-08-30 00:37:56,deployment,recommendationservice,204,85,2,,,
2026-08-30 00:37:56,deployment,redis-cart,14,31,1,,,
2026-08-30 00:37:56,deployment,shippingservice,26,9,1,,,
2026-08-30 00:37:56,autoscaler,customdas-cpu-queue-autoscaler-adservice,4,60,1,,,
2026-08-30 00:37:56,autoscaler,customdas-cpu-queue-autoscaler-cartservice,7,60,1,,,
2026-08-30 00:37:56,autoscaler,customdas-cpu-queue-autoscaler-checkoutservice,4,60,1,,,
2026-08-30 00:37:56,autoscaler,customdas-cpu-queue-autoscaler-currencyservice,6,60,1,,,
2026-08-30 00:37:56,autoscaler,customdas-cpu-queue-autoscaler-emailservice,4,60,1,,,
2026-08-30 00:37:56,autoscaler,customdas-cpu-queue-autoscaler-frontend,5,60,1,,,
2026-08-30 00:37:56,autoscaler,customdas-cpu-queue-autoscaler-paymentservice,0,60,1,,,
2026-08-30 00:37:56,autoscaler,customdas-cpu-queue-autoscaler-productcatalogservice,6,60,1,,,
2026-08-30 00:37:56,autoscaler,customdas-cpu-queue-autoscaler-recommendationservice,7,60,1,,,
2026-08-30 00:37:56,autoscaler,customdas-cpu-queue-autoscaler-shippingservice,2,60,1,,,
2026-08-30 00:37:56,node,ze-master-node,2334,4004,,58.4,50.4,
2026-08-30 00:37:56,node,ze-worker-node,2298,1877,,57.5,23.6,
2026-08-30 00:38:06,deployment,adservice,43,94,1,,,
2026-08-30 00:38:06,deployment,cartservice,191,79,2,,,
2026-08-30 00:38:06,deployment,checkoutservice,41,24,2,,,
2026-08-30 00:38:06,deployment,currencyservice,273,94,2,,,
2026-08-30 00:38:06,deployment,emailservice,20,40,1,,,
2026-08-30 00:38:06,deployment,frontend,559,63,5,,,
2026-08-30 00:38:06,http_p95_latency,frontend,,,,,,196.8
2026-08-30 00:38:06,deployment,paymentservice,11,31,1,,,
2026-08-30 00:38:06,deployment,productcatalogservice,309,33,4,,,
2026-08-30 00:38:06,deployment,recommendationservice,196,86,2,,,
2026-08-30 00:38:06,deployment,redis-cart,15,31,1,,,
2026-08-30 00:38:06,deployment,shippingservice,27,9,1,,,
2026-08-30 00:38:06,autoscaler,customdas-cpu-queue-autoscaler-adservice,4,60,1,,,
2026-08-30 00:38:06,autoscaler,customdas-cpu-queue-autoscaler-cartservice,0,60,1,,,
2026-08-30 00:38:06,autoscaler,customdas-cpu-queue-autoscaler-checkoutservice,6,60,1,,,
2026-08-30 00:38:06,autoscaler,customdas-cpu-queue-autoscaler-currencyservice,6,60,1,,,
2026-08-30 00:38:06,autoscaler,customdas-cpu-queue-autoscaler-emailservice,5,60,1,,,
2026-08-30 00:38:06,autoscaler,customdas-cpu-queue-autoscaler-frontend,8,60,1,,,
2026-08-30 00:38:06,autoscaler,customdas-cpu-queue-autoscaler-paymentservice,0,60,1,,,
2026-08-30 00:38:06,autoscaler,customdas-cpu-queue-autoscaler-productcatalogservice,0,60,1,,,
2026-08-30 00:38:06,autoscaler,customdas-cpu-queue-autoscaler-recommendationservice,2,60,1,,,
2026-08-30 00:38:06,autoscaler,customdas-cpu-queue-autoscaler-shippingservice,4,60,1,,,
2026-08-30 00:38:06,node,ze-master-node,2211,4006,,55.3,50.4,
2026-08-30 00:38:06,node,ze-worker-node,2426,1880,,60.7,23.7,
2026-08-30 00:38:16,deployment,adservice,43,94,1,,,
2026-08-30 00:38:16,deployment,cartservice,191,79,2,,,
2026-08-30 00:38:16,deployment,checkoutservice,41,24,2,,,
2026-08-30 00:38:16,deployment,currencyservice,273,94,2,,,
2026-08-30 00:38:16,deployment,emailservice,20,40,1,,,
2026-08-30 00:38:16,deployment,frontend,559,63,5,,,
2026-08-30 00:38:16,http_p95_latency,frontend,,,,,,194.5
2026-08-30 00:38:16,deployment,paymentservice,11,31,1,,,
2026-08-30 00:38:16,deployment,productcatalogservice,309,33,4,,,
2026-08-30 00:38:16,deployment,recommendationservice,196,86,2,,,
2026-08-30 00:38:16,deployment,redis-cart,15,31,1,,,
2026-08-30 00:38:16,deployment,shippingservice,27,9,1,,,
2026-08-30 00:38:16,autoscaler,customdas-cpu-queue-autoscaler-adservice,4,60,1,,,
2026-08-30 00:38:16,autoscaler,customdas-cpu-queue-autoscaler-cartservice,0,60,1,,,
2026-08-30 00:38:16,autoscaler,customdas-cpu-queue-autoscaler-checkoutservice,6,60,1,,,
2026-08-30 00:38:16,autoscaler,customdas-cpu-queue-autoscaler-currencyservice,6,60,1,,,
2026-08-30 00:38:16,autoscaler,customdas-cpu-queue-autoscaler-emailservice,2,60,1,,,
2026-08-30 00:38:16,autoscaler,customdas-cpu-queue-autoscaler-frontend,5,60,1,,,
2026-08-30 00:38:16,autoscaler,customdas-cpu-queue-autoscaler-paymentservice,3,60,1,,,
2026-08-30 00:38:16,autoscaler,customdas-cpu-queue-autoscaler-productcatalogservice,10,60,1,,,
2026-08-30 00:38:16,autoscaler,customdas-cpu-queue-autoscaler-recommendationservice,2,60,1,,,
2026-08-30 00:38:16,autoscaler,customdas-cpu-queue-autoscaler-shippingservice,3,60,1,,,
2026-08-30 00:38:16,node,ze-master-node,2261,4021,,56.5,50.6,
2026-08-30 00:38:16,node,ze-worker-node,2379,1889,,59.5,23.8,
2026-08-30 00:38:25,deployment,adservice,41,94,1,,,
2026-08-30 00:38:25,deployment,cartservice,193,79,2,,,
2026-08-30 00:38:25,deployment,checkoutservice,32,22,2,,,
2026-08-30 00:38:25,deployment,currencyservice,272,92,2,,,
2026-08-30 00:38:25,deployment,emailservice,17,40,1,,,
2026-08-30 00:38:25,deployment,frontend,558,63,5,,,
2026-08-30 00:38:25,http_p95_latency,frontend,,,,,,194.5
2026-08-30 00:38:25,deployment,paymentservice,11,31,1,,,
2026-08-30 00:38:25,deployment,productcatalogservice,308,33,4,,,
2026-08-30 00:38:25,deployment,recommendationservice,197,85,2,,,
2026-08-30 00:38:25,deployment,redis-cart,16,31,1,,,
2026-08-30 00:38:25,deployment,shippingservice,25,9,1,,,
2026-08-30 00:38:25,autoscaler,customdas-cpu-queue-autoscaler-adservice,4,60,1,,,
2026-08-30 00:38:25,autoscaler,customdas-cpu-queue-autoscaler-cartservice,6,60,1,,,
2026-08-30 00:38:25,autoscaler,customdas-cpu-queue-autoscaler-checkoutservice,5,60,1,,,
2026-08-30 00:38:25,autoscaler,customdas-cpu-queue-autoscaler-currencyservice,4,60,1,,,
2026-08-30 00:38:25,autoscaler,customdas-cpu-queue-autoscaler-emailservice,2,60,1,,,
2026-08-30 00:38:25,autoscaler,customdas-cpu-queue-autoscaler-frontend,5,60,1,,,
2026-08-30 00:38:25,autoscaler,customdas-cpu-queue-autoscaler-paymentservice,3,60,1,,,
2026-08-30 00:38:25,autoscaler,customdas-cpu-queue-autoscaler-productcatalogservice,10,60,1,,,
2026-08-30 00:38:25,autoscaler,customdas-cpu-queue-autoscaler-recommendationservice,2,60,1,,,
2026-08-30 00:38:25,autoscaler,customdas-cpu-queue-autoscaler-shippingservice,3,60,1,,,
2026-08-30 00:38:25,node,ze-master-node,2261,4021,,56.5,50.6,
2026-08-30 00:38:25,node,ze-worker-node,2379,1889,,59.5,23.8,
2026-08-30 00:38:32,deployment,adservice,41,94,1,,,
2026-08-30 00:38:32,deployment,cartservice,193,79,2,,,
2026-08-30 00:38:32,deployment,checkoutservice,32,22,2,,,
2026-08-30 00:38:32,deployment,currencyservice,272,92,2,,,
2026-08-30 00:38:32,deployment,emailservice,17,40,1,,,
2026-08-30 00:38:32,deployment,frontend,558,63,5,,,
2026-08-30 00:38:32,http_p95_latency,frontend,,,,,,200.2
2026-08-30 00:38:32,deployment,paymentservice,11,31,1,,,
2026-08-30 00:38:32,deployment,productcatalogservice,308,33,4,,,
2026-08-30 00:38:32,deployment,recommendationservice,197,85,2,,,
2026-08-30 00:38:32,deployment,redis-cart,16,31,1,,,
2026-08-30 00:38:32,deployment,shippingservice,25,9,1,,,
2026-08-30 00:38:32,autoscaler,customdas-cpu-queue-autoscaler-adservice,4,60,1,,,
2026-08-30 00:38:32,autoscaler,customdas-cpu-queue-autoscaler-cartservice,1,60,1,,,
2026-08-30 00:38:32,autoscaler,customdas-cpu-queue-autoscaler-checkoutservice,5,60,1,,,
2026-08-30 00:38:32,autoscaler,customdas-cpu-queue-autoscaler-currencyservice,4,60,1,,,
2026-08-30 00:38:32,autoscaler,customdas-cpu-queue-autoscaler-emailservice,2,60,1,,,
2026-08-30 00:38:32,autoscaler,customdas-cpu-queue-autoscaler-frontend,7,60,1,,,
2026-08-30 00:38:32,autoscaler,customdas-cpu-queue-autoscaler-paymentservice,5,60,1,,,
2026-08-30 00:38:32,autoscaler,customdas-cpu-queue-autoscaler-productcatalogservice,5,60,1,,,
2026-08-30 00:38:32,autoscaler,customdas-cpu-queue-autoscaler-recommendationservice,8,60,1,,,
2026-08-30 00:38:32,autoscaler,customdas-cpu-queue-autoscaler-shippingservice,7,60,1,,,
2026-08-30 00:38:32,node,ze-master-node,2264,4040,,56.6,50.9,
2026-08-30 00:38:32,node,ze-worker-node,2373,1898,,59.3,23.9,
2026-08-30 00:38:40,deployment,adservice,41,94,1,,,
2026-08-30 00:38:40,deployment,cartservice,171,79,2,,,
2026-08-30 00:38:40,deployment,checkoutservice,38,22,2,,,
2026-08-30 00:38:40,deployment,currencyservice,280,93,2,,,
2026-08-30 00:38:40,deployment,emailservice,18,40,1,,,
2026-08-30 00:38:40,deployment,frontend,560,62,5,,,
2026-08-30 00:38:40,http_p95_latency,frontend,,,,,,200.2
2026-08-30 00:38:40,deployment,paymentservice,11,30,1,,,
2026-08-30 00:38:40,deployment,productcatalogservice,306,33,4,,,
2026-08-30 00:38:40,deployment,recommendationservice,199,85,2,,,
2026-08-30 00:38:40,deployment,redis-cart,43,31,1,,,
2026-08-30 00:38:40,deployment,shippingservice,27,9,2,,,
2026-08-30 00:38:40,autoscaler,customdas-cpu-queue-autoscaler-adservice,4,60,1,,,
2026-08-30 00:38:40,autoscaler,customdas-cpu-queue-autoscaler-cartservice,1,60,1,,,
2026-08-30 00:38:40,autoscaler,customdas-cpu-queue-autoscaler-checkoutservice,5,60,1,,,
2026-08-30 00:38:40,autoscaler,customdas-cpu-queue-autoscaler-currencyservice,4,60,1,,,
2026-08-30 00:38:40,autoscaler,customdas-cpu-queue-autoscaler-emailservice,2,60,1,,,
2026-08-30 00:38:40,autoscaler,customdas-cpu-queue-autoscaler-frontend,7,60,1,,,
2026-08-30 00:38:40,autoscaler,customdas-cpu-queue-autoscaler-paymentservice,5,60,1,,,
2026-08-30 00:38:40,autoscaler,customdas-cpu-queue-autoscaler-productcatalogservice,5,60,1,,,
2026-08-30 00:38:40,autoscaler,customdas-cpu-queue-autoscaler-recommendationservice,8,60,1,,,
2026-08-30 00:38:40,autoscaler,customdas-cpu-queue-autoscaler-shippingservice,7,60,1,,,
2026-08-30 00:38:40,node,ze-master-node,2264,4040,,56.6,50.9,
2026-08-30 00:38:40,node,ze-worker-node,2373,1898,,59.3,23.9,
2026-08-30 00:38:48,deployment,adservice,41,94,1,,,
2026-08-30 00:38:48,deployment,cartservice,171,79,2,,,
2026-08-30 00:38:48,deployment,checkoutservice,38,22,2,,,
2026-08-30 00:38:48,deployment,currencyservice,280,93,2,,,
2026-08-30 00:38:48,deployment,emailservice,18,40,1,,,
2026-08-30 00:38:48,deployment,frontend,560,62,5,,,
2026-08-30 00:38:48,http_p95_latency,frontend,,,,,,197.6
2026-08-30 00:38:48,deployment,paymentservice,11,30,1,,,
2026-08-30 00:38:48,deployment,productcatalogservice,308,33,5,,,
2026-08-30 00:38:48,deployment,recommendationservice,200,85,2,,,
2026-08-30 00:38:48,deployment,redis-cart,15,31,1,,,
2026-08-30 00:38:48,deployment,shippingservice,52,15,2,,,
2026-08-30 00:38:48,autoscaler,customdas-cpu-queue-autoscaler-adservice,4,60,1,,,
2026-08-30 00:38:48,autoscaler,customdas-cpu-queue-autoscaler-cartservice,4,60,1,,,
2026-08-30 00:38:48,autoscaler,customdas-cpu-queue-autoscaler-checkoutservice,4,60,1,,,
2026-08-30 00:38:48,autoscaler,customdas-cpu-queue-autoscaler-currencyservice,6,60,1,,,
2026-08-30 00:38:48,autoscaler,customdas-cpu-queue-autoscaler-emailservice,3,60,1,,,
2026-08-30 00:38:48,autoscaler,customdas-cpu-queue-autoscaler-frontend,7,60,1,,,
2026-08-30 00:38:48,autoscaler,customdas-cpu-queue-autoscaler-paymentservice,5,60,1,,,
2026-08-30 00:38:48,autoscaler,customdas-cpu-queue-autoscaler-productcatalogservice,0,60,1,,,
2026-08-30 00:38:48,autoscaler,customdas-cpu-queue-autoscaler-recommendationservice,0,60,1,,,
2026-08-30 00:38:48,autoscaler,customdas-cpu-queue-autoscaler-shippingservice,3,60,1,,,
2026-08-30 00:38:48,node,ze-master-node,2262,4050,,56.5,51.0,
2026-08-30 00:38:48,node,ze-worker-node,2362,1907,,59.1,24.0,
2026-08-30 00:38:56,deployment,adservice,42,94,1,,,
2026-08-30 00:38:56,deployment,cartservice,151,79,2,,,
2026-08-30 00:38:56,deployment,checkoutservice,37,22,2,,,
2026-08-30 00:38:56,deployment,currencyservice,272,104,2,,,
2026-08-30 00:38:56,deployment,emailservice,16,40,1,,,
2026-08-30 00:38:56,deployment,frontend,562,63,5,,,
2026-08-30 00:38:56,http_p95_latency,frontend,,,,,,215.2
2026-08-30 00:38:56,deployment,paymentservice,10,31,1,,,
2026-08-30 00:38:56,deployment,productcatalogservice,308,33,5,,,
2026-08-30 00:38:56,deployment,recommendationservice,200,85,2,,,
2026-08-30 00:38:56,deployment,redis-cart,15,31,1,,,
2026-08-30 00:38:56,deployment,shippingservice,52,15,2,,,
2026-08-30 00:38:56,autoscaler,customdas-cpu-queue-autoscaler-adservice,4,60,1,,,
2026-08-30 00:38:56,autoscaler,customdas-cpu-queue-autoscaler-cartservice,4,60,1,,,
2026-08-30 00:38:56,autoscaler,customdas-cpu-queue-autoscaler-checkoutservice,4,60,1,,,
2026-08-30 00:38:56,autoscaler,customdas-cpu-queue-autoscaler-currencyservice,6,60,1,,,
2026-08-30 00:38:56,autoscaler,customdas-cpu-queue-autoscaler-emailservice,3,60,1,,,
2026-08-30 00:38:56,autoscaler,customdas-cpu-queue-autoscaler-frontend,7,60,1,,,
2026-08-30 00:38:56,autoscaler,customdas-cpu-queue-autoscaler-paymentservice,5,60,1,,,
2026-08-30 00:38:56,autoscaler,customdas-cpu-queue-autoscaler-productcatalogservice,0,60,1,,,
2026-08-30 00:38:56,autoscaler,customdas-cpu-queue-autoscaler-recommendationservice,0,60,1,,,
2026-08-30 00:38:56,autoscaler,customdas-cpu-queue-autoscaler-shippingservice,3,60,1,,,
2026-08-30 00:38:56,node,ze-master-node,2262,4050,,56.5,51.0,
2026-08-30 00:38:56,node,ze-worker-node,2362,1907,,59.1,24.0,
2026-08-30 00:39:03,deployment,adservice,42,94,1,,,
2026-08-30 00:39:03,deployment,cartservice,151,79,2,,,
2026-08-30 00:39:03,deployment,checkoutservice,37,22,2,,,
2026-08-30 00:39:03,deployment,currencyservice,272,104,2,,,
2026-08-30 00:39:03,deployment,emailservice,16,40,1,,,
2026-08-30 00:39:03,deployment,frontend,562,63,5,,,
2026-08-30 00:39:03,http_p95_latency,frontend,,,,,,215.2
2026-08-30 00:39:03,deployment,paymentservice,10,31,1,,,
2026-08-30 00:39:03,deployment,productcatalogservice,328,41,5,,,
2026-08-30 00:39:03,deployment,recommendationservice,215,85,2,,,
2026-08-30 00:39:03,deployment,redis-cart,16,31,1,,,
2026-08-30 00:39:03,deployment,shippingservice,44,15,2,,,
2026-08-30 00:39:03,autoscaler,customdas-cpu-queue-autoscaler-adservice,0,60,1,,,
2026-08-30 00:39:03,autoscaler,customdas-cpu-queue-autoscaler-cartservice,4,60,1,,,
2026-08-30 00:39:03,autoscaler,customdas-cpu-queue-autoscaler-checkoutservice,3,60,1,,,
2026-08-30 00:39:03,autoscaler,customdas-cpu-queue-autoscaler-currencyservice,6,60,1,,,
2026-08-30 00:39:03,autoscaler,customdas-cpu-queue-autoscaler-emailservice,2,60,1,,,
2026-08-30 00:39:03,autoscaler,customdas-cpu-queue-autoscaler-frontend,6,60,1,,,
2026-08-30 00:39:03,autoscaler,customdas-cpu-queue-autoscaler-paymentservice,4,60,1,,,
2026-08-30 00:39:03,autoscaler,customdas-cpu-queue-autoscaler-productcatalogservice,8,60,1,,,
2026-08-30 00:39:03,autoscaler,customdas-cpu-queue-autoscaler-recommendationservice,4,60,1,,,
2026-08-30 00:39:03,autoscaler,customdas-cpu-queue-autoscaler-shippingservice,2,60,1,,,
2026-08-30 00:39:03,node,ze-master-node,2292,4067,,57.3,51.2,
2026-08-30 00:39:03,node,ze-worker-node,2454,1917,,61.4,24.1,
2026-08-30 00:39:11,deployment,adservice,45,94,1,,,
2026-08-30 00:39:11,deployment,cartservice,147,79,2,,,
2026-08-30 00:39:11,deployment,checkoutservice,36,22,2,,,
2026-08-30 00:39:11,deployment,currencyservice,280,116,2,,,
2026-08-30 00:39:11,deployment,emailservice,18,40,1,,,
2026-08-30 00:39:11,deployment,frontend,598,63,5,,,
2026-08-30 00:39:11,http_p95_latency,frontend,,,,,,237.9
2026-08-30 00:39:11,deployment,paymentservice,10,31,1,,,
2026-08-30 00:39:11,deployment,productcatalogservice,328,41,5,,,
2026-08-30 00:39:11,deployment,recommendationservice,215,85,2,,,
2026-08-30 00:39:11,deployment,redis-cart,16,31,1,,,
2026-08-30 00:39:11,deployment,shippingservice,44,15,2,,,
2026-08-30 00:39:11,autoscaler,customdas-cpu-queue-autoscaler-adservice,0,60,1,,,
2026-08-30 00:39:11,autoscaler,customdas-cpu-queue-autoscaler-cartservice,4,60,1,,,
2026-08-30 00:39:11,autoscaler,customdas-cpu-queue-autoscaler-checkoutservice,3,60,1,,,
2026-08-30 00:39:11,autoscaler,customdas-cpu-queue-autoscaler-currencyservice,6,60,1,,,
2026-08-30 00:39:11,autoscaler,customdas-cpu-queue-autoscaler-emailservice,2,60,1,,,
2026-08-30 00:39:11,autoscaler,customdas-cpu-queue-autoscaler-frontend,6,60,1,,,
2026-08-30 00:39:11,autoscaler,customdas-cpu-queue-autoscaler-paymentservice,4,60,1,,,
2026-08-30 00:39:11,autoscaler,customdas-cpu-queue-autoscaler-productcatalogservice,8,60,1,,,
2026-08-30 00:39:11,autoscaler,customdas-cpu-queue-autoscaler-recommendationservice,4,60,1,,,
2026-08-30 00:39:11,autoscaler,customdas-cpu-queue-autoscaler-shippingservice,2,60,1,,,
2026-08-30 00:39:11,node,ze-master-node,2292,4067,,57.3,51.2,
2026-08-30 00:39:11,node,ze-worker-node,2454,1917,,61.4,24.1,
2026-08-30 00:39:19,deployment,adservice,45,94,1,,,
2026-08-30 00:39:19,deployment,cartservice,154,80,2,,,
2026-08-30 00:39:19,deployment,checkoutservice,40,22,2,,,
2026-08-30 00:39:19,deployment,currencyservice,299,118,2,,,
2026-08-30 00:39:19,deployment,emailservice,21,40,1,,,
2026-08-30 00:39:19,deployment,frontend,593,63,5,,,
2026-08-30 00:39:19,http_p95_latency,frontend,,,,,,237.9
2026-08-30 00:39:19,deployment,paymentservice,12,31,1,,,
2026-08-30 00:39:19,deployment,productcatalogservice,335,41,5,,,
2026-08-30 00:39:19,deployment,recommendationservice,215,85,2,,,
2026-08-30 00:39:19,deployment,redis-cart,16,31,1,,,
2026-08-30 00:39:19,deployment,shippingservice,38,16,2,,,
2026-08-30 00:39:19,autoscaler,customdas-cpu-queue-autoscaler-adservice,7,60,1,,,
2026-08-30 00:39:19,autoscaler,customdas-cpu-queue-autoscaler-cartservice,0,60,1,,,
2026-08-30 00:39:19,autoscaler,customdas-cpu-queue-autoscaler-checkoutservice,5,60,1,,,
2026-08-30 00:39:19,autoscaler,customdas-cpu-queue-autoscaler-currencyservice,0,60,1,,,
2026-08-30 00:39:19,autoscaler,customdas-cpu-queue-autoscaler-emailservice,5,60,1,,,
2026-08-30 00:39:19,autoscaler,customdas-cpu-queue-autoscaler-frontend,9,60,1,,,
2026-08-30 00:39:19,autoscaler,customdas-cpu-queue-autoscaler-paymentservice,5,60,1,,,
2026-08-30 00:39:19,autoscaler,customdas-cpu-queue-autoscaler-productcatalogservice,2,60,1,,,
2026-08-30 00:39:19,autoscaler,customdas-cpu-queue-autoscaler-recommendationservice,7,60,1,,,
2026-08-30 00:39:19,autoscaler,customdas-cpu-queue-autoscaler-shippingservice,4,60,1,,,
2026-08-30 00:39:19,node,ze-master-node,2403,4012,,60.1,50.5,
2026-08-30 00:39:19,node,ze-worker-node,2395,1913,,59.9,24.1,
2026-08-30 00:39:26,deployment,adservice,45,94,1,,,
2026-08-30 00:39:26,deployment,cartservice,154,80,2,,,
2026-08-30 00:39:26,deployment,checkoutservice,40,22,2,,,
2026-08-30 00:39:26,deployment,currencyservice,299,118,2,,,
2026-08-30 00:39:26,deployment,emailservice,21,40,1,,,
2026-08-30 00:39:26,deployment,frontend,593,63,5,,,
2026-08-30 00:39:26,http_p95_latency,frontend,,,,,,235.9
2026-08-30 00:39:26,deployment,paymentservice,12,31,1,,,
2026-08-30 00:39:26,deployment,productcatalogservice,335,41,5,,,
2026-08-30 00:39:26,deployment,recommendationservice,215,85,2,,,
2026-08-30 00:39:26,deployment,redis-cart,16,31,1,,,
2026-08-30 00:39:26,deployment,shippingservice,38,16,2,,,
2026-08-30 00:39:26,autoscaler,customdas-cpu-queue-autoscaler-adservice,7,60,1,,,
2026-08-30 00:39:26,autoscaler,customdas-cpu-queue-autoscaler-cartservice,0,60,1,,,
2026-08-30 00:39:26,autoscaler,customdas-cpu-queue-autoscaler-checkoutservice,5,60,1,,,
2026-08-30 00:39:26,autoscaler,customdas-cpu-queue-autoscaler-currencyservice,0,60,1,,,
2026-08-30 00:39:26,autoscaler,customdas-cpu-queue-autoscaler-emailservice,5,60,1,,,
2026-08-30 00:39:26,autoscaler,customdas-cpu-queue-autoscaler-frontend,9,60,1,,,
2026-08-30 00:39:26,autoscaler,customdas-cpu-queue-autoscaler-paymentservice,5,60,1,,,
2026-08-30 00:39:26,autoscaler,customdas-cpu-queue-autoscaler-productcatalogservice,2,60,1,,,
2026-08-30 00:39:26,autoscaler,customdas-cpu-queue-autoscaler-recommendationservice,7,60,1,,,
2026-08-30 00:39:26,autoscaler,customdas-cpu-queue-autoscaler-shippingservice,4,60,1,,,
2026-08-30 00:39:26,node,ze-master-node,2403,4012,,60.1,50.5,
2026-08-30 00:39:26,node,ze-worker-node,2395,1913,,59.9,24.1,
2026-08-30 00:39:33,deployment,adservice,45,94,1,,,
2026-08-30 00:39:33,deployment,cartservice,154,80,2,,,
2026-08-30 00:39:33,deployment,checkoutservice,40,22,2,,,
2026-08-30 00:39:33,deployment,currencyservice,299,118,2,,,
2026-08-30 00:39:33,deployment,emailservice,21,40,1,,,
2026-08-30 00:39:33,deployment,frontend,593,63,5,,,
2026-08-30 00:39:33,http_p95_latency,frontend,,,,,,235.9
2026-08-30 00:39:33,deployment,paymentservice,12,31,1,,,
2026-08-30 00:39:33,deployment,productcatalogservice,320,41,5,,,
2026-08-30 00:39:33,deployment,recommendationservice,213,85,2,,,
2026-08-30 00:39:33,deployment,redis-cart,16,31,1,,,
2026-08-30 00:39:33,deployment,shippingservice,39,16,2,,,
2026-08-30 00:39:33,autoscaler,customdas-cpu-queue-autoscaler-adservice,3,60,1,,,
2026-08-30 00:39:33,autoscaler,customdas-cpu-queue-autoscaler-cartservice,10,60,1,,,
2026-08-30 00:39:33,autoscaler,customdas-cpu-queue-autoscaler-checkoutservice,0,60,1,,,
2026-08-30 00:39:33,autoscaler,customdas-cpu-queue-autoscaler-currencyservice,5,60,1,,,
2026-08-30 00:39:33,autoscaler,customdas-cpu-queue-autoscaler-emailservice,4,60,1,,,
2026-08-30 00:39:33,autoscaler,customdas-cpu-queue-autoscaler-frontend,9,60,1,,,
2026-08-30 00:39:33,autoscaler,customdas-cpu-queue-autoscaler-paymentservice,3,60,1,,,
2026-08-30 00:39:33,autoscaler,customdas-cpu-queue-autoscaler-productcatalogservice,10,60,1,,,
2026-08-30 00:39:33,autoscaler,customdas-cpu-queue-autoscaler-recommendationservice,0,60,1,,,
2026-08-30 00:39:33,autoscaler,customdas-cpu-queue-autoscaler-shippingservice,3,60,1,,,
2026-08-30 00:39:33,node,ze-master-node,2245,4024,,56.1,50.7,
2026-08-30 00:39:33,node,ze-worker-node,2491,1914,,62.3,24.1,
2026-08-30 00:39:40,deployment,adservice,45,94,1,,,
2026-08-30 00:39:40,deployment,cartservice,164,80,2,,,
2026-08-30 00:39:40,deployment,checkoutservice,36,22,2,,,
2026-08-30 00:39:40,deployment,currencyservice,289,122,2,,,
2026-08-30 00:39:40,deployment,emailservice,15,40,1,,,
2026-08-30 00:39:40,deployment,frontend,621,62,5,,,
2026-08-30 00:39:40,http_p95_latency,frontend,,,,,,235.9
2026-08-30 00:39:40,deployment,paymentservice,11,31,1,,,
2026-08-30 00:39:40,deployment,productcatalogservice,320,41,5,,,
2026-08-30 00:39:40,deployment,recommendationservice,213,85,2,,,
2026-08-30 00:39:40,deployment,redis-cart,16,31,1,,,
2026-08-30 00:39:40,deployment,shippingservice,39,16,2,,,
2026-08-30 00:39:40,autoscaler,customdas-cpu-queue-autoscaler-adservice,3,60,1,,,
2026-08-30 00:39:40,autoscaler,customdas-cpu-queue-autoscaler-cartservice,10,60,1,,,
2026-08-30 00:39:40,autoscaler,customdas-cpu-queue-autoscaler-checkoutservice,0,60,1,,,
2026-08-30 00:39:40,autoscaler,customdas-cpu-queue-autoscaler-currencyservice,5,60,1,,,
2026-08-30 00:39:40,autoscaler,customdas-cpu-queue-autoscaler-emailservice,4,60,1,,,
2026-08-30 00:39:40,autoscaler,customdas-cpu-queue-autoscaler-frontend,9,60,1,,,
2026-08-30 00:39:40,autoscaler,customdas-cpu-queue-autoscaler-paymentservice,3,60,1,,,
2026-08-30 00:39:40,autoscaler,customdas-cpu-queue-autoscaler-productcatalogservice,10,60,1,,,
2026-08-30 00:39:40,autoscaler,customdas-cpu-queue-autoscaler-recommendationservice,0,60,1,,,
2026-08-30 00:39:40,autoscaler,customdas-cpu-queue-autoscaler-shippingservice,3,60,1,,,
2026-08-30 00:39:40,node,ze-master-node,2245,4024,,56.1,50.7,
2026-08-30 00:39:40,node,ze-worker-node,2491,1914,,62.3,24.1,
2026-08-30 00:39:47,deployment,adservice,45,94,1,,,
2026-08-30 00:39:47,deployment,cartservice,164,80,2,,,
2026-08-30 00:39:47,deployment,checkoutservice,36,22,2,,,
2026-08-30 00:39:47,deployment,currencyservice,289,122,2,,,
2026-08-30 00:39:47,deployment,emailservice,15,40,1,,,
2026-08-30 00:39:47,deployment,frontend,621,62,6,,,
2026-08-30 00:39:47,http_p95_latency,frontend,,,,,,237.4
2026-08-30 00:39:47,deployment,paymentservice,10,31,1,,,
2026-08-30 00:39:47,deployment,productcatalogservice,324,41,5,,,
2026-08-30 00:39:47,deployment,recommendationservice,206,85,2,,,
2026-08-30 00:39:47,deployment,redis-cart,16,31,1,,,
2026-08-30 00:39:47,deployment,shippingservice,36,16,2,,,
2026-08-30 00:39:47,autoscaler,customdas-cpu-queue-autoscaler-adservice,3,60,1,,,
2026-08-30 00:39:47,autoscaler,customdas-cpu-queue-autoscaler-cartservice,4,60,1,,,
2026-08-30 00:39:47,autoscaler,customdas-cpu-queue-autoscaler-checkoutservice,6,60,1,,,
2026-08-30 00:39:47,autoscaler,customdas-cpu-queue-autoscaler-currencyservice,5,60,1,,,
2026-08-30 00:39:47,autoscaler,customdas-cpu-queue-autoscaler-emailservice,3,60,1,,,
2026-08-30 00:39:47,autoscaler,customdas-cpu-queue-autoscaler-frontend,4,60,1,,,
2026-08-30 00:39:47,autoscaler,customdas-cpu-queue-autoscaler-paymentservice,3,60,1,,,
2026-08-30 00:39:47,autoscaler,customdas-cpu-queue-autoscaler-productcatalogservice,1,60,1,,,
2026-08-30 00:39:47,autoscaler,customdas-cpu-queue-autoscaler-recommendationservice,7,60,1,,,
2026-08-30 00:39:47,autoscaler,customdas-cpu-queue-autoscaler-shippingservice,1,60,1,,,
2026-08-30 00:39:47,node,ze-master-node,2300,4072,,57.5,51.3,
2026-08-30 00:39:47,node,ze-worker-node,2485,1912,,62.1,24.1,
2026-08-30 00:39:56,deployment,adservice,47,94,1,,,
2026-08-30 00:39:56,deployment,cartservice,148,80,2,,,
2026-08-30 00:39:56,deployment,checkoutservice,39,21,2,,,
2026-08-30 00:39:56,deployment,currencyservice,283,120,2,,,
2026-08-30 00:39:56,deployment,emailservice,18,40,1,,,
2026-08-30 00:39:56,deployment,frontend,592,62,6,,,
2026-08-30 00:39:56,http_p95_latency,frontend,,,,,,237.4
2026-08-30 00:39:56,deployment,paymentservice,10,31,1,,,
2026-08-30 00:39:56,deployment,productcatalogservice,324,41,5,,,
2026-08-30 00:39:56,deployment,recommendationservice,206,85,2,,,
2026-08-30 00:39:56,deployment,redis-cart,16,31,1,,,
2026-08-30 00:39:56,deployment,shippingservice,36,16,2,,,
2026-08-30 00:39:56,autoscaler,customdas-cpu-queue-autoscaler-adservice,3,60,1,,,
2026-08-30 00:39:56,autoscaler,customdas-cpu-queue-autoscaler-cartservice,4,60,1,,,
2026-08-30 00:39:56,autoscaler,customdas-cpu-queue-autoscaler-checkoutservice,6,60,1,,,
2026-08-30 00:39:56,autoscaler,customdas-cpu-queue-autoscaler-currencyservice,5,60,1,,,
2026-08-30 00:39:56,autoscaler,customdas-cpu-queue-autoscaler-emailservice,3,60,1,,,
2026-08-30 00:39:56,autoscaler,customdas-cpu-queue-autoscaler-frontend,4,60,1,,,
2026-08-30 00:39:56,autoscaler,customdas-cpu-queue-autoscaler-paymentservice,3,60,1,,,
2026-08-30 00:39:56,autoscaler,customdas-cpu-queue-autoscaler-productcatalogservice,1,60,1,,,
2026-08-30 00:39:56,autoscaler,customdas-cpu-queue-autoscaler-recommendationservice,7,60,1,,,
2026-08-30 00:39:56,autoscaler,customdas-cpu-queue-autoscaler-shippingservice,1,60,1,,,
2026-08-30 00:39:56,node,ze-master-node,2300,4072,,57.5,51.3,
2026-08-30 00:39:56,node,ze-worker-node,2485,1912,,62.1,24.1,
2026-08-30 00:40:04,deployment,adservice,47,94,1,,,
2026-08-30 00:40:04,deployment,cartservice,148,80,2,,,
2026-08-30 00:40:04,deployment,checkoutservice,39,21,2,,,
2026-08-30 00:40:04,deployment,currencyservice,283,120,2,,,
2026-08-30 00:40:04,deployment,emailservice,18,40,1,,,
2026-08-30 00:40:04,deployment,frontend,567,72,6,,,
2026-08-30 00:40:04,http_p95_latency,frontend,,,,,,219.2
2026-08-30 00:40:04,deployment,paymentservice,9,31,1,,,
2026-08-30 00:40:04,deployment,productcatalogservice,309,41,5,,,
2026-08-30 00:40:04,deployment,recommendationservice,204,85,2,,,
2026-08-30 00:40:04,deployment,redis-cart,16,31,1,,,
2026-08-30 00:40:04,deployment,shippingservice,40,16,2,,,
2026-08-30 00:40:04,autoscaler,customdas-cpu-queue-autoscaler-adservice,3,60,1,,,
2026-08-30 00:40:04,autoscaler,customdas-cpu-queue-autoscaler-cartservice,3,60,1,,,
2026-08-30 00:40:04,autoscaler,customdas-cpu-queue-autoscaler-checkoutservice,7,60,1,,,
2026-08-30 00:40:04,autoscaler,customdas-cpu-queue-autoscaler-currencyservice,3,60,1,,,
2026-08-30 00:40:04,autoscaler,customdas-cpu-queue-autoscaler-emailservice,2,60,1,,,
2026-08-30 00:40:04,autoscaler,customdas-cpu-queue-autoscaler-frontend,5,60,1,,,
2026-08-30 00:40:04,autoscaler,customdas-cpu-queue-autoscaler-paymentservice,5,60,1,,,
2026-08-30 00:40:04,autoscaler,customdas-cpu-queue-autoscaler-productcatalogservice,4,60,1,,,
2026-08-30 00:40:04,autoscaler,customdas-cpu-queue-autoscaler-recommendationservice,4,60,1,,,
2026-08-30 00:40:04,autoscaler,customdas-cpu-queue-autoscaler-shippingservice,7,60,1,,,
2026-08-30 00:40:04,node,ze-master-node,2186,4088,,54.6,51.5,
2026-08-30 00:40:04,node,ze-worker-node,2338,1918,,58.5,24.2,
2026-08-30 00:40:10,deployment,adservice,46,94,1,,,
2026-08-30 00:40:10,deployment,cartservice,164,80,2,,,
2026-08-30 00:40:10,deployment,checkoutservice,36,22,2,,,
2026-08-30 00:40:10,deployment,currencyservice,285,123,2,,,
2026-08-30 00:40:10,deployment,emailservice,18,40,1,,,
2026-08-30 00:40:10,deployment,frontend,567,72,6,,,
2026-08-30 00:40:10,http_p95_latency,frontend,,,,,,219.2
2026-08-30 00:40:10,deployment,paymentservice,9,31,1,,,
2026-08-30 00:40:10,deployment,productcatalogservice,309,41,5,,,
2026-08-30 00:40:10,deployment,recommendationservice,204,85,2,,,
2026-08-30 00:40:10,deployment,redis-cart,16,31,1,,,
2026-08-30 00:40:10,deployment,shippingservice,40,16,2,,,
2026-08-30 00:40:10,autoscaler,customdas-cpu-queue-autoscaler-adservice,3,60,1,,,
2026-08-30 00:40:10,autoscaler,customdas-cpu-queue-autoscaler-cartservice,3,60,1,,,
2026-08-30 00:40:10,autoscaler,customdas-cpu-queue-autoscaler-checkoutservice,7,60,1,,,
2026-08-30 00:40:10,autoscaler,customdas-cpu-queue-autoscaler-currencyservice,3,60,1,,,
2026-08-30 00:40:10,autoscaler,customdas-cpu-queue-autoscaler-emailservice,2,60,1,,,
2026-08-30 00:40:10,autoscaler,customdas-cpu-queue-autoscaler-frontend,5,60,1,,,
2026-08-30 00:40:10,autoscaler,customdas-cpu-queue-autoscaler-paymentservice,5,60,1,,,
2026-08-30 00:40:10,autoscaler,customdas-cpu-queue-autoscaler-productcatalogservice,4,60,1,,,
2026-08-30 00:40:10,autoscaler,customdas-cpu-queue-autoscaler-recommendationservice,4,60,1,,,
2026-08-30 00:40:10,autoscaler,customdas-cpu-queue-autoscaler-shippingservice,7,60,1,,,
2026-08-30 00:40:10,node,ze-master-node,2186,4088,,54.6,51.5,
2026-08-30 00:40:10,node,ze-worker-node,2338,1918,,58.5,24.2,
2026-08-30 00:40:20,deployment,adservice,44,94,1,,,
2026-08-30 00:40:20,deployment,cartservice,167,80,2,,,
2026-08-30 00:40:20,deployment,checkoutservice,34,22,2,,,
2026-08-30 00:40:20,deployment,currencyservice,289,123,2,,,
2026-08-30 00:40:20,deployment,emailservice,16,40,1,,,
2026-08-30 00:40:20,deployment,frontend,455,63,5,,,
2026-08-30 00:40:20,http_p95_latency,frontend,,,,,,223.9
2026-08-30 00:40:20,deployment,paymentservice,9,34,1,,,
2026-08-30 00:40:20,deployment,productcatalogservice,287,41,5,,,
2026-08-30 00:40:20,deployment,recommendationservice,187,85,2,,,
2026-08-30 00:40:20,deployment,redis-cart,16,31,1,,,
2026-08-30 00:40:20,deployment,shippingservice,34,16,2,,,
2026-08-30 00:40:20,autoscaler,customdas-cpu-queue-autoscaler-adservice,6,60,1,,,
2026-08-30 00:40:20,autoscaler,customdas-cpu-queue-autoscaler-cartservice,4,60,1,,,
2026-08-30 00:40:20,autoscaler,customdas-cpu-queue-autoscaler-checkoutservice,3,60,1,,,
2026-08-30 00:40:20,autoscaler,customdas-cpu-queue-autoscaler-currencyservice,3,60,1,,,
2026-08-30 00:40:20,autoscaler,customdas-cpu-queue-autoscaler-emailservice,2,60,1,,,
2026-08-30 00:40:20,autoscaler,customdas-cpu-queue-autoscaler-frontend,4,60,1,,,
2026-08-30 00:40:20,autoscaler,customdas-cpu-queue-autoscaler-paymentservice,6,60,1,,,
2026-08-30 00:40:20,autoscaler,customdas-cpu-queue-autoscaler-productcatalogservice,5,60,1,,,
2026-08-30 00:40:20,autoscaler,customdas-cpu-queue-autoscaler-recommendationservice,3,60,1,,,
2026-08-30 00:40:20,autoscaler,customdas-cpu-queue-autoscaler-shippingservice,3,60,1,,,
2026-08-30 00:40:20,node,ze-master-node,2175,4078,,54.4,51.4,
2026-08-30 00:40:20,node,ze-worker-node,2261,1908,,56.5,24.0,
2026-08-30 00:40:28,deployment,adservice,44,94,1,,,
2026-08-30 00:40:28,deployment,cartservice,167,80,2,,,
2026-08-30 00:40:28,deployment,checkoutservice,34,22,2,,,
2026-08-30 00:40:28,deployment,currencyservice,289,123,2,,,
2026-08-30 00:40:28,deployment,emailservice,16,40,1,,,
2026-08-30 00:40:28,deployment,frontend,455,63,5,,,
2026-08-30 00:40:28,http_p95_latency,frontend,,,,,,226.0
2026-08-30 00:40:28,deployment,paymentservice,9,34,1,,,
2026-08-30 00:40:28,deployment,productcatalogservice,287,41,5,,,
2026-08-30 00:40:28,deployment,recommendationservice,187,85,2,,,
2026-08-30 00:40:28,deployment,redis-cart,16,31,1,,,
2026-08-30 00:40:28,deployment,shippingservice,34,16,2,,,
2026-08-30 00:40:28,autoscaler,customdas-cpu-queue-autoscaler-adservice,6,60,1,,,
2026-08-30 00:40:28,autoscaler,customdas-cpu-queue-autoscaler-cartservice,4,60,1,,,
2026-08-30 00:40:28,autoscaler,customdas-cpu-queue-autoscaler-checkoutservice,3,60,1,,,
2026-08-30 00:40:28,autoscaler,customdas-cpu-queue-autoscaler-currencyservice,3,60,1,,,
2026-08-30 00:40:28,autoscaler,customdas-cpu-queue-autoscaler-emailservice,2,60,1,,,
2026-08-30 00:40:28,autoscaler,customdas-cpu-queue-autoscaler-frontend,4,60,1,,,
2026-08-30 00:40:28,autoscaler,customdas-cpu-queue-autoscaler-paymentservice,6,60,1,,,
2026-08-30 00:40:28,autoscaler,customdas-cpu-queue-autoscaler-productcatalogservice,5,60,1,,,
2026-08-30 00:40:28,autoscaler,customdas-cpu-queue-autoscaler-recommendationservice,3,60,1,,,
2026-08-30 00:40:28,autoscaler,customdas-cpu-queue-autoscaler-shippingservice,3,60,1,,,
2026-08-30 00:40:28,node,ze-master-node,2175,4078,,54.4,51.4,
2026-08-30 00:40:28,node,ze-worker-node,2261,1908,,56.5,24.0,
2026-08-30 00:40:39,deployment,adservice,44,94,1,,,
2026-08-30 00:40:39,deployment,cartservice,184,80,2,,,
2026-08-30 00:40:39,deployment,checkoutservice,36,22,2,,,
2026-08-30 00:40:39,deployment,currencyservice,268,124,2,,,
2026-08-30 00:40:39,deployment,emailservice,15,40,1,,,
2026-08-30 00:40:39,deployment,frontend,521,63,5,,,
2026-08-30 00:40:39,http_p95_latency,frontend,,,,,,226.0
2026-08-30 00:40:39,deployment,paymentservice,8,31,1,,,
2026-08-30 00:40:39,deployment,productcatalogservice,293,41,5,,,
2026-08-30 00:40:39,deployment,recommendationservice,186,85,2,,,
2026-08-30 00:40:39,deployment,redis-cart,15,31,1,,,
2026-08-30 00:40:39,deployment,shippingservice,13,9,1,,,
2026-08-30 00:40:39,autoscaler,customdas-cpu-queue-autoscaler-adservice,0,60,1,,,
2026-08-30 00:40:39,autoscaler,customdas-cpu-queue-autoscaler-cartservice,3,60,1,,,
2026-08-30 00:40:39,autoscaler,customdas-cpu-queue-autoscaler-checkoutservice,0,60,1,,,
2026-08-30 00:40:39,autoscaler,customdas-cpu-queue-autoscaler-currencyservice,2,60,1,,,
2026-08-30 00:40:39,autoscaler,customdas-cpu-queue-autoscaler-emailservice,3,60,1,,,
2026-08-30 00:40:39,autoscaler,customdas-cpu-queue-autoscaler-frontend,8,60,1,,,
2026-08-30 00:40:39,autoscaler,customdas-cpu-queue-autoscaler-paymentservice,5,60,1,,,
2026-08-30 00:40:39,autoscaler,customdas-cpu-queue-autoscaler-productcatalogservice,5,60,1,,,
2026-08-30 00:40:39,autoscaler,customdas-cpu-queue-autoscaler-recommendationservice,3,60,1,,,
2026-08-30 00:40:39,autoscaler,customdas-cpu-queue-autoscaler-shippingservice,3,60,1,,,
2026-08-30 00:40:39,node,ze-master-node,2168,4085,,54.2,51.4,
2026-08-30 00:40:39,node,ze-worker-node,2312,1919,,57.8,24.2,
2026-08-30 00:40:47,deployment,adservice,44,94,1,,,
2026-08-30 00:40:47,deployment,cartservice,184,80,2,,,
2026-08-30 00:40:47,deployment,checkoutservice,16,12,1,,,
2026-08-30 00:40:47,deployment,currencyservice,268,124,2,,,
2026-08-30 00:40:47,deployment,emailservice,15,40,1,,,
2026-08-30 00:40:47,deployment,frontend,521,63,5,,,
2026-08-30 00:40:47,http_p95_latency,frontend,,,,,,219.5
2026-08-30 00:40:47,deployment,paymentservice,8,31,1,,,
2026-08-30 00:40:47,deployment,productcatalogservice,255,34,4,,,
2026-08-30 00:40:47,deployment,recommendationservice,195,85,2,,,
2026-08-30 00:40:47,deployment,redis-cart,15,31,1,,,
2026-08-30 00:40:47,deployment,shippingservice,19,9,1,,,
2026-08-30 00:40:47,autoscaler,customdas-cpu-queue-autoscaler-adservice,6,60,1,,,
2026-08-30 00:40:47,autoscaler,customdas-cpu-queue-autoscaler-cartservice,0,60,1,,,
2026-08-30 00:40:47,autoscaler,customdas-cpu-queue-autoscaler-checkoutservice,5,60,1,,,
2026-08-30 00:40:47,autoscaler,customdas-cpu-queue-autoscaler-currencyservice,4,60,1,,,
2026-08-30 00:40:47,autoscaler,customdas-cpu-queue-autoscaler-emailservice,3,60,1,,,
2026-08-30 00:40:47,autoscaler,customdas-cpu-queue-autoscaler-frontend,8,60,1,,,
2026-08-30 00:40:47,autoscaler,customdas-cpu-queue-autoscaler-paymentservice,3,60,1,,,
2026-08-30 00:40:47,autoscaler,customdas-cpu-queue-autoscaler-productcatalogservice,4,60,1,,,
2026-08-30 00:40:47,autoscaler,customdas-cpu-queue-autoscaler-recommendationservice,2,60,1,,,
2026-08-30 00:40:47,autoscaler,customdas-cpu-queue-autoscaler-shippingservice,4,60,1,,,
2026-08-30 00:40:47,node,ze-master-node,2300,4075,,57.5,51.3,
2026-08-30 00:40:47,node,ze-worker-node,2396,1899,,59.9,23.9,
2026-08-30 00:40:56,deployment,adservice,43,94,1,,,
2026-08-30 00:40:56,deployment,cartservice,149,80,2,,,
2026-08-30 00:40:56,deployment,checkoutservice,14,12,1,,,
2026-08-30 00:40:56,deployment,currencyservice,265,123,2,,,
2026-08-30 00:40:56,deployment,emailservice,16,40,1,,,
2026-08-30 00:40:56,deployment,frontend,549,62,5,,,
2026-08-30 00:40:56,http_p95_latency,frontend,,,,,,227.4
2026-08-30 00:40:56,deployment,paymentservice,10,30,1,,,
2026-08-30 00:40:56,deployment,productcatalogservice,255,34,4,,,
2026-08-30 00:40:56,deployment,recommendationservice,195,85,2,,,
2026-08-30 00:40:56,deployment,redis-cart,15,31,1,,,
2026-08-30 00:40:56,deployment,shippingservice,19,9,1,,,
2026-08-30 00:40:56,autoscaler,customdas-cpu-queue-autoscaler-adservice,6,60,1,,,
2026-08-30 00:40:56,autoscaler,customdas-cpu-queue-autoscaler-cartservice,0,60,1,,,
2026-08-30 00:40:56,autoscaler,customdas-cpu-queue-autoscaler-checkoutservice,5,60,1,,,
2026-08-30 00:40:56,autoscaler,customdas-cpu-queue-autoscaler-currencyservice,4,60,1,,,
2026-08-30 00:40:56,autoscaler,customdas-cpu-queue-autoscaler-emailservice,3,60,1,,,
2026-08-30 00:40:56,autoscaler,customdas-cpu-queue-autoscaler-frontend,8,60,1,,,
2026-08-30 00:40:56,autoscaler,customdas-cpu-queue-autoscaler-paymentservice,3,60,1,,,
2026-08-30 00:40:56,autoscaler,customdas-cpu-queue-autoscaler-productcatalogservice,4,60,1,,,
2026-08-30 00:40:56,autoscaler,customdas-cpu-queue-autoscaler-recommendationservice,2,60,1,,,
2026-08-30 00:40:56,autoscaler,customdas-cpu-queue-autoscaler-shippingservice,4,60,1,,,
2026-08-30 00:40:56,node,ze-master-node,2300,4075,,57.5,51.3,
2026-08-30 00:40:56,node,ze-worker-node,2396,1899,,59.9,23.9,
2026-08-30 00:41:03,deployment,adservice,43,94,1,,,
2026-08-30 00:41:03,deployment,cartservice,149,80,2,,,
2026-08-30 00:41:03,deployment,checkoutservice,14,12,1,,,
2026-08-30 00:41:03,deployment,currencyservice,265,123,2,,,
2026-08-30 00:41:03,deployment,emailservice,16,40,1,,,
2026-08-30 00:41:03,deployment,frontend,497,64,5,,,
2026-08-30 00:41:03,http_p95_latency,frontend,,,,,,231.1
2026-08-30 00:41:03,deployment,paymentservice,12,31,1,,,
2026-08-30 00:41:03,deployment,productcatalogservice,268,33,4,,,
2026-08-30 00:41:03,deployment,recommendationservice,185,85,2,,,
2026-08-30 00:41:03,deployment,redis-cart,15,31,1,,,
2026-08-30 00:41:03,deployment,shippingservice,28,9,1,,,
2026-08-30 00:41:03,autoscaler,customdas-cpu-queue-autoscaler-adservice,2,60,1,,,
2026-08-30 00:41:03,autoscaler,customdas-cpu-queue-autoscaler-cartservice,6,60,1,,,
2026-08-30 00:41:03,autoscaler,customdas-cpu-queue-autoscaler-checkoutservice,4,60,1,,,
2026-08-30 00:41:03,autoscaler,customdas-cpu-queue-autoscaler-currencyservice,4,60,1,,,
2026-08-30 00:41:03,autoscaler,customdas-cpu-queue-autoscaler-emailservice,4,60,1,,,
2026-08-30 00:41:03,autoscaler,customdas-cpu-queue-autoscaler-frontend,8,60,1,,,
2026-08-30 00:41:03,autoscaler,customdas-cpu-queue-autoscaler-paymentservice,3,60,1,,,
2026-08-30 00:41:03,autoscaler,customdas-cpu-queue-autoscaler-productcatalogservice,8,60,1,,,
2026-08-30 00:41:03,autoscaler,customdas-cpu-queue-autoscaler-recommendationservice,3,60,1,,,
2026-08-30 00:41:03,autoscaler,customdas-cpu-queue-autoscaler-shippingservice,3,60,1,,,
2026-08-30 00:41:03,node,ze-master-node,2226,4085,,55.6,51.4,
2026-08-30 00:41:03,node,ze-worker-node,2227,1891,,55.7,23.8,
2026-08-30 00:41:11,deployment,adservice,41,94,1,,,
2026-08-30 00:41:11,deployment,cartservice,145,80,2,,,
2026-08-30 00:41:11,deployment,checkoutservice,24,12,1,,,
2026-08-30 00:41:11,deployment,currencyservice,250,125,2,,,
2026-08-30 00:41:11,deployment,emailservice,16,40,1,,,
2026-08-30 00:41:11,deployment,frontend,497,64,5,,,
2026-08-30 00:41:11,http_p95_latency,frontend,,,,,,231.1
2026-08-30 00:41:11,deployment,paymentservice,12,31,1,,,
2026-08-30 00:41:11,deployment,productcatalogservice,268,33,4,,,
2026-08-30 00:41:11,deployment,recommendationservice,185,85,2,,,
2026-08-30 00:41:11,deployment,redis-cart,15,31,1,,,
2026-08-30 00:41:11,deployment,shippingservice,28,9,1,,,
2026-08-30 00:41:11,autoscaler,customdas-cpu-queue-autoscaler-adservice,2,60,1,,,
2026-08-30 00:41:11,autoscaler,customdas-cpu-queue-autoscaler-cartservice,6,60,1,,,
2026-08-30 00:41:11,autoscaler,customdas-cpu-queue-autoscaler-checkoutservice,4,60,1,,,
2026-08-30 00:41:11,autoscaler,customdas-cpu-queue-autoscaler-currencyservice,4,60,1,,,
2026-08-30 00:41:11,autoscaler,customdas-cpu-queue-autoscaler-emailservice,4,60,1,,,
2026-08-30 00:41:11,autoscaler,customdas-cpu-queue-autoscaler-frontend,8,60,1,,,
2026-08-30 00:41:11,autoscaler,customdas-cpu-queue-autoscaler-paymentservice,3,60,1,,,
2026-08-30 00:41:11,autoscaler,customdas-cpu-queue-autoscaler-productcatalogservice,8,60,1,,,
2026-08-30 00:41:11,autoscaler,customdas-cpu-queue-autoscaler-recommendationservice,3,60,1,,,
2026-08-30 00:41:11,autoscaler,customdas-cpu-queue-autoscaler-shippingservice,3,60,1,,,
2026-08-30 00:41:11,node,ze-master-node,2226,4085,,55.6,51.4,
2026-08-30 00:41:11,node,ze-worker-node,2227,1891,,55.7,23.8,
2026-08-30 00:41:18,deployment,adservice,41,94,1,,,
2026-08-30 00:41:18,deployment,cartservice,145,80,2,,,
2026-08-30 00:41:18,deployment,checkoutservice,24,12,1,,,
2026-08-30 00:41:18,deployment,currencyservice,250,125,2,,,
2026-08-30 00:41:18,deployment,emailservice,16,40,1,,,
2026-08-30 00:41:18,deployment,frontend,497,64,5,,,
2026-08-30 00:41:18,http_p95_latency,frontend,,,,,,212.5
2026-08-30 00:41:18,deployment,paymentservice,12,31,1,,,
2026-08-30 00:41:18,deployment,productcatalogservice,292,35,4,,,
2026-08-30 00:41:18,deployment,recommendationservice,188,85,2,,,
2026-08-30 00:41:18,deployment,redis-cart,15,31,1,,,
2026-08-30 00:41:18,deployment,shippingservice,26,9,1,,,
2026-08-30 00:41:18,autoscaler,customdas-cpu-queue-autoscaler-adservice,3,60,1,,,
2026-08-30 00:41:18,autoscaler,customdas-cpu-queue-autoscaler-cartservice,3,60,1,,,
2026-08-30 00:41:18,autoscaler,customdas-cpu-queue-autoscaler-checkoutservice,3,60,1,,,
2026-08-30 00:41:18,autoscaler,customdas-cpu-queue-autoscaler-currencyservice,3,60,1,,,
2026-08-30 00:41:18,autoscaler,customdas-cpu-queue-autoscaler-emailservice,2,60,1,,,
2026-08-30 00:41:18,autoscaler,customdas-cpu-queue-autoscaler-frontend,6,60,1,,,
2026-08-30 00:41:18,autoscaler,customdas-cpu-queue-autoscaler-paymentservice,3,60,1,,,
2026-08-30 00:41:18,autoscaler,customdas-cpu-queue-autoscaler-productcatalogservice,6,60,1,,,
2026-08-30 00:41:18,autoscaler,customdas-cpu-queue-autoscaler-recommendationservice,2,60,1,,,
2026-08-30 00:41:18,autoscaler,customdas-cpu-queue-autoscaler-shippingservice,5,60,1,,,
2026-08-30 00:41:18,node,ze-master-node,2164,4076,,54.1,51.3,
2026-08-30 00:41:18,node,ze-worker-node,2151,1887,,53.8,23.8,
2026-08-30 00:41:26,deployment,adservice,40,94,1,,,
2026-08-30 00:41:26,deployment,cartservice,154,80,2,,,
2026-08-30 00:41:26,deployment,checkoutservice,26,12,1,,,
2026-08-30 00:41:26,deployment,currencyservice,264,123,2,,,
2026-08-30 00:41:26,deployment,emailservice,16,40,1,,,
2026-08-30 00:41:26,deployment,frontend,526,63,5,,,
2026-08-30 00:41:26,http_p95_latency,frontend,,,,,,212.5
2026-08-30 00:41:26,deployment,paymentservice,9,30,1,,,
2026-08-30 00:41:26,deployment,productcatalogservice,292,35,4,,,
2026-08-30 00:41:26,deployment,recommendationservice,188,85,2,,,
2026-08-30 00:41:26,deployment,redis-cart,15,31,1,,,
2026-08-30 00:41:26,deployment,shippingservice,26,9,1,,,
2026-08-30 00:41:26,autoscaler,customdas-cpu-queue-autoscaler-adservice,3,60,1,,,
2026-08-30 00:41:26,autoscaler,customdas-cpu-queue-autoscaler-cartservice,3,60,1,,,
2026-08-30 00:41:26,autoscaler,customdas-cpu-queue-autoscaler-checkoutservice,3,60,1,,,
2026-08-30 00:41:26,autoscaler,customdas-cpu-queue-autoscaler-currencyservice,3,60,1,,,
2026-08-30 00:41:26,autoscaler,customdas-cpu-queue-autoscaler-emailservice,2,60,1,,,
2026-08-30 00:41:26,autoscaler,customdas-cpu-queue-autoscaler-frontend,6,60,1,,,
2026-08-30 00:41:26,autoscaler,customdas-cpu-queue-autoscaler-paymentservice,3,60,1,,,
2026-08-30 00:41:26,autoscaler,customdas-cpu-queue-autoscaler-productcatalogservice,6,60,1,,,
2026-08-30 00:41:26,autoscaler,customdas-cpu-queue-autoscaler-recommendationservice,2,60,1,,,
2026-08-30 00:41:26,autoscaler,customdas-cpu-queue-autoscaler-shippingservice,5,60,1,,,
2026-08-30 00:41:26,node,ze-master-node,2164,4076,,54.1,51.3,
2026-08-30 00:41:26,node,ze-worker-node,2151,1887,,53.8,23.8,
2026-08-30 00:41:33,deployment,adservice,40,94,1,,,
2026-08-30 00:41:33,deployment,cartservice,154,80,2,,,
2026-08-30 00:41:33,deployment,checkoutservice,26,12,1,,,
2026-08-30 00:41:33,deployment,currencyservice,254,124,2,,,
2026-08-30 00:41:33,deployment,emailservice,18,40,1,,,
2026-08-30 00:41:33,deployment,frontend,528,63,5,,,
2026-08-30 00:41:33,http_p95_latency,frontend,,,,,,203.6
2026-08-30 00:41:33,deployment,paymentservice,9,30,1,,,
2026-08-30 00:41:33,deployment,productcatalogservice,288,33,4,,,
2026-08-30 00:41:33,deployment,recommendationservice,188,85,2,,,
2026-08-30 00:41:33,deployment,redis-cart,15,31,1,,,
2026-08-30 00:41:33,deployment,shippingservice,24,9,1,,,
2026-08-30 00:41:33,autoscaler,customdas-cpu-queue-autoscaler-adservice,7,60,1,,,
2026-08-30 00:41:33,autoscaler,customdas-cpu-queue-autoscaler-cartservice,5,60,1,,,
2026-08-30 00:41:33,autoscaler,customdas-cpu-queue-autoscaler-checkoutservice,3,60,1,,,
2026-08-30 00:41:33,autoscaler,customdas-cpu-queue-autoscaler-currencyservice,3,60,1,,,
2026-08-30 00:41:33,autoscaler,customdas-cpu-queue-autoscaler-emailservice,4,60,1,,,
2026-08-30 00:41:33,autoscaler,customdas-cpu-queue-autoscaler-frontend,6,60,1,,,
2026-08-30 00:41:33,autoscaler,customdas-cpu-queue-autoscaler-paymentservice,4,60,1,,,
2026-08-30 00:41:33,autoscaler,customdas-cpu-queue-autoscaler-productcatalogservice,6,60,1,,,
2026-08-30 00:41:33,autoscaler,customdas-cpu-queue-autoscaler-recommendationservice,6,60,1,,,
2026-08-30 00:41:33,autoscaler,customdas-cpu-queue-autoscaler-shippingservice,2,60,1,,,
2026-08-30 00:41:33,node,ze-master-node,2157,4071,,53.9,51.3,
2026-08-30 00:41:33,node,ze-worker-node,2256,1887,,56.4,23.8,
2026-08-30 00:41:41,deployment,adservice,40,94,1,,,
2026-08-30 00:41:41,deployment,cartservice,132,80,2,,,
2026-08-30 00:41:41,deployment,checkoutservice,27,12,1,,,
2026-08-30 00:41:41,deployment,currencyservice,254,124,2,,,
2026-08-30 00:41:41,deployment,emailservice,18,40,1,,,
2026-08-30 00:41:41,deployment,frontend,528,63,5,,,
2026-08-30 00:41:41,http_p95_latency,frontend,,,,,,203.6
2026-08-30 00:41:41,deployment,paymentservice,9,30,1,,,
2026-08-30 00:41:41,deployment,productcatalogservice,288,33,4,,,
2026-08-30 00:41:41,deployment,recommendationservice,188,85,2,,,
2026-08-30 00:41:41,deployment,redis-cart,15,31,1,,,
2026-08-30 00:41:41,deployment,shippingservice,24,9,1,,,
2026-08-30 00:41:41,autoscaler,customdas-cpu-queue-autoscaler-adservice,7,60,1,,,
2026-08-30 00:41:41,autoscaler,customdas-cpu-queue-autoscaler-cartservice,5,60,1,,,
2026-08-30 00:41:41,autoscaler,customdas-cpu-queue-autoscaler-checkoutservice,3,60,1,,,
2026-08-30 00:41:41,autoscaler,customdas-cpu-queue-autoscaler-currencyservice,3,60,1,,,
2026-08-30 00:41:41,autoscaler,customdas-cpu-queue-autoscaler-emailservice,4,60,1,,,
2026-08-30 00:41:41,autoscaler,customdas-cpu-queue-autoscaler-frontend,6,60,1,,,
2026-08-30 00:41:41,autoscaler,customdas-cpu-queue-autoscaler-paymentservice,4,60,1,,,
2026-08-30 00:41:41,autoscaler,customdas-cpu-queue-autoscaler-productcatalogservice,6,60,1,,,
2026-08-30 00:41:41,autoscaler,customdas-cpu-queue-autoscaler-recommendationservice,6,60,1,,,
2026-08-30 00:41:41,autoscaler,customdas-cpu-queue-autoscaler-shippingservice,2,60,1,,,
2026-08-30 00:41:41,node,ze-master-node,2157,4071,,53.9,51.3,
2026-08-30 00:41:41,node,ze-worker-node,2256,1887,,56.4,23.8,
2026-08-30 00:41:48,deployment,adservice,40,94,1,,,
2026-08-30 00:41:48,deployment,cartservice,132,80,2,,,
2026-08-30 00:41:48,deployment,checkoutservice,27,12,1,,,
2026-08-30 00:41:48,deployment,currencyservice,254,124,2,,,
2026-08-30 00:41:48,deployment,emailservice,18,40,1,,,
2026-08-30 00:41:48,deployment,frontend,528,63,5,,,
2026-08-30 00:41:48,http_p95_latency,frontend,,,,,,193.1
2026-08-30 00:41:48,deployment,paymentservice,9,30,1,,,
2026-08-30 00:41:48,deployment,productcatalogservice,288,33,4,,,
2026-08-30 00:41:48,deployment,recommendationservice,191,85,2,,,
2026-08-30 00:41:48,deployment,redis-cart,33,31,1,,,
2026-08-30 00:41:48,deployment,shippingservice,28,9,1,,,
2026-08-30 00:41:48,autoscaler,customdas-cpu-queue-autoscaler-adservice,3,60,1,,,
2026-08-30 00:41:48,autoscaler,customdas-cpu-queue-autoscaler-cartservice,3,60,1,,,
2026-08-30 00:41:48,autoscaler,customdas-cpu-queue-autoscaler-checkoutservice,4,60,1,,,
2026-08-30 00:41:48,autoscaler,customdas-cpu-queue-autoscaler-currencyservice,4,60,1,,,
2026-08-30 00:41:48,autoscaler,customdas-cpu-queue-autoscaler-emailservice,4,60,1,,,
2026-08-30 00:41:48,autoscaler,customdas-cpu-queue-autoscaler-frontend,6,60,1,,,
2026-08-30 00:41:48,autoscaler,customdas-cpu-queue-autoscaler-paymentservice,5,60,1,,,
2026-08-30 00:41:48,autoscaler,customdas-cpu-queue-autoscaler-productcatalogservice,4,60,1,,,
2026-08-30 00:41:48,autoscaler,customdas-cpu-queue-autoscaler-recommendationservice,3,60,1,,,
2026-08-30 00:41:48,autoscaler,customdas-cpu-queue-autoscaler-shippingservice,5,60,1,,,
2026-08-30 00:41:48,node,ze-master-node,2187,4056,,54.7,51.1,
2026-08-30 00:41:48,node,ze-worker-node,2241,1884,,56.0,23.7,
2026-08-30 00:41:56,deployment,adservice,44,94,1,,,
2026-08-30 00:41:56,deployment,cartservice,141,80,2,,,
2026-08-30 00:41:56,deployment,checkoutservice,27,12,1,,,
2026-08-30 00:41:56,deployment,currencyservice,260,123,2,,,
2026-08-30 00:41:56,deployment,emailservice,18,40,1,,,
2026-08-30 00:41:56,deployment,frontend,541,63,5,,,
2026-08-30 00:41:56,http_p95_latency,frontend,,,,,,193.1
2026-08-30 00:41:56,deployment,paymentservice,9,30,1,,,
2026-08-30 00:41:56,deployment,productcatalogservice,292,34,4,,,
2026-08-30 00:41:56,deployment,recommendationservice,191,85,2,,,
2026-08-30 00:41:56,deployment,redis-cart,33,31,1,,,
2026-08-30 00:41:56,deployment,shippingservice,28,9,1,,,
2026-08-30 00:41:56,autoscaler,customdas-cpu-queue-autoscaler-adservice,3,60,1,,,
2026-08-30 00:41:56,autoscaler,customdas-cpu-queue-autoscaler-cartservice,3,60,1,,,
2026-08-30 00:41:56,autoscaler,customdas-cpu-queue-autoscaler-checkoutservice,4,60,1,,,
2026-08-30 00:41:56,autoscaler,customdas-cpu-queue-autoscaler-currencyservice,4,60,1,,,
2026-08-30 00:41:56,autoscaler,customdas-cpu-queue-autoscaler-emailservice,4,60,1,,,
2026-08-30 00:41:56,autoscaler,customdas-cpu-queue-autoscaler-frontend,6,60,1,,,
2026-08-30 00:41:56,autoscaler,customdas-cpu-queue-autoscaler-paymentservice,5,60,1,,,
2026-08-30 00:41:56,autoscaler,customdas-cpu-queue-autoscaler-productcatalogservice,4,60,1,,,
2026-08-30 00:41:56,autoscaler,customdas-cpu-queue-autoscaler-recommendationservice,3,60,1,,,
2026-08-30 00:41:56,autoscaler,customdas-cpu-queue-autoscaler-shippingservice,5,60,1,,,
2026-08-30 00:41:56,node,ze-master-node,2187,4056,,54.7,51.1,
2026-08-30 00:41:56,node,ze-worker-node,2241,1884,,56.0,23.7,
2026-08-30 00:42:03,deployment,adservice,44,94,1,,,
2026-08-30 00:42:03,deployment,cartservice,141,80,2,,,
2026-08-30 00:42:03,deployment,checkoutservice,27,12,1,,,
2026-08-30 00:42:03,deployment,currencyservice,260,123,2,,,
2026-08-30 00:42:03,deployment,emailservice,18,40,1,,,
2026-08-30 00:42:03,deployment,frontend,541,63,5,,,
2026-08-30 00:42:03,http_p95_latency,frontend,,,,,,215.2
2026-08-30 00:42:03,deployment,paymentservice,9,30,1,,,
2026-08-30 00:42:03,deployment,productcatalogservice,292,34,4,,,
2026-08-30 00:42:03,deployment,recommendationservice,191,85,2,,,
2026-08-30 00:42:03,deployment,redis-cart,33,31,1,,,
2026-08-30 00:42:03,deployment,shippingservice,28,9,1,,,
2026-08-30 00:42:03,autoscaler,customdas-cpu-queue-autoscaler-adservice,3,60,1,,,
2026-08-30 00:42:03,autoscaler,customdas-cpu-queue-autoscaler-cartservice,4,60,1,,,
2026-08-30 00:42:03,autoscaler,customdas-cpu-queue-autoscaler-checkoutservice,4,60,1,,,
2026-08-30 00:42:03,autoscaler,customdas-cpu-queue-autoscaler-currencyservice,6,60,1,,,
2026-08-30 00:42:03,autoscaler,customdas-cpu-queue-autoscaler-emailservice,3,60,1,,,
2026-08-30 00:42:03,autoscaler,customdas-cpu-queue-autoscaler-frontend,5,60,1,,,
2026-08-30 00:42:03,autoscaler,customdas-cpu-queue-autoscaler-paymentservice,5,60,1,,,
2026-08-30 00:42:03,autoscaler,customdas-cpu-queue-autoscaler-productcatalogservice,4,60,1,,,
2026-08-30 00:42:03,autoscaler,customdas-cpu-queue-autoscaler-recommendationservice,3,60,1,,,
2026-08-30 00:42:03,autoscaler,customdas-cpu-queue-autoscaler-shippingservice,2,60,1,,,
2026-08-30 00:42:03,node,ze-master-node,2309,4068,,57.7,51.2,
2026-08-30 00:42:03,node,ze-worker-node,2381,1886,,59.5,23.8,
2026-08-30 00:42:11,deployment,adservice,46,94,1,,,
2026-08-30 00:42:11,deployment,cartservice,150,80,2,,,
2026-08-30 00:42:11,deployment,checkoutservice,23,12,1,,,
2026-08-30 00:42:11,deployment,currencyservice,285,124,2,,,
2026-08-30 00:42:11,deployment,emailservice,16,43,1,,,
2026-08-30 00:42:11,deployment,frontend,599,62,5,,,
2026-08-30 00:42:11,http_p95_latency,frontend,,,,,,215.2
2026-08-30 00:42:11,deployment,paymentservice,10,32,1,,,
2026-08-30 00:42:11,deployment,productcatalogservice,311,33,4,,,
2026-08-30 00:42:11,deployment,recommendationservice,204,85,2,,,
2026-08-30 00:42:11,deployment,redis-cart,16,31,1,,,
2026-08-30 00:42:11,deployment,shippingservice,26,9,1,,,
2026-08-30 00:42:11,autoscaler,customdas-cpu-queue-autoscaler-adservice,2,60,1,,,
2026-08-30 00:42:11,autoscaler,customdas-cpu-queue-autoscaler-cartservice,4,60,1,,,
2026-08-30 00:42:11,autoscaler,customdas-cpu-queue-autoscaler-checkoutservice,4,60,1,,,
2026-08-30 00:42:11,autoscaler,customdas-cpu-queue-autoscaler-currencyservice,6,60,1,,,
2026-08-30 00:42:11,autoscaler,customdas-cpu-queue-autoscaler-emailservice,3,60,1,,,
2026-08-30 00:42:11,autoscaler,customdas-cpu-queue-autoscaler-frontend,5,60,1,,,
2026-08-30 00:42:11,autoscaler,customdas-cpu-queue-autoscaler-paymentservice,5,60,1,,,
2026-08-30 00:42:11,autoscaler,customdas-cpu-queue-autoscaler-productcatalogservice,4,60,1,,,
2026-08-30 00:42:11,autoscaler,customdas-cpu-queue-autoscaler-recommendationservice,3,60,1,,,
2026-08-30 00:42:11,autoscaler,customdas-cpu-queue-autoscaler-shippingservice,2,60,1,,,
2026-08-30 00:42:11,node,ze-master-node,2309,4068,,57.7,51.2,
2026-08-30 00:42:11,node,ze-worker-node,2381,1886,,59.5,23.8,
2026-08-30 00:42:19,deployment,adservice,46,94,1,,,
2026-08-30 00:42:19,deployment,cartservice,150,80,2,,,
2026-08-30 00:42:19,deployment,checkoutservice,30,12,1,,,
2026-08-30 00:42:19,deployment,currencyservice,287,124,2,,,
2026-08-30 00:42:19,deployment,emailservice,16,40,1,,,
2026-08-30 00:42:19,deployment,frontend,603,63,5,,,
2026-08-30 00:42:19,http_p95_latency,frontend,,,,,,217.1
2026-08-30 00:42:19,deployment,paymentservice,10,32,1,,,
2026-08-30 00:42:19,deployment,productcatalogservice,323,33,4,,,
2026-08-30 00:42:19,deployment,recommendationservice,217,85,2,,,
2026-08-30 00:42:19,deployment,redis-cart,17,31,1,,,
2026-08-30 00:42:19,deployment,shippingservice,26,9,1,,,
2026-08-30 00:42:19,autoscaler,customdas-cpu-queue-autoscaler-adservice,3,60,1,,,
2026-08-30 00:42:19,autoscaler,customdas-cpu-queue-autoscaler-cartservice,4,60,1,,,
2026-08-30 00:42:19,autoscaler,customdas-cpu-queue-autoscaler-checkoutservice,4,60,1,,,
2026-08-30 00:42:19,autoscaler,customdas-cpu-queue-autoscaler-currencyservice,3,60,1,,,
2026-08-30 00:42:19,autoscaler,customdas-cpu-queue-autoscaler-emailservice,4,60,1,,,
2026-08-30 00:42:19,autoscaler,customdas-cpu-queue-autoscaler-frontend,5,60,1,,,
2026-08-30 00:42:19,autoscaler,customdas-cpu-queue-autoscaler-paymentservice,0,60,1,,,
2026-08-30 00:42:19,autoscaler,customdas-cpu-queue-autoscaler-productcatalogservice,6,60,1,,,
2026-08-30 00:42:19,autoscaler,customdas-cpu-queue-autoscaler-recommendationservice,4,60,1,,,
2026-08-30 00:42:19,autoscaler,customdas-cpu-queue-autoscaler-shippingservice,7,60,1,,,
2026-08-30 00:42:19,node,ze-master-node,2412,4059,,60.3,51.1,
2026-08-30 00:42:19,node,ze-worker-node,2381,1883,,59.5,23.7,
2026-08-30 00:42:27,deployment,adservice,46,94,1,,,
2026-08-30 00:42:27,deployment,cartservice,150,80,2,,,
2026-08-30 00:42:27,deployment,checkoutservice,30,12,1,,,
2026-08-30 00:42:27,deployment,currencyservice,287,124,2,,,
2026-08-30 00:42:27,deployment,emailservice,16,40,1,,,
2026-08-30 00:42:27,deployment,frontend,603,63,5,,,
2026-08-30 00:42:27,http_p95_latency,frontend,,,,,,203.8
2026-08-30 00:42:27,deployment,paymentservice,10,32,1,,,
2026-08-30 00:42:27,deployment,productcatalogservice,323,33,4,,,
2026-08-30 00:42:27,deployment,recommendationservice,217,85,2,,,
2026-08-30 00:42:27,deployment,redis-cart,17,31,1,,,
2026-08-30 00:42:27,deployment,shippingservice,26,9,1,,,
2026-08-30 00:42:27,autoscaler,customdas-cpu-queue-autoscaler-adservice,3,60,1,,,
2026-08-30 00:42:27,autoscaler,customdas-cpu-queue-autoscaler-cartservice,4,60,1,,,
2026-08-30 00:42:27,autoscaler,customdas-cpu-queue-autoscaler-checkoutservice,4,60,1,,,
2026-08-30 00:42:27,autoscaler,customdas-cpu-queue-autoscaler-currencyservice,3,60,1,,,
2026-08-30 00:42:27,autoscaler,customdas-cpu-queue-autoscaler-emailservice,4,60,1,,,
2026-08-30 00:42:27,autoscaler,customdas-cpu-queue-autoscaler-frontend,5,60,1,,,
2026-08-30 00:42:27,autoscaler,customdas-cpu-queue-autoscaler-paymentservice,0,60,1,,,
2026-08-30 00:42:27,autoscaler,customdas-cpu-queue-autoscaler-productcatalogservice,6,60,1,,,
2026-08-30 00:42:27,autoscaler,customdas-cpu-queue-autoscaler-recommendationservice,4,60,1,,,
2026-08-30 00:42:27,autoscaler,customdas-cpu-queue-autoscaler-shippingservice,7,60,1,,,
2026-08-30 00:42:27,node,ze-master-node,2412,4059,,60.3,51.1,
2026-08-30 00:42:27,node,ze-worker-node,2381,1883,,59.5,23.7,
2026-08-30 00:42:33,deployment,adservice,46,94,1,,,
2026-08-30 00:42:33,deployment,cartservice,150,80,2,,,
2026-08-30 00:42:33,deployment,checkoutservice,30,12,1,,,
2026-08-30 00:42:33,deployment,currencyservice,287,124,2,,,
2026-08-30 00:42:33,deployment,emailservice,16,40,1,,,
2026-08-30 00:42:33,deployment,frontend,603,63,5,,,
2026-08-30 00:42:33,http_p95_latency,frontend,,,,,,203.8
2026-08-30 00:42:33,deployment,paymentservice,10,31,1,,,
2026-08-30 00:42:33,deployment,productcatalogservice,326,34,4,,,
2026-08-30 00:42:33,deployment,recommendationservice,216,85,2,,,
2026-08-30 00:42:33,deployment,redis-cart,16,31,1,,,
2026-08-30 00:42:33,deployment,shippingservice,26,9,1,,,
2026-08-30 00:42:33,autoscaler,customdas-cpu-queue-autoscaler-adservice,2,60,1,,,
2026-08-30 00:42:33,autoscaler,customdas-cpu-queue-autoscaler-cartservice,4,60,1,,,
2026-08-30 00:42:33,autoscaler,customdas-cpu-queue-autoscaler-checkoutservice,2,60,1,,,
2026-08-30 00:42:33,autoscaler,customdas-cpu-queue-autoscaler-currencyservice,3,60,1,,,
2026-08-30 00:42:33,autoscaler,customdas-cpu-queue-autoscaler-emailservice,3,60,1,,,
2026-08-30 00:42:33,autoscaler,customdas-cpu-queue-autoscaler-frontend,4,60,1,,,
2026-08-30 00:42:33,autoscaler,customdas-cpu-queue-autoscaler-paymentservice,5,60,1,,,
2026-08-30 00:42:33,autoscaler,customdas-cpu-queue-autoscaler-productcatalogservice,4,60,1,,,
2026-08-30 00:42:33,autoscaler,customdas-cpu-queue-autoscaler-recommendationservice,5,60,1,,,
2026-08-30 00:42:33,autoscaler,customdas-cpu-queue-autoscaler-shippingservice,3,60,1,,,
2026-08-30 00:42:33,node,ze-master-node,2310,4068,,57.8,51.2,
2026-08-30 00:42:33,node,ze-worker-node,2398,1889,,60.0,23.8,
2026-08-30 00:42:42,deployment,adservice,49,94,1,,,
2026-08-30 00:42:42,deployment,cartservice,147,80,2,,,
2026-08-30 00:42:42,deployment,checkoutservice,28,12,1,,,
2026-08-30 00:42:42,deployment,currencyservice,270,124,2,,,
2026-08-30 00:42:42,deployment,emailservice,20,40,1,,,
2026-08-30 00:42:42,deployment,frontend,602,63,5,,,
2026-08-30 00:42:42,http_p95_latency,frontend,,,,,,187.0
2026-08-30 00:42:42,deployment,paymentservice,10,31,1,,,
2026-08-30 00:42:42,deployment,productcatalogservice,326,34,5,,,
2026-08-30 00:42:42,deployment,recommendationservice,216,85,2,,,
2026-08-30 00:42:42,deployment,redis-cart,16,31,1,,,
2026-08-30 00:42:42,deployment,shippingservice,26,9,1,,,
2026-08-30 00:42:42,autoscaler,customdas-cpu-queue-autoscaler-adservice,2,60,1,,,
2026-08-30 00:42:42,autoscaler,customdas-cpu-queue-autoscaler-cartservice,4,60,1,,,
2026-08-30 00:42:42,autoscaler,customdas-cpu-queue-autoscaler-checkoutservice,2,60,1,,,
2026-08-30 00:42:42,autoscaler,customdas-cpu-queue-autoscaler-currencyservice,3,60,1,,,
2026-08-30 00:42:42,autoscaler,customdas-cpu-queue-autoscaler-emailservice,3,60,1,,,
2026-08-30 00:42:42,autoscaler,customdas-cpu-queue-autoscaler-frontend,4,60,1,,,
2026-08-30 00:42:42,autoscaler,customdas-cpu-queue-autoscaler-paymentservice,5,60,1,,,
2026-08-30 00:42:42,autoscaler,customdas-cpu-queue-autoscaler-productcatalogservice,4,60,1,,,
2026-08-30 00:42:42,autoscaler,customdas-cpu-queue-autoscaler-recommendationservice,5,60,1,,,
2026-08-30 00:42:42,autoscaler,customdas-cpu-queue-autoscaler-shippingservice,3,60,1,,,
2026-08-30 00:42:42,node,ze-master-node,2310,4068,,57.8,51.2,
2026-08-30 00:42:42,node,ze-worker-node,2398,1889,,60.0,23.8,
2026-08-30 00:42:49,deployment,adservice,47,94,1,,,
2026-08-30 00:42:49,deployment,cartservice,151,80,2,,,
2026-08-30 00:42:49,deployment,checkoutservice,32,12,1,,,
2026-08-30 00:42:49,deployment,currencyservice,280,125,2,,,
2026-08-30 00:42:49,deployment,emailservice,17,42,1,,,
2026-08-30 00:42:49,deployment,frontend,597,63,5,,,
2026-08-30 00:42:49,http_p95_latency,frontend,,,,,,187.0
2026-08-30 00:42:49,deployment,paymentservice,11,31,1,,,
2026-08-30 00:42:49,deployment,productcatalogservice,379,42,5,,,
2026-08-30 00:42:49,deployment,recommendationservice,220,85,2,,,
2026-08-30 00:42:49,deployment,redis-cart,16,31,1,,,
2026-08-30 00:42:49,deployment,shippingservice,26,9,1,,,
2026-08-30 00:42:49,autoscaler,customdas-cpu-queue-autoscaler-adservice,3,60,1,,,
2026-08-30 00:42:49,autoscaler,customdas-cpu-queue-autoscaler-cartservice,0,60,1,,,
2026-08-30 00:42:49,autoscaler,customdas-cpu-queue-autoscaler-checkoutservice,3,60,1,,,
2026-08-30 00:42:49,autoscaler,customdas-cpu-queue-autoscaler-currencyservice,5,60,1,,,
2026-08-30 00:42:49,autoscaler,customdas-cpu-queue-autoscaler-emailservice,3,60,1,,,
2026-08-30 00:42:49,autoscaler,customdas-cpu-queue-autoscaler-frontend,8,60,1,,,
2026-08-30 00:42:49,autoscaler,customdas-cpu-queue-autoscaler-paymentservice,3,60,1,,,
2026-08-30 00:42:49,autoscaler,customdas-cpu-queue-autoscaler-productcatalogservice,6,60,1,,,
2026-08-30 00:42:49,autoscaler,customdas-cpu-queue-autoscaler-recommendationservice,3,60,1,,,
2026-08-30 00:42:49,autoscaler,customdas-cpu-queue-autoscaler-shippingservice,4,60,1,,,
2026-08-30 00:42:49,node,ze-master-node,2402,4060,,60.1,51.1,
2026-08-30 00:42:49,node,ze-worker-node,2524,1892,,63.1,23.8,
2026-08-30 00:42:56,deployment,adservice,47,94,1,,,
2026-08-30 00:42:56,deployment,cartservice,151,80,2,,,
2026-08-30 00:42:56,deployment,checkoutservice,32,12,1,,,
2026-08-30 00:42:56,deployment,currencyservice,280,125,2,,,
2026-08-30 00:42:56,deployment,emailservice,17,42,1,,,
2026-08-30 00:42:56,deployment,frontend,597,63,5,,,
2026-08-30 00:42:56,http_p95_latency,frontend,,,,,,204.6
2026-08-30 00:42:56,deployment,paymentservice,11,31,1,,,
2026-08-30 00:42:56,deployment,productcatalogservice,379,42,5,,,
2026-08-30 00:42:56,deployment,recommendationservice,220,85,2,,,
2026-08-30 00:42:56,deployment,redis-cart,16,31,1,,,
2026-08-30 00:42:56,deployment,shippingservice,26,9,2,,,
2026-08-30 00:42:56,autoscaler,customdas-cpu-queue-autoscaler-adservice,3,60,1,,,
2026-08-30 00:42:56,autoscaler,customdas-cpu-queue-autoscaler-cartservice,0,60,1,,,
2026-08-30 00:42:56,autoscaler,customdas-cpu-queue-autoscaler-checkoutservice,3,60,1,,,
2026-08-30 00:42:56,autoscaler,customdas-cpu-queue-autoscaler-currencyservice,5,60,1,,,
2026-08-30 00:42:56,autoscaler,customdas-cpu-queue-autoscaler-emailservice,3,60,1,,,
2026-08-30 00:42:56,autoscaler,customdas-cpu-queue-autoscaler-frontend,8,60,1,,,
2026-08-30 00:42:56,autoscaler,customdas-cpu-queue-autoscaler-paymentservice,3,60,1,,,
2026-08-30 00:42:56,autoscaler,customdas-cpu-queue-autoscaler-productcatalogservice,6,60,1,,,
2026-08-30 00:42:56,autoscaler,customdas-cpu-queue-autoscaler-recommendationservice,3,60,1,,,
2026-08-30 00:42:56,autoscaler,customdas-cpu-queue-autoscaler-shippingservice,4,60,1,,,
2026-08-30 00:42:56,node,ze-master-node,2402,4060,,60.1,51.1,
2026-08-30 00:42:56,node,ze-worker-node,2524,1892,,63.1,23.8,
2026-08-30 00:43:03,deployment,adservice,53,94,1,,,
2026-08-30 00:43:03,deployment,cartservice,154,80,2,,,
2026-08-30 00:43:03,deployment,checkoutservice,29,12,1,,,
2026-08-30 00:43:03,deployment,currencyservice,303,124,2,,,
2026-08-30 00:43:03,deployment,emailservice,13,40,1,,,
2026-08-30 00:43:03,deployment,frontend,675,62,5,,,
2026-08-30 00:43:03,http_p95_latency,frontend,,,,,,204.6
2026-08-30 00:43:03,deployment,paymentservice,10,31,1,,,
2026-08-30 00:43:03,deployment,productcatalogservice,360,41,5,,,
2026-08-30 00:43:03,deployment,recommendationservice,220,85,2,,,
2026-08-30 00:43:03,deployment,redis-cart,17,31,1,,,
2026-08-30 00:43:03,deployment,shippingservice,29,9,2,,,
2026-08-30 00:43:03,autoscaler,customdas-cpu-queue-autoscaler-adservice,5,60,1,,,
2026-08-30 00:43:03,autoscaler,customdas-cpu-queue-autoscaler-cartservice,9,60,1,,,
2026-08-30 00:43:03,autoscaler,customdas-cpu-queue-autoscaler-checkoutservice,3,60,1,,,
2026-08-30 00:43:03,autoscaler,customdas-cpu-queue-autoscaler-currencyservice,4,60,1,,,
2026-08-30 00:43:03,autoscaler,customdas-cpu-queue-autoscaler-emailservice,0,60,1,,,
2026-08-30 00:43:03,autoscaler,customdas-cpu-queue-autoscaler-frontend,5,60,1,,,
2026-08-30 00:43:03,autoscaler,customdas-cpu-queue-autoscaler-paymentservice,7,60,1,,,
2026-08-30 00:43:03,autoscaler,customdas-cpu-queue-autoscaler-productcatalogservice,3,60,1,,,
2026-08-30 00:43:03,autoscaler,customdas-cpu-queue-autoscaler-recommendationservice,5,60,1,,,
2026-08-30 00:43:03,autoscaler,customdas-cpu-queue-autoscaler-shippingservice,4,60,1,,,
2026-08-30 00:43:03,node,ze-master-node,2439,4068,,61.0,51.2,
2026-08-30 00:43:03,node,ze-worker-node,2644,1913,,66.1,24.1,
2026-08-30 00:43:12,deployment,adservice,53,94,1,,,
2026-08-30 00:43:12,deployment,cartservice,154,80,2,,,
2026-08-30 00:43:12,deployment,checkoutservice,29,12,1,,,
2026-08-30 00:43:12,deployment,currencyservice,303,124,2,,,
2026-08-30 00:43:12,deployment,emailservice,13,40,1,,,
2026-08-30 00:43:12,deployment,frontend,675,62,6,,,
2026-08-30 00:43:12,http_p95_latency,frontend,,,,,,233.4
2026-08-30 00:43:12,deployment,paymentservice,10,31,1,,,
2026-08-30 00:43:12,deployment,productcatalogservice,360,41,5,,,
2026-08-30 00:43:12,deployment,recommendationservice,220,85,2,,,
2026-08-30 00:43:12,deployment,redis-cart,17,31,1,,,
2026-08-30 00:43:12,deployment,shippingservice,29,9,2,,,
2026-08-30 00:43:12,autoscaler,customdas-cpu-queue-autoscaler-adservice,5,60,1,,,
2026-08-30 00:43:12,autoscaler,customdas-cpu-queue-autoscaler-cartservice,9,60,1,,,
2026-08-30 00:43:12,autoscaler,customdas-cpu-queue-autoscaler-checkoutservice,3,60,1,,,
2026-08-30 00:43:12,autoscaler,customdas-cpu-queue-autoscaler-currencyservice,4,60,1,,,
2026-08-30 00:43:12,autoscaler,customdas-cpu-queue-autoscaler-emailservice,0,60,1,,,
2026-08-30 00:43:12,autoscaler,customdas-cpu-queue-autoscaler-frontend,5,60,1,,,
2026-08-30 00:43:12,autoscaler,customdas-cpu-queue-autoscaler-paymentservice,7,60,1,,,
2026-08-30 00:43:12,autoscaler,customdas-cpu-queue-autoscaler-productcatalogservice,3,60,1,,,
2026-08-30 00:43:12,autoscaler,customdas-cpu-queue-autoscaler-recommendationservice,5,60,1,,,
2026-08-30 00:43:12,autoscaler,customdas-cpu-queue-autoscaler-shippingservice,4,60,1,,,
2026-08-30 00:43:12,node,ze-master-node,2439,4068,,61.0,51.2,
2026-08-30 00:43:12,node,ze-worker-node,2644,1913,,66.1,24.1,
2026-08-30 00:43:21,deployment,adservice,51,97,1,,,
2026-08-30 00:43:21,deployment,cartservice,198,80,2,,,
2026-08-30 00:43:21,deployment,checkoutservice,37,12,2,,,
2026-08-30 00:43:21,deployment,currencyservice,306,129,2,,,
2026-08-30 00:43:21,deployment,emailservice,17,40,1,,,
2026-08-30 00:43:21,deployment,frontend,680,71,6,,,
2026-08-30 00:43:21,http_p95_latency,frontend,,,,,,233.4
2026-08-30 00:43:21,deployment,paymentservice,11,31,1,,,
2026-08-30 00:43:21,deployment,productcatalogservice,370,41,5,,,
2026-08-30 00:43:21,deployment,recommendationservice,239,85,2,,,
2026-08-30 00:43:21,deployment,redis-cart,17,31,1,,,
2026-08-30 00:43:21,deployment,shippingservice,42,16,2,,,
2026-08-30 00:43:21,autoscaler,customdas-cpu-queue-autoscaler-adservice,3,60,1,,,
2026-08-30 00:43:21,autoscaler,customdas-cpu-queue-autoscaler-cartservice,9,60,1,,,
2026-08-30 00:43:21,autoscaler,customdas-cpu-queue-autoscaler-checkoutservice,4,60,1,,,
2026-08-30 00:43:21,autoscaler,customdas-cpu-queue-autoscaler-currencyservice,3,60,1,,,
2026-08-30 00:43:21,autoscaler,customdas-cpu-queue-autoscaler-emailservice,5,60,1,,,
2026-08-30 00:43:21,autoscaler,customdas-cpu-queue-autoscaler-frontend,4,60,1,,,
2026-08-30 00:43:21,autoscaler,customdas-cpu-queue-autoscaler-paymentservice,2,60,1,,,
2026-08-30 00:43:21,autoscaler,customdas-cpu-queue-autoscaler-productcatalogservice,4,60,1,,,
2026-08-30 00:43:21,autoscaler,customdas-cpu-queue-autoscaler-recommendationservice,5,60,1,,,
2026-08-30 00:43:21,autoscaler,customdas-cpu-queue-autoscaler-shippingservice,0,60,1,,,
2026-08-30 00:43:21,node,ze-master-node,2582,4051,,64.5,51.0,
2026-08-30 00:43:21,node,ze-worker-node,2636,1907,,65.9,24.0,
2026-08-30 00:43:31,deployment,adservice,51,97,1,,,
2026-08-30 00:43:31,deployment,cartservice,198,80,2,,,
2026-08-30 00:43:31,deployment,checkoutservice,37,12,2,,,
2026-08-30 00:43:31,deployment,currencyservice,306,129,2,,,
2026-08-30 00:43:31,deployment,emailservice,17,40,1,,,
2026-08-30 00:43:31,deployment,frontend,680,71,6,,,
2026-08-30 00:43:31,http_p95_latency,frontend,,,,,,218.3
2026-08-30 00:43:31,deployment,paymentservice,11,31,1,,,
2026-08-30 00:43:31,deployment,productcatalogservice,370,41,5,,,
2026-08-30 00:43:31,deployment,recommendationservice,239,85,3,,,
2026-08-30 00:43:31,deployment,redis-cart,17,31,1,,,
2026-08-30 00:43:31,deployment,shippingservice,42,16,2,,,
2026-08-30 00:43:31,autoscaler,customdas-cpu-queue-autoscaler-adservice,3,60,1,,,
2026-08-30 00:43:31,autoscaler,customdas-cpu-queue-autoscaler-cartservice,9,60,1,,,
2026-08-30 00:43:31,autoscaler,customdas-cpu-queue-autoscaler-checkoutservice,4,60,1,,,
2026-08-30 00:43:31,autoscaler,customdas-cpu-queue-autoscaler-currencyservice,3,60,1,,,
2026-08-30 00:43:31,autoscaler,customdas-cpu-queue-autoscaler-emailservice,2,60,1,,,
2026-08-30 00:43:31,autoscaler,customdas-cpu-queue-autoscaler-frontend,8,60,1,,,
2026-08-30 00:43:31,autoscaler,customdas-cpu-queue-autoscaler-paymentservice,3,60,1,,,
2026-08-30 00:43:31,autoscaler,customdas-cpu-queue-autoscaler-productcatalogservice,4,60,1,,,
2026-08-30 00:43:31,autoscaler,customdas-cpu-queue-autoscaler-recommendationservice,2,60,1,,,
2026-08-30 00:43:31,autoscaler,customdas-cpu-queue-autoscaler-shippingservice,5,60,1,,,
2026-08-30 00:43:31,node,ze-master-node,2611,4065,,65.3,51.2,
2026-08-30 00:43:31,node,ze-worker-node,2484,1929,,62.1,24.3,
2026-08-30 00:43:40,deployment,adservice,50,94,1,,,
2026-08-30 00:43:40,deployment,cartservice,208,80,2,,,
2026-08-30 00:43:40,deployment,checkoutservice,50,20,2,,,
2026-08-30 00:43:40,deployment,currencyservice,297,124,2,,,
2026-08-30 00:43:40,deployment,emailservice,18,40,1,,,
2026-08-30 00:43:40,deployment,frontend,708,74,7,,,
2026-08-30 00:43:40,http_p95_latency,frontend,,,,,,218.3
2026-08-30 00:43:40,deployment,paymentservice,11,31,1,,,
2026-08-30 00:43:40,deployment,productcatalogservice,356,41,5,,,
2026-08-30 00:43:40,deployment,recommendationservice,223,85,3,,,
2026-08-30 00:43:40,deployment,redis-cart,16,31,1,,,
2026-08-30 00:43:40,deployment,shippingservice,38,16,2,,,
2026-08-30 00:43:40,autoscaler,customdas-cpu-queue-autoscaler-adservice,3,60,1,,,
2026-08-30 00:43:40,autoscaler,customdas-cpu-queue-autoscaler-cartservice,1,60,1,,,
2026-08-30 00:43:40,autoscaler,customdas-cpu-queue-autoscaler-checkoutservice,3,60,1,,,
2026-08-30 00:43:40,autoscaler,customdas-cpu-queue-autoscaler-currencyservice,3,60,1,,,
2026-08-30 00:43:40,autoscaler,customdas-cpu-queue-autoscaler-emailservice,2,60,1,,,
2026-08-30 00:43:40,autoscaler,customdas-cpu-queue-autoscaler-frontend,8,60,1,,,
2026-08-30 00:43:40,autoscaler,customdas-cpu-queue-autoscaler-paymentservice,3,60,1,,,
2026-08-30 00:43:40,autoscaler,customdas-cpu-queue-autoscaler-productcatalogservice,4,60,1,,,
2026-08-30 00:43:40,autoscaler,customdas-cpu-queue-autoscaler-recommendationservice,2,60,1,,,
2026-08-30 00:43:40,autoscaler,customdas-cpu-queue-autoscaler-shippingservice,5,60,1,,,
2026-08-30 00:43:40,node,ze-master-node,2611,4065,,65.3,51.2,
2026-08-30 00:43:40,node,ze-worker-node,2484,1929,,62.1,24.3,
2026-08-30 00:43:47,deployment,adservice,50,94,1,,,
2026-08-30 00:43:47,deployment,cartservice,208,80,2,,,
2026-08-30 00:43:47,deployment,checkoutservice,50,20,2,,,
2026-08-30 00:43:47,deployment,currencyservice,297,124,2,,,
2026-08-30 00:43:47,deployment,emailservice,18,40,1,,,
2026-08-30 00:43:47,deployment,frontend,708,74,7,,,
2026-08-30 00:43:47,http_p95_latency,frontend,,,,,,212.5
2026-08-30 00:43:47,deployment,paymentservice,11,31,1,,,
2026-08-30 00:43:47,deployment,productcatalogservice,356,41,5,,,
2026-08-30 00:43:47,deployment,recommendationservice,264,123,3,,,
2026-08-30 00:43:47,deployment,redis-cart,16,31,1,,,
2026-08-30 00:43:47,deployment,shippingservice,38,16,2,,,
2026-08-30 00:43:47,autoscaler,customdas-cpu-queue-autoscaler-adservice,3,60,1,,,
2026-08-30 00:43:47,autoscaler,customdas-cpu-queue-autoscaler-cartservice,6,60,1,,,
2026-08-30 00:43:47,autoscaler,customdas-cpu-queue-autoscaler-checkoutservice,2,60,1,,,
2026-08-30 00:43:47,autoscaler,customdas-cpu-queue-autoscaler-currencyservice,3,60,1,,,
2026-08-30 00:43:47,autoscaler,customdas-cpu-queue-autoscaler-emailservice,2,60,1,,,
2026-08-30 00:43:47,autoscaler,customdas-cpu-queue-autoscaler-frontend,4,60,1,,,
2026-08-30 00:43:47,autoscaler,customdas-cpu-queue-autoscaler-paymentservice,3,60,1,,,
2026-08-30 00:43:47,autoscaler,customdas-cpu-queue-autoscaler-productcatalogservice,4,60,1,,,
2026-08-30 00:43:47,autoscaler,customdas-cpu-queue-autoscaler-recommendationservice,3,60,1,,,
2026-08-30 00:43:47,autoscaler,customdas-cpu-queue-autoscaler-shippingservice,2,60,1,,,
2026-08-30 00:43:47,node,ze-master-node,2619,4122,,65.5,51.9,
2026-08-30 00:43:47,node,ze-worker-node,2584,1922,,64.6,24.2,
2026-08-30 00:43:56,deployment,adservice,50,94,1,,,
2026-08-30 00:43:56,deployment,cartservice,184,80,2,,,
2026-08-30 00:43:56,deployment,checkoutservice,41,20,2,,,
2026-08-30 00:43:56,deployment,currencyservice,297,128,2,,,
2026-08-30 00:43:56,deployment,emailservice,17,40,1,,,
2026-08-30 00:43:56,deployment,frontend,662,81,7,,,
2026-08-30 00:43:56,http_p95_latency,frontend,,,,,,184.4
2026-08-30 00:43:56,deployment,paymentservice,11,31,1,,,
2026-08-30 00:43:56,deployment,productcatalogservice,352,45,6,,,
2026-08-30 00:43:56,deployment,recommendationservice,264,123,3,,,
2026-08-30 00:43:56,deployment,redis-cart,16,31,1,,,
2026-08-30 00:43:56,deployment,shippingservice,38,16,2,,,
2026-08-30 00:43:56,autoscaler,customdas-cpu-queue-autoscaler-adservice,3,60,1,,,
2026-08-30 00:43:56,autoscaler,customdas-cpu-queue-autoscaler-cartservice,6,60,1,,,
2026-08-30 00:43:56,autoscaler,customdas-cpu-queue-autoscaler-checkoutservice,2,60,1,,,
2026-08-30 00:43:56,autoscaler,customdas-cpu-queue-autoscaler-currencyservice,3,60,1,,,
2026-08-30 00:43:56,autoscaler,customdas-cpu-queue-autoscaler-emailservice,2,60,1,,,
2026-08-30 00:43:56,autoscaler,customdas-cpu-queue-autoscaler-frontend,4,60,1,,,
2026-08-30 00:43:56,autoscaler,customdas-cpu-queue-autoscaler-paymentservice,3,60,1,,,
2026-08-30 00:43:56,autoscaler,customdas-cpu-queue-autoscaler-productcatalogservice,4,60,1,,,
2026-08-30 00:43:56,autoscaler,customdas-cpu-queue-autoscaler-recommendationservice,3,60,1,,,
2026-08-30 00:43:56,autoscaler,customdas-cpu-queue-autoscaler-shippingservice,2,60,1,,,
2026-08-30 00:43:56,node,ze-master-node,2619,4122,,65.5,51.9,
2026-08-30 00:43:56,node,ze-worker-node,2584,1922,,64.6,24.2,
2026-08-30 00:44:04,deployment,adservice,60,94,1,,,
2026-08-30 00:44:04,deployment,cartservice,202,80,2,,,
2026-08-30 00:44:04,deployment,checkoutservice,41,21,2,,,
2026-08-30 00:44:04,deployment,currencyservice,306,125,2,,,
2026-08-30 00:44:04,deployment,emailservice,13,40,1,,,
2026-08-30 00:44:04,deployment,frontend,765,84,7,,,
2026-08-30 00:44:04,http_p95_latency,frontend,,,,,,184.4
2026-08-30 00:44:04,deployment,paymentservice,8,31,1,,,
2026-08-30 00:44:04,deployment,productcatalogservice,426,50,6,,,
2026-08-30 00:44:04,deployment,recommendationservice,248,123,3,,,
2026-08-30 00:44:04,deployment,redis-cart,17,31,1,,,
2026-08-30 00:44:04,deployment,shippingservice,42,16,2,,,
2026-08-30 00:44:04,autoscaler,customdas-cpu-queue-autoscaler-adservice,2,60,1,,,
2026-08-30 00:44:04,autoscaler,customdas-cpu-queue-autoscaler-cartservice,4,60,1,,,
2026-08-30 00:44:04,autoscaler,customdas-cpu-queue-autoscaler-checkoutservice,2,60,1,,,
2026-08-30 00:44:04,autoscaler,customdas-cpu-queue-autoscaler-currencyservice,2,60,1,,,
2026-08-30 00:44:04,autoscaler,customdas-cpu-queue-autoscaler-emailservice,2,60,1,,,
2026-08-30 00:44:04,autoscaler,customdas-cpu-queue-autoscaler-frontend,4,60,1,,,
2026-08-30 00:44:04,autoscaler,customdas-cpu-queue-autoscaler-paymentservice,3,60,1,,,
2026-08-30 00:44:04,autoscaler,customdas-cpu-queue-autoscaler-productcatalogservice,5,60,1,,,
2026-08-30 00:44:04,autoscaler,customdas-cpu-queue-autoscaler-recommendationservice,3,60,1,,,
2026-08-30 00:44:04,autoscaler,customdas-cpu-queue-autoscaler-shippingservice,2,60,1,,,
2026-08-30 00:44:04,node,ze-master-node,2788,4157,,69.7,52.3,
2026-08-30 00:44:04,node,ze-worker-node,2687,1923,,67.2,24.2,
2026-08-30 00:44:12,deployment,adservice,60,94,1,,,
2026-08-30 00:44:12,deployment,cartservice,202,80,2,,,
2026-08-30 00:44:12,deployment,checkoutservice,41,21,2,,,
2026-08-30 00:44:12,deployment,currencyservice,306,125,2,,,
2026-08-30 00:44:12,deployment,emailservice,13,40,1,,,
2026-08-30 00:44:12,deployment,frontend,765,84,7,,,
2026-08-30 00:44:12,http_p95_latency,frontend,,,,,,233.4
2026-08-30 00:44:12,deployment,paymentservice,8,31,1,,,
2026-08-30 00:44:12,deployment,productcatalogservice,426,50,6,,,
2026-08-30 00:44:12,deployment,recommendationservice,248,123,3,,,
2026-08-30 00:44:12,deployment,redis-cart,17,31,1,,,
2026-08-30 00:44:12,deployment,shippingservice,42,16,2,,,
2026-08-30 00:44:12,autoscaler,customdas-cpu-queue-autoscaler-adservice,2,60,1,,,
2026-08-30 00:44:12,autoscaler,customdas-cpu-queue-autoscaler-cartservice,4,60,1,,,
2026-08-30 00:44:12,autoscaler,customdas-cpu-queue-autoscaler-checkoutservice,2,60,1,,,
2026-08-30 00:44:12,autoscaler,customdas-cpu-queue-autoscaler-currencyservice,2,60,1,,,
2026-08-30 00:44:12,autoscaler,customdas-cpu-queue-autoscaler-emailservice,2,60,1,,,
2026-08-30 00:44:12,autoscaler,customdas-cpu-queue-autoscaler-frontend,4,60,1,,,
2026-08-30 00:44:12,autoscaler,customdas-cpu-queue-autoscaler-paymentservice,3,60,1,,,
2026-08-30 00:44:12,autoscaler,customdas-cpu-queue-autoscaler-productcatalogservice,5,60,1,,,
2026-08-30 00:44:12,autoscaler,customdas-cpu-queue-autoscaler-recommendationservice,3,60,1,,,
2026-08-30 00:44:12,autoscaler,customdas-cpu-queue-autoscaler-shippingservice,2,60,1,,,
2026-08-30 00:44:12,node,ze-master-node,2788,4157,,69.7,52.3,
2026-08-30 00:44:12,node,ze-worker-node,2687,1923,,67.2,24.2,
2026-08-30 00:44:20,deployment,adservice,59,94,1,,,
2026-08-30 00:44:20,deployment,cartservice,185,80,2,,,
2026-08-30 00:44:20,deployment,checkoutservice,47,21,2,,,
2026-08-30 00:44:20,deployment,currencyservice,341,124,2,,,
2026-08-30 00:44:20,deployment,emailservice,17,40,1,,,
2026-08-30 00:44:20,deployment,frontend,738,85,7,,,
2026-08-30 00:44:20,http_p95_latency,frontend,,,,,,233.4
2026-08-30 00:44:20,deployment,paymentservice,12,31,1,,,
2026-08-30 00:44:20,deployment,productcatalogservice,413,49,6,,,
2026-08-30 00:44:20,deployment,recommendationservice,278,124,3,,,
2026-08-30 00:44:20,deployment,redis-cart,19,31,1,,,
2026-08-30 00:44:20,deployment,shippingservice,42,16,2,,,
2026-08-30 00:44:20,autoscaler,customdas-cpu-queue-autoscaler-adservice,3,60,1,,,
2026-08-30 00:44:20,autoscaler,customdas-cpu-queue-autoscaler-cartservice,3,60,1,,,
2026-08-30 00:44:20,autoscaler,customdas-cpu-queue-autoscaler-checkoutservice,5,60,1,,,
2026-08-30 00:44:20,autoscaler,customdas-cpu-queue-autoscaler-currencyservice,4,60,1,,,
2026-08-30 00:44:20,autoscaler,customdas-cpu-queue-autoscaler-emailservice,2,60,1,,,
2026-08-30 00:44:20,autoscaler,customdas-cpu-queue-autoscaler-frontend,5,60,1,,,
2026-08-30 00:44:20,autoscaler,customdas-cpu-queue-autoscaler-paymentservice,3,60,1,,,
2026-08-30 00:44:20,autoscaler,customdas-cpu-queue-autoscaler-productcatalogservice,8,60,1,,,
2026-08-30 00:44:20,autoscaler,customdas-cpu-queue-autoscaler-recommendationservice,3,60,1,,,
2026-08-30 00:44:20,autoscaler,customdas-cpu-queue-autoscaler-shippingservice,4,60,1,,,
2026-08-30 00:44:20,node,ze-master-node,2812,4149,,70.3,52.2,
2026-08-30 00:44:20,node,ze-worker-node,2685,1920,,67.1,24.2,
2026-08-30 00:44:27,deployment,adservice,59,94,1,,,
2026-08-30 00:44:27,deployment,cartservice,185,80,2,,,
2026-08-30 00:44:27,deployment,checkoutservice,47,21,2,,,
2026-08-30 00:44:27,deployment,currencyservice,341,124,2,,,
2026-08-30 00:44:27,deployment,emailservice,17,40,1,,,
2026-08-30 00:44:27,deployment,frontend,738,85,7,,,
2026-08-30 00:44:27,http_p95_latency,frontend,,,,,,243.9
2026-08-30 00:44:27,deployment,paymentservice,12,31,1,,,
2026-08-30 00:44:27,deployment,productcatalogservice,413,49,6,,,
2026-08-30 00:44:27,deployment,recommendationservice,278,124,3,,,
2026-08-30 00:44:27,deployment,redis-cart,19,31,1,,,
2026-08-30 00:44:27,deployment,shippingservice,42,16,2,,,
2026-08-30 00:44:27,autoscaler,customdas-cpu-queue-autoscaler-adservice,3,60,1,,,
2026-08-30 00:44:27,autoscaler,customdas-cpu-queue-autoscaler-cartservice,3,60,1,,,
2026-08-30 00:44:27,autoscaler,customdas-cpu-queue-autoscaler-checkoutservice,5,60,1,,,
2026-08-30 00:44:27,autoscaler,customdas-cpu-queue-autoscaler-currencyservice,4,60,1,,,
2026-08-30 00:44:27,autoscaler,customdas-cpu-queue-autoscaler-emailservice,2,60,1,,,
2026-08-30 00:44:27,autoscaler,customdas-cpu-queue-autoscaler-frontend,5,60,1,,,
2026-08-30 00:44:27,autoscaler,customdas-cpu-queue-autoscaler-paymentservice,3,60,1,,,
2026-08-30 00:44:27,autoscaler,customdas-cpu-queue-autoscaler-productcatalogservice,8,60,1,,,
2026-08-30 00:44:27,autoscaler,customdas-cpu-queue-autoscaler-recommendationservice,3,60,1,,,
2026-08-30 00:44:27,autoscaler,customdas-cpu-queue-autoscaler-shippingservice,4,60,1,,,
2026-08-30 00:44:27,node,ze-master-node,2812,4149,,70.3,52.2,
2026-08-30 00:44:27,node,ze-worker-node,2685,1920,,67.1,24.2,
2026-08-30 00:44:36,deployment,adservice,58,94,1,,,
2026-08-30 00:44:36,deployment,cartservice,180,80,2,,,
2026-08-30 00:44:36,deployment,checkoutservice,47,22,2,,,
2026-08-30 00:44:36,deployment,currencyservice,344,125,2,,,
2026-08-30 00:44:36,deployment,emailservice,15,40,1,,,
2026-08-30 00:44:36,deployment,frontend,726,86,7,,,
2026-08-30 00:44:36,http_p95_latency,frontend,,,,,,243.9
2026-08-30 00:44:36,deployment,paymentservice,9,31,1,,,
2026-08-30 00:44:36,deployment,productcatalogservice,409,49,6,,,
2026-08-30 00:44:36,deployment,recommendationservice,272,126,3,,,
2026-08-30 00:44:36,deployment,redis-cart,38,31,1,,,
2026-08-30 00:44:36,deployment,shippingservice,47,16,2,,,
2026-08-30 00:44:36,autoscaler,customdas-cpu-queue-autoscaler-adservice,4,60,1,,,
2026-08-30 00:44:36,autoscaler,customdas-cpu-queue-autoscaler-cartservice,2,60,1,,,
2026-08-30 00:44:36,autoscaler,customdas-cpu-queue-autoscaler-checkoutservice,3,60,1,,,
2026-08-30 00:44:36,autoscaler,customdas-cpu-queue-autoscaler-currencyservice,2,60,1,,,
2026-08-30 00:44:36,autoscaler,customdas-cpu-queue-autoscaler-emailservice,2,60,1,,,
2026-08-30 00:44:36,autoscaler,customdas-cpu-queue-autoscaler-frontend,10,60,1,,,
2026-08-30 00:44:36,autoscaler,customdas-cpu-queue-autoscaler-paymentservice,3,60,1,,,
2026-08-30 00:44:36,autoscaler,customdas-cpu-queue-autoscaler-productcatalogservice,6,60,1,,,
2026-08-30 00:44:36,autoscaler,customdas-cpu-queue-autoscaler-recommendationservice,5,60,1,,,
2026-08-30 00:44:36,autoscaler,customdas-cpu-queue-autoscaler-shippingservice,3,60,1,,,
2026-08-30 00:44:36,node,ze-master-node,2740,4158,,68.5,52.4,
2026-08-30 00:44:36,node,ze-worker-node,2737,1926,,68.4,24.3,
2026-08-30 00:44:47,deployment,adservice,58,94,1,,,
2026-08-30 00:44:47,deployment,cartservice,180,80,2,,,
2026-08-30 00:44:47,deployment,checkoutservice,47,22,2,,,
2026-08-30 00:44:47,deployment,currencyservice,344,125,2,,,
2026-08-30 00:44:47,deployment,emailservice,15,40,1,,,
2026-08-30 00:44:47,deployment,frontend,726,86,8,,,
2026-08-30 00:44:47,http_p95_latency,frontend,,,,,,287.1
2026-08-30 00:44:47,deployment,paymentservice,13,31,1,,,
2026-08-30 00:44:47,deployment,productcatalogservice,406,50,6,,,
2026-08-30 00:44:47,deployment,recommendationservice,276,125,3,,,
2026-08-30 00:44:47,deployment,redis-cart,18,31,1,,,
2026-08-30 00:44:47,deployment,shippingservice,45,17,2,,,
2026-08-30 00:44:47,autoscaler,customdas-cpu-queue-autoscaler-adservice,4,60,1,,,
2026-08-30 00:44:47,autoscaler,customdas-cpu-queue-autoscaler-cartservice,3,60,1,,,
2026-08-30 00:44:47,autoscaler,customdas-cpu-queue-autoscaler-checkoutservice,3,60,1,,,
2026-08-30 00:44:47,autoscaler,customdas-cpu-queue-autoscaler-currencyservice,2,60,1,,,
2026-08-30 00:44:47,autoscaler,customdas-cpu-queue-autoscaler-emailservice,0,60,1,,,
2026-08-30 00:44:47,autoscaler,customdas-cpu-queue-autoscaler-frontend,7,60,1,,,
2026-08-30 00:44:47,autoscaler,customdas-cpu-queue-autoscaler-paymentservice,4,60,1,,,
2026-08-30 00:44:47,autoscaler,customdas-cpu-queue-autoscaler-productcatalogservice,7,60,1,,,
2026-08-30 00:44:47,autoscaler,customdas-cpu-queue-autoscaler-recommendationservice,5,60,1,,,
2026-08-30 00:44:47,autoscaler,customdas-cpu-queue-autoscaler-shippingservice,3,60,1,,,
2026-08-30 00:44:47,node,ze-master-node,2930,4109,,73.2,51.7,
2026-08-30 00:44:47,node,ze-worker-node,2775,1937,,69.4,24.4,
2026-08-30 00:44:57,deployment,adservice,55,94,1,,,
2026-08-30 00:44:57,deployment,cartservice,207,80,2,,,
2026-08-30 00:44:57,deployment,checkoutservice,44,22,2,,,
2026-08-30 00:44:57,deployment,currencyservice,340,124,2,,,
2026-08-30 00:44:57,deployment,emailservice,19,40,1,,,
2026-08-30 00:44:57,deployment,frontend,741,93,8,,,
2026-08-30 00:44:57,http_p95_latency,frontend,,,,,,336.4
2026-08-30 00:44:57,deployment,paymentservice,13,31,1,,,
2026-08-30 00:44:57,deployment,productcatalogservice,406,50,6,,,
2026-08-30 00:44:57,deployment,recommendationservice,276,125,3,,,
2026-08-30 00:44:57,deployment,redis-cart,18,31,1,,,
2026-08-30 00:44:57,deployment,shippingservice,45,17,2,,,
2026-08-30 00:44:57,autoscaler,customdas-cpu-queue-autoscaler-adservice,4,60,1,,,
2026-08-30 00:44:57,autoscaler,customdas-cpu-queue-autoscaler-cartservice,3,60,1,,,
2026-08-30 00:44:57,autoscaler,customdas-cpu-queue-autoscaler-checkoutservice,3,60,1,,,
2026-08-30 00:44:57,autoscaler,customdas-cpu-queue-autoscaler-currencyservice,2,60,1,,,
2026-08-30 00:44:57,autoscaler,customdas-cpu-queue-autoscaler-emailservice,0,60,1,,,
2026-08-30 00:44:57,autoscaler,customdas-cpu-queue-autoscaler-frontend,7,60,1,,,
2026-08-30 00:44:57,autoscaler,customdas-cpu-queue-autoscaler-paymentservice,4,60,1,,,
2026-08-30 00:44:57,autoscaler,customdas-cpu-queue-autoscaler-productcatalogservice,7,60,1,,,
2026-08-30 00:44:57,autoscaler,customdas-cpu-queue-autoscaler-recommendationservice,5,60,1,,,
2026-08-30 00:44:57,autoscaler,customdas-cpu-queue-autoscaler-shippingservice,3,60,1,,,
2026-08-30 00:44:57,node,ze-master-node,2930,4109,,73.2,51.7,
2026-08-30 00:44:57,node,ze-worker-node,2775,1937,,69.4,24.4,
2026-08-30 00:45:06,deployment,adservice,55,94,1,,,
2026-08-30 00:45:06,deployment,cartservice,220,80,2,,,
2026-08-30 00:45:06,deployment,checkoutservice,49,21,2,,,
2026-08-30 00:45:06,deployment,currencyservice,343,124,2,,,
2026-08-30 00:45:06,deployment,emailservice,19,40,1,,,
2026-08-30 00:45:06,deployment,frontend,734,94,8,,,
2026-08-30 00:45:06,http_p95_latency,frontend,,,,,,336.4
2026-08-30 00:45:06,deployment,paymentservice,13,31,1,,,
2026-08-30 00:45:06,deployment,productcatalogservice,416,49,6,,,
2026-08-30 00:45:06,deployment,recommendationservice,276,125,3,,,
2026-08-30 00:45:06,deployment,redis-cart,18,31,1,,,
2026-08-30 00:45:06,deployment,shippingservice,45,16,2,,,
2026-08-30 00:45:06,autoscaler,customdas-cpu-queue-autoscaler-adservice,3,60,1,,,
2026-08-30 00:45:06,autoscaler,customdas-cpu-queue-autoscaler-cartservice,3,60,1,,,
2026-08-30 00:45:06,autoscaler,customdas-cpu-queue-autoscaler-checkoutservice,4,60,1,,,
2026-08-30 00:45:06,autoscaler,customdas-cpu-queue-autoscaler-currencyservice,4,60,1,,,
2026-08-30 00:45:06,autoscaler,customdas-cpu-queue-autoscaler-emailservice,4,60,1,,,
2026-08-30 00:45:06,autoscaler,customdas-cpu-queue-autoscaler-frontend,6,60,1,,,
2026-08-30 00:45:06,autoscaler,customdas-cpu-queue-autoscaler-paymentservice,3,60,1,,,
2026-08-30 00:45:06,autoscaler,customdas-cpu-queue-autoscaler-productcatalogservice,0,60,1,,,
2026-08-30 00:45:06,autoscaler,customdas-cpu-queue-autoscaler-recommendationservice,4,60,1,,,
2026-08-30 00:45:06,autoscaler,customdas-cpu-queue-autoscaler-shippingservice,3,60,1,,,
2026-08-30 00:45:06,node,ze-master-node,2858,4122,,71.5,51.9,
2026-08-30 00:45:06,node,ze-worker-node,2796,1938,,69.9,24.4,
2026-08-30 00:45:17,deployment,adservice,55,94,1,,,
2026-08-30 00:45:17,deployment,cartservice,220,80,2,,,
2026-08-30 00:45:17,deployment,checkoutservice,49,21,2,,,
2026-08-30 00:45:17,deployment,currencyservice,343,124,2,,,
2026-08-30 00:45:17,deployment,emailservice,19,40,1,,,
2026-08-30 00:45:17,deployment,frontend,734,94,8,,,
2026-08-30 00:45:17,http_p95_latency,frontend,,,,,,294.1
2026-08-30 00:45:17,deployment,paymentservice,13,31,1,,,
2026-08-30 00:45:17,deployment,productcatalogservice,416,49,6,,,
2026-08-30 00:45:17,deployment,recommendationservice,276,125,3,,,
2026-08-30 00:45:17,deployment,redis-cart,18,31,1,,,
2026-08-30 00:45:17,deployment,shippingservice,43,17,2,,,
2026-08-30 00:45:17,autoscaler,customdas-cpu-queue-autoscaler-adservice,2,60,1,,,
2026-08-30 00:45:17,autoscaler,customdas-cpu-queue-autoscaler-cartservice,4,60,1,,,
2026-08-30 00:45:17,autoscaler,customdas-cpu-queue-autoscaler-checkoutservice,4,60,1,,,
2026-08-30 00:45:17,autoscaler,customdas-cpu-queue-autoscaler-currencyservice,3,60,1,,,
2026-08-30 00:45:17,autoscaler,customdas-cpu-queue-autoscaler-emailservice,3,60,1,,,
2026-08-30 00:45:17,autoscaler,customdas-cpu-queue-autoscaler-frontend,6,60,1,,,
2026-08-30 00:45:17,autoscaler,customdas-cpu-queue-autoscaler-paymentservice,4,60,1,,,
2026-08-30 00:45:17,autoscaler,customdas-cpu-queue-autoscaler-productcatalogservice,4,60,1,,,
2026-08-30 00:45:17,autoscaler,customdas-cpu-queue-autoscaler-recommendationservice,4,60,1,,,
2026-08-30 00:45:17,autoscaler,customdas-cpu-queue-autoscaler-shippingservice,3,60,1,,,
2026-08-30 00:45:17,node,ze-master-node,2889,4098,,72.2,51.6,
2026-08-30 00:45:17,node,ze-worker-node,2925,1938,,73.1,24.4,
2026-08-30 00:45:26,deployment,adservice,58,94,1,,,
2026-08-30 00:45:26,deployment,cartservice,201,80,2,,,
2026-08-30 00:45:26,deployment,checkoutservice,49,21,2,,,
2026-08-30 00:45:26,deployment,currencyservice,341,125,2,,,
2026-08-30 00:45:26,deployment,emailservice,17,40,1,,,
2026-08-30 00:45:26,deployment,frontend,765,97,8,,,
2026-08-30 00:45:26,http_p95_latency,frontend,,,,,,294.1
2026-08-30 00:45:26,deployment,paymentservice,11,31,1,,,
2026-08-30 00:45:26,deployment,productcatalogservice,413,50,7,,,
2026-08-30 00:45:26,deployment,recommendationservice,280,125,3,,,
2026-08-30 00:45:26,deployment,redis-cart,18,31,1,,,
2026-08-30 00:45:26,deployment,shippingservice,43,17,2,,,
2026-08-30 00:45:26,autoscaler,customdas-cpu-queue-autoscaler-adservice,2,60,1,,,
2026-08-30 00:45:26,autoscaler,customdas-cpu-queue-autoscaler-cartservice,4,60,1,,,
2026-08-30 00:45:26,autoscaler,customdas-cpu-queue-autoscaler-checkoutservice,4,60,1,,,
2026-08-30 00:45:26,autoscaler,customdas-cpu-queue-autoscaler-currencyservice,3,60,1,,,
2026-08-30 00:45:26,autoscaler,customdas-cpu-queue-autoscaler-emailservice,3,60,1,,,
2026-08-30 00:45:26,autoscaler,customdas-cpu-queue-autoscaler-frontend,6,60,1,,,
2026-08-30 00:45:26,autoscaler,customdas-cpu-queue-autoscaler-paymentservice,4,60,1,,,
2026-08-30 00:45:26,autoscaler,customdas-cpu-queue-autoscaler-productcatalogservice,4,60,1,,,
2026-08-30 00:45:26,autoscaler,customdas-cpu-queue-autoscaler-recommendationservice,4,60,1,,,
2026-08-30 00:45:26,autoscaler,customdas-cpu-queue-autoscaler-shippingservice,3,60,1,,,
2026-08-30 00:45:26,node,ze-master-node,2889,4098,,72.2,51.6,
2026-08-30 00:45:26,node,ze-worker-node,2925,1938,,73.1,24.4,
2026-08-30 00:45:35,deployment,adservice,58,94,1,,,
2026-08-30 00:45:35,deployment,cartservice,191,80,2,,,
2026-08-30 00:45:35,deployment,checkoutservice,53,21,2,,,
2026-08-30 00:45:35,deployment,currencyservice,340,125,2,,,
2026-08-30 00:45:35,deployment,emailservice,17,40,1,,,
2026-08-30 00:45:35,deployment,frontend,751,96,8,,,
2026-08-30 00:45:35,http_p95_latency,frontend,,,,,,267.3
2026-08-30 00:45:35,deployment,paymentservice,13,31,1,,,
2026-08-30 00:45:35,deployment,productcatalogservice,404,49,7,,,
2026-08-30 00:45:35,deployment,recommendationservice,275,125,3,,,
2026-08-30 00:45:35,deployment,redis-cart,18,31,1,,,
2026-08-30 00:45:35,deployment,shippingservice,46,16,2,,,
2026-08-30 00:45:35,autoscaler,customdas-cpu-queue-autoscaler-adservice,3,60,1,,,
2026-08-30 00:45:35,autoscaler,customdas-cpu-queue-autoscaler-cartservice,3,60,1,,,
2026-08-30 00:45:35,autoscaler,customdas-cpu-queue-autoscaler-checkoutservice,4,60,1,,,
2026-08-30 00:45:35,autoscaler,customdas-cpu-queue-autoscaler-currencyservice,2,60,1,,,
2026-08-30 00:45:35,autoscaler,customdas-cpu-queue-autoscaler-emailservice,3,60,1,,,
2026-08-30 00:45:35,autoscaler,customdas-cpu-queue-autoscaler-frontend,5,60,1,,,
2026-08-30 00:45:35,autoscaler,customdas-cpu-queue-autoscaler-paymentservice,4,60,1,,,
2026-08-30 00:45:35,autoscaler,customdas-cpu-queue-autoscaler-productcatalogservice,4,60,1,,,
2026-08-30 00:45:35,autoscaler,customdas-cpu-queue-autoscaler-recommendationservice,4,60,1,,,
2026-08-30 00:45:35,autoscaler,customdas-cpu-queue-autoscaler-shippingservice,3,60,1,,,
2026-08-30 00:45:35,node,ze-master-node,2819,4127,,70.5,52.0,
2026-08-30 00:45:35,node,ze-worker-node,2880,1958,,72.0,24.7,
2026-08-30 00:45:42,deployment,adservice,58,94,1,,,
2026-08-30 00:45:42,deployment,cartservice,191,80,2,,,
2026-08-30 00:45:42,deployment,checkoutservice,53,21,2,,,
2026-08-30 00:45:42,deployment,currencyservice,340,125,2,,,
2026-08-30 00:45:42,deployment,emailservice,17,40,1,,,
2026-08-30 00:45:42,deployment,frontend,751,96,8,,,
2026-08-30 00:45:42,http_p95_latency,frontend,,,,,,236.0
2026-08-30 00:45:42,deployment,paymentservice,13,31,1,,,
2026-08-30 00:45:42,deployment,productcatalogservice,404,49,7,,,
2026-08-30 00:45:42,deployment,recommendationservice,275,125,3,,,
2026-08-30 00:45:42,deployment,redis-cart,18,31,1,,,
2026-08-30 00:45:42,deployment,shippingservice,46,16,2,,,
2026-08-30 00:45:42,autoscaler,customdas-cpu-queue-autoscaler-adservice,3,60,1,,,
2026-08-30 00:45:42,autoscaler,customdas-cpu-queue-autoscaler-cartservice,3,60,1,,,
2026-08-30 00:45:42,autoscaler,customdas-cpu-queue-autoscaler-checkoutservice,4,60,1,,,
2026-08-30 00:45:42,autoscaler,customdas-cpu-queue-autoscaler-currencyservice,2,60,1,,,
2026-08-30 00:45:42,autoscaler,customdas-cpu-queue-autoscaler-emailservice,3,60,1,,,
2026-08-30 00:45:42,autoscaler,customdas-cpu-queue-autoscaler-frontend,5,60,1,,,
2026-08-30 00:45:42,autoscaler,customdas-cpu-queue-autoscaler-paymentservice,4,60,1,,,
2026-08-30 00:45:42,autoscaler,customdas-cpu-queue-autoscaler-productcatalogservice,4,60,1,,,
2026-08-30 00:45:42,autoscaler,customdas-cpu-queue-autoscaler-recommendationservice,4,60,1,,,
2026-08-30 00:45:42,autoscaler,customdas-cpu-queue-autoscaler-shippingservice,3,60,1,,,
2026-08-30 00:45:42,node,ze-master-node,2819,4127,,70.5,52.0,
2026-08-30 00:45:42,node,ze-worker-node,2880,1958,,72.0,24.7,
2026-08-30 00:45:51,deployment,adservice,56,94,1,,,
2026-08-30 00:45:51,deployment,cartservice,203,80,2,,,
2026-08-30 00:45:51,deployment,checkoutservice,48,22,2,,,
2026-08-30 00:45:51,deployment,currencyservice,336,125,2,,,
2026-08-30 00:45:51,deployment,emailservice,16,40,1,,,
2026-08-30 00:45:51,deployment,frontend,762,97,8,,,
2026-08-30 00:45:51,http_p95_latency,frontend,,,,,,236.0
2026-08-30 00:45:51,deployment,paymentservice,13,31,1,,,
2026-08-30 00:45:51,deployment,productcatalogservice,438,56,7,,,
2026-08-30 00:45:51,deployment,recommendationservice,272,126,3,,,
2026-08-30 00:45:51,deployment,redis-cart,18,31,1,,,
2026-08-30 00:45:51,deployment,shippingservice,41,16,2,,,
2026-08-30 00:45:51,autoscaler,customdas-cpu-queue-autoscaler-adservice,2,60,1,,,
2026-08-30 00:45:51,autoscaler,customdas-cpu-queue-autoscaler-cartservice,3,60,1,,,
2026-08-30 00:45:51,autoscaler,customdas-cpu-queue-autoscaler-checkoutservice,5,60,1,,,
2026-08-30 00:45:51,autoscaler,customdas-cpu-queue-autoscaler-currencyservice,3,60,1,,,
2026-08-30 00:45:51,autoscaler,customdas-cpu-queue-autoscaler-emailservice,4,60,1,,,
2026-08-30 00:45:51,autoscaler,customdas-cpu-queue-autoscaler-frontend,7,60,1,,,
2026-08-30 00:45:51,autoscaler,customdas-cpu-queue-autoscaler-paymentservice,3,60,1,,,
2026-08-30 00:45:51,autoscaler,customdas-cpu-queue-autoscaler-productcatalogservice,9,60,1,,,
2026-08-30 00:45:51,autoscaler,customdas-cpu-queue-autoscaler-recommendationservice,5,60,1,,,
2026-08-30 00:45:51,autoscaler,customdas-cpu-queue-autoscaler-shippingservice,6,60,1,,,
2026-08-30 00:45:51,node,ze-master-node,2690,4122,,67.2,51.9,
2026-08-30 00:45:51,node,ze-worker-node,2858,1954,,71.5,24.6,
2026-08-30 00:45:59,deployment,adservice,56,94,1,,,
2026-08-30 00:45:59,deployment,cartservice,203,80,2,,,
2026-08-30 00:45:59,deployment,checkoutservice,48,22,2,,,
2026-08-30 00:45:59,deployment,currencyservice,336,125,2,,,
2026-08-30 00:45:59,deployment,emailservice,16,40,1,,,
2026-08-30 00:45:59,deployment,frontend,762,97,8,,,
2026-08-30 00:45:59,http_p95_latency,frontend,,,,,,238.1
2026-08-30 00:45:59,deployment,paymentservice,13,31,1,,,
2026-08-30 00:45:59,deployment,productcatalogservice,369,49,6,,,
2026-08-30 00:45:59,deployment,recommendationservice,272,126,3,,,
2026-08-30 00:45:59,deployment,redis-cart,18,31,1,,,
2026-08-30 00:45:59,deployment,shippingservice,41,16,2,,,
2026-08-30 00:45:59,autoscaler,customdas-cpu-queue-autoscaler-adservice,2,60,1,,,
2026-08-30 00:45:59,autoscaler,customdas-cpu-queue-autoscaler-cartservice,3,60,1,,,
2026-08-30 00:45:59,autoscaler,customdas-cpu-queue-autoscaler-checkoutservice,5,60,1,,,
2026-08-30 00:45:59,autoscaler,customdas-cpu-queue-autoscaler-currencyservice,3,60,1,,,
2026-08-30 00:45:59,autoscaler,customdas-cpu-queue-autoscaler-emailservice,4,60,1,,,
2026-08-30 00:45:59,autoscaler,customdas-cpu-queue-autoscaler-frontend,7,60,1,,,
2026-08-30 00:45:59,autoscaler,customdas-cpu-queue-autoscaler-paymentservice,3,60,1,,,
2026-08-30 00:45:59,autoscaler,customdas-cpu-queue-autoscaler-productcatalogservice,9,60,1,,,
2026-08-30 00:45:59,autoscaler,customdas-cpu-queue-autoscaler-recommendationservice,5,60,1,,,
2026-08-30 00:45:59,autoscaler,customdas-cpu-queue-autoscaler-shippingservice,6,60,1,,,
2026-08-30 00:45:59,node,ze-master-node,2690,4122,,67.2,51.9,
2026-08-30 00:45:59,node,ze-worker-node,2858,1954,,71.5,24.6,
2026-08-30 00:46:06,deployment,adservice,53,94,1,,,
2026-08-30 00:46:06,deployment,cartservice,179,80,2,,,
2026-08-30 00:46:06,deployment,checkoutservice,45,22,2,,,
2026-08-30 00:46:06,deployment,currencyservice,336,124,2,,,
2026-08-30 00:46:06,deployment,emailservice,19,40,1,,,
2026-08-30 00:46:06,deployment,frontend,727,99,8,,,
2026-08-30 00:46:06,http_p95_latency,frontend,,,,,,238.1
2026-08-30 00:46:06,deployment,paymentservice,11,31,1,,,
2026-08-30 00:46:06,deployment,productcatalogservice,350,49,6,,,
2026-08-30 00:46:06,deployment,recommendationservice,265,126,3,,,
2026-08-30 00:46:06,deployment,redis-cart,17,31,1,,,
2026-08-30 00:46:06,deployment,shippingservice,43,17,2,,,
2026-08-30 00:46:06,autoscaler,customdas-cpu-queue-autoscaler-adservice,3,60,1,,,
2026-08-30 00:46:06,autoscaler,customdas-cpu-queue-autoscaler-cartservice,3,60,1,,,
2026-08-30 00:46:06,autoscaler,customdas-cpu-queue-autoscaler-checkoutservice,4,60,1,,,
2026-08-30 00:46:06,autoscaler,customdas-cpu-queue-autoscaler-currencyservice,5,60,1,,,
2026-08-30 00:46:06,autoscaler,customdas-cpu-queue-autoscaler-emailservice,2,60,1,,,
2026-08-30 00:46:06,autoscaler,customdas-cpu-queue-autoscaler-frontend,7,60,1,,,
2026-08-30 00:46:06,autoscaler,customdas-cpu-queue-autoscaler-paymentservice,3,60,1,,,
2026-08-30 00:46:06,autoscaler,customdas-cpu-queue-autoscaler-productcatalogservice,7,60,1,,,
2026-08-30 00:46:06,autoscaler,customdas-cpu-queue-autoscaler-recommendationservice,4,60,1,,,
2026-08-30 00:46:06,autoscaler,customdas-cpu-queue-autoscaler-shippingservice,3,60,1,,,
2026-08-30 00:46:06,node,ze-master-node,2759,4141,,69.0,52.1,
2026-08-30 00:46:06,node,ze-worker-node,2754,1951,,68.8,24.6,
2026-08-30 00:46:16,deployment,adservice,53,94,1,,,
2026-08-30 00:46:16,deployment,cartservice,179,80,2,,,
2026-08-30 00:46:16,deployment,checkoutservice,45,22,2,,,
2026-08-30 00:46:16,deployment,currencyservice,336,124,2,,,
2026-08-30 00:46:16,deployment,emailservice,19,40,1,,,
2026-08-30 00:46:16,deployment,frontend,727,99,8,,,
2026-08-30 00:46:16,http_p95_latency,frontend,,,,,,226.6
2026-08-30 00:46:16,deployment,paymentservice,11,31,1,,,
2026-08-30 00:46:16,deployment,productcatalogservice,350,49,6,,,
2026-08-30 00:46:16,deployment,recommendationservice,265,126,3,,,
2026-08-30 00:46:16,deployment,redis-cart,17,31,1,,,
2026-08-30 00:46:16,deployment,shippingservice,43,17,2,,,
2026-08-30 00:46:16,autoscaler,customdas-cpu-queue-autoscaler-adservice,3,60,1,,,
2026-08-30 00:46:16,autoscaler,customdas-cpu-queue-autoscaler-cartservice,3,60,1,,,
2026-08-30 00:46:16,autoscaler,customdas-cpu-queue-autoscaler-checkoutservice,4,60,1,,,
2026-08-30 00:46:16,autoscaler,customdas-cpu-queue-autoscaler-currencyservice,5,60,1,,,
2026-08-30 00:46:16,autoscaler,customdas-cpu-queue-autoscaler-emailservice,2,60,1,,,
2026-08-30 00:46:16,autoscaler,customdas-cpu-queue-autoscaler-frontend,7,60,1,,,
2026-08-30 00:46:16,autoscaler,customdas-cpu-queue-autoscaler-paymentservice,3,60,1,,,
2026-08-30 00:46:16,autoscaler,customdas-cpu-queue-autoscaler-productcatalogservice,5,60,1,,,
2026-08-30 00:46:16,autoscaler,customdas-cpu-queue-autoscaler-recommendationservice,7,60,1,,,
2026-08-30 00:46:16,autoscaler,customdas-cpu-queue-autoscaler-shippingservice,2,60,1,,,
2026-08-30 00:46:16,node,ze-master-node,2724,4122,,68.1,51.9,
2026-08-30 00:46:16,node,ze-worker-node,2669,1944,,66.7,24.5,
2026-08-30 00:46:25,deployment,adservice,53,94,1,,,
2026-08-30 00:46:25,deployment,cartservice,204,80,2,,,
2026-08-30 00:46:25,deployment,checkoutservice,41,22,2,,,
2026-08-30 00:46:25,deployment,currencyservice,327,125,2,,,
2026-08-30 00:46:25,deployment,emailservice,17,40,1,,,
2026-08-30 00:46:25,deployment,frontend,714,97,8,,,
2026-08-30 00:46:25,http_p95_latency,frontend,,,,,,226.6
2026-08-30 00:46:25,deployment,paymentservice,12,31,1,,,
2026-08-30 00:46:25,deployment,productcatalogservice,370,49,6,,,
2026-08-30 00:46:25,deployment,recommendationservice,255,126,3,,,
2026-08-30 00:46:25,deployment,redis-cart,18,31,1,,,
2026-08-30 00:46:25,deployment,shippingservice,40,17,2,,,
2026-08-30 00:46:25,autoscaler,customdas-cpu-queue-autoscaler-adservice,3,60,1,,,
2026-08-30 00:46:25,autoscaler,customdas-cpu-queue-autoscaler-cartservice,5,60,1,,,
2026-08-30 00:46:25,autoscaler,customdas-cpu-queue-autoscaler-checkoutservice,3,60,1,,,
2026-08-30 00:46:25,autoscaler,customdas-cpu-queue-autoscaler-currencyservice,4,60,1,,,
2026-08-30 00:46:25,autoscaler,customdas-cpu-queue-autoscaler-emailservice,3,60,1,,,
2026-08-30 00:46:25,autoscaler,customdas-cpu-queue-autoscaler-frontend,5,60,1,,,
2026-08-30 00:46:25,autoscaler,customdas-cpu-queue-autoscaler-paymentservice,3,60,1,,,
2026-08-30 00:46:25,autoscaler,customdas-cpu-queue-autoscaler-productcatalogservice,5,60,1,,,
2026-08-30 00:46:25,autoscaler,customdas-cpu-queue-autoscaler-recommendationservice,7,60,1,,,
2026-08-30 00:46:25,autoscaler,customdas-cpu-queue-autoscaler-shippingservice,2,60,1,,,
2026-08-30 00:46:25,node,ze-master-node,2724,4122,,68.1,51.9,
2026-08-30 00:46:25,node,ze-worker-node,2669,1944,,66.7,24.5,
2026-08-30 00:46:33,deployment,adservice,53,94,1,,,
2026-08-30 00:46:33,deployment,cartservice,204,80,2,,,
2026-08-30 00:46:33,deployment,checkoutservice,41,22,2,,,
2026-08-30 00:46:33,deployment,currencyservice,327,125,2,,,
2026-08-30 00:46:33,deployment,emailservice,17,40,1,,,
2026-08-30 00:46:33,deployment,frontend,714,97,8,,,
2026-08-30 00:46:33,http_p95_latency,frontend,,,,,,231.5
2026-08-30 00:46:33,deployment,paymentservice,12,31,1,,,
2026-08-30 00:46:33,deployment,productcatalogservice,370,49,6,,,
2026-08-30 00:46:33,deployment,recommendationservice,261,125,3,,,
2026-08-30 00:46:33,deployment,redis-cart,46,32,1,,,
2026-08-30 00:46:33,deployment,shippingservice,42,17,2,,,
2026-08-30 00:46:33,autoscaler,customdas-cpu-queue-autoscaler-adservice,3,60,1,,,
2026-08-30 00:46:33,autoscaler,customdas-cpu-queue-autoscaler-cartservice,3,60,1,,,
2026-08-30 00:46:33,autoscaler,customdas-cpu-queue-autoscaler-checkoutservice,3,60,1,,,
2026-08-30 00:46:33,autoscaler,customdas-cpu-queue-autoscaler-currencyservice,3,60,1,,,
2026-08-30 00:46:33,autoscaler,customdas-cpu-queue-autoscaler-emailservice,3,60,1,,,
2026-08-30 00:46:33,autoscaler,customdas-cpu-queue-autoscaler-frontend,13,60,1,,,
2026-08-30 00:46:33,autoscaler,customdas-cpu-queue-autoscaler-paymentservice,3,60,1,,,
2026-08-30 00:46:33,autoscaler,customdas-cpu-queue-autoscaler-productcatalogservice,6,60,1,,,
2026-08-30 00:46:33,autoscaler,customdas-cpu-queue-autoscaler-recommendationservice,3,60,1,,,
2026-08-30 00:46:33,autoscaler,customdas-cpu-queue-autoscaler-shippingservice,3,60,1,,,
2026-08-30 00:46:33,node,ze-master-node,2673,4145,,66.8,52.2,
2026-08-30 00:46:33,node,ze-worker-node,2738,1946,,68.5,24.5,
2026-08-30 00:46:40,deployment,adservice,54,94,1,,,
2026-08-30 00:46:40,deployment,cartservice,172,80,2,,,
2026-08-30 00:46:40,deployment,checkoutservice,48,22,2,,,
2026-08-30 00:46:40,deployment,currencyservice,330,124,2,,,
2026-08-30 00:46:40,deployment,emailservice,18,40,1,,,
2026-08-30 00:46:40,deployment,frontend,711,96,8,,,
2026-08-30 00:46:40,http_p95_latency,frontend,,,,,,231.5
2026-08-30 00:46:40,deployment,paymentservice,12,31,1,,,
2026-08-30 00:46:40,deployment,productcatalogservice,391,49,6,,,
2026-08-30 00:46:40,deployment,recommendationservice,261,125,3,,,
2026-08-30 00:46:40,deployment,redis-cart,46,32,1,,,
2026-08-30 00:46:40,deployment,shippingservice,42,17,2,,,
2026-08-30 00:46:40,autoscaler,customdas-cpu-queue-autoscaler-adservice,3,60,1,,,
2026-08-30 00:46:40,autoscaler,customdas-cpu-queue-autoscaler-cartservice,3,60,1,,,
2026-08-30 00:46:40,autoscaler,customdas-cpu-queue-autoscaler-checkoutservice,3,60,1,,,
2026-08-30 00:46:40,autoscaler,customdas-cpu-queue-autoscaler-currencyservice,3,60,1,,,
2026-08-30 00:46:40,autoscaler,customdas-cpu-queue-autoscaler-emailservice,3,60,1,,,
2026-08-30 00:46:40,autoscaler,customdas-cpu-queue-autoscaler-frontend,13,60,1,,,
2026-08-30 00:46:40,autoscaler,customdas-cpu-queue-autoscaler-paymentservice,3,60,1,,,
2026-08-30 00:46:40,autoscaler,customdas-cpu-queue-autoscaler-productcatalogservice,6,60,1,,,
2026-08-30 00:46:40,autoscaler,customdas-cpu-queue-autoscaler-recommendationservice,3,60,1,,,
2026-08-30 00:46:40,autoscaler,customdas-cpu-queue-autoscaler-shippingservice,3,60,1,,,
2026-08-30 00:46:40,node,ze-master-node,2673,4145,,66.8,52.2,
2026-08-30 00:46:40,node,ze-worker-node,2738,1946,,68.5,24.5,
2026-08-30 00:46:48,deployment,adservice,51,94,1,,,
2026-08-30 00:46:48,deployment,cartservice,185,80,2,,,
2026-08-30 00:46:48,deployment,checkoutservice,43,22,2,,,
2026-08-30 00:46:48,deployment,currencyservice,315,125,2,,,
2026-08-30 00:46:48,deployment,emailservice,16,40,1,,,
2026-08-30 00:46:48,deployment,frontend,729,98,8,,,
2026-08-30 00:46:48,http_p95_latency,frontend,,,,,,227.0
2026-08-30 00:46:48,deployment,paymentservice,12,31,1,,,
2026-08-30 00:46:48,deployment,productcatalogservice,398,49,6,,,
2026-08-30 00:46:48,deployment,recommendationservice,261,127,3,,,
2026-08-30 00:46:48,deployment,redis-cart,18,32,1,,,
2026-08-30 00:46:48,deployment,shippingservice,44,17,2,,,
2026-08-30 00:46:48,autoscaler,customdas-cpu-queue-autoscaler-adservice,3,60,1,,,
2026-08-30 00:46:48,autoscaler,customdas-cpu-queue-autoscaler-cartservice,3,60,1,,,
2026-08-30 00:46:48,autoscaler,customdas-cpu-queue-autoscaler-checkoutservice,3,60,1,,,
2026-08-30 00:46:48,autoscaler,customdas-cpu-queue-autoscaler-currencyservice,3,60,1,,,
2026-08-30 00:46:48,autoscaler,customdas-cpu-queue-autoscaler-emailservice,3,60,1,,,
2026-08-30 00:46:48,autoscaler,customdas-cpu-queue-autoscaler-frontend,13,60,1,,,
2026-08-30 00:46:48,autoscaler,customdas-cpu-queue-autoscaler-paymentservice,3,60,1,,,
2026-08-30 00:46:48,autoscaler,customdas-cpu-queue-autoscaler-productcatalogservice,4,60,1,,,
2026-08-30 00:46:48,autoscaler,customdas-cpu-queue-autoscaler-recommendationservice,7,60,1,,,
2026-08-30 00:46:48,autoscaler,customdas-cpu-queue-autoscaler-shippingservice,4,60,1,,,
2026-08-30 00:46:48,node,ze-master-node,2722,4114,,68.0,51.8,
2026-08-30 00:46:48,node,ze-worker-node,2716,1940,,67.9,24.4,
2026-08-30 00:46:56,deployment,adservice,51,94,1,,,
2026-08-30 00:46:56,deployment,cartservice,185,80,2,,,
2026-08-30 00:46:56,deployment,checkoutservice,43,22,2,,,
2026-08-30 00:46:56,deployment,currencyservice,315,125,2,,,
2026-08-30 00:46:56,deployment,emailservice,16,40,1,,,
2026-08-30 00:46:56,deployment,frontend,729,98,8,,,
2026-08-30 00:46:56,http_p95_latency,frontend,,,,,,280.8
2026-08-30 00:46:56,deployment,paymentservice,12,31,1,,,
2026-08-30 00:46:56,deployment,productcatalogservice,398,49,6,,,
2026-08-30 00:46:56,deployment,recommendationservice,261,127,3,,,
2026-08-30 00:46:56,deployment,redis-cart,18,32,1,,,
2026-08-30 00:46:56,deployment,shippingservice,44,17,2,,,
2026-08-30 00:46:56,autoscaler,customdas-cpu-queue-autoscaler-adservice,3,60,1,,,
2026-08-30 00:46:56,autoscaler,customdas-cpu-queue-autoscaler-cartservice,3,60,1,,,
2026-08-30 00:46:56,autoscaler,customdas-cpu-queue-autoscaler-checkoutservice,3,60,1,,,
2026-08-30 00:46:56,autoscaler,customdas-cpu-queue-autoscaler-currencyservice,3,60,1,,,
2026-08-30 00:46:56,autoscaler,customdas-cpu-queue-autoscaler-emailservice,3,60,1,,,
2026-08-30 00:46:56,autoscaler,customdas-cpu-queue-autoscaler-frontend,13,60,1,,,
2026-08-30 00:46:56,autoscaler,customdas-cpu-queue-autoscaler-paymentservice,3,60,1,,,
2026-08-30 00:46:56,autoscaler,customdas-cpu-queue-autoscaler-productcatalogservice,4,60,1,,,
2026-08-30 00:46:56,autoscaler,customdas-cpu-queue-autoscaler-recommendationservice,7,60,1,,,
2026-08-30 00:46:56,autoscaler,customdas-cpu-queue-autoscaler-shippingservice,4,60,1,,,
2026-08-30 00:46:56,node,ze-master-node,2722,4114,,68.0,51.8,
2026-08-30 00:46:56,node,ze-worker-node,2716,1940,,67.9,24.4,
2026-08-30 00:47:05,deployment,adservice,48,94,1,,,
2026-08-30 00:47:05,deployment,cartservice,169,80,2,,,
2026-08-30 00:47:05,deployment,checkoutservice,43,22,2,,,
2026-08-30 00:47:05,deployment,currencyservice,302,124,2,,,
2026-08-30 00:47:05,deployment,emailservice,18,40,1,,,
2026-08-30 00:47:05,deployment,frontend,584,87,7,,,
2026-08-30 00:47:05,http_p95_latency,frontend,,,,,,280.8
2026-08-30 00:47:05,deployment,paymentservice,11,32,1,,,
2026-08-30 00:47:05,deployment,productcatalogservice,368,49,6,,,
2026-08-30 00:47:05,deployment,recommendationservice,240,125,3,,,
2026-08-30 00:47:05,deployment,redis-cart,16,32,1,,,
2026-08-30 00:47:05,deployment,shippingservice,39,17,2,,,
2026-08-30 00:47:05,autoscaler,customdas-cpu-queue-autoscaler-adservice,3,60,1,,,
2026-08-30 00:47:05,autoscaler,customdas-cpu-queue-autoscaler-cartservice,3,60,1,,,
2026-08-30 00:47:05,autoscaler,customdas-cpu-queue-autoscaler-checkoutservice,3,60,1,,,
2026-08-30 00:47:05,autoscaler,customdas-cpu-queue-autoscaler-currencyservice,3,60,1,,,
2026-08-30 00:47:05,autoscaler,customdas-cpu-queue-autoscaler-emailservice,2,60,1,,,
2026-08-30 00:47:05,autoscaler,customdas-cpu-queue-autoscaler-frontend,5,60,1,,,
2026-08-30 00:47:05,autoscaler,customdas-cpu-queue-autoscaler-paymentservice,3,60,1,,,
2026-08-30 00:47:05,autoscaler,customdas-cpu-queue-autoscaler-productcatalogservice,4,60,1,,,
2026-08-30 00:47:05,autoscaler,customdas-cpu-queue-autoscaler-recommendationservice,3,60,1,,,
2026-08-30 00:47:05,autoscaler,customdas-cpu-queue-autoscaler-shippingservice,4,60,1,,,
2026-08-30 00:47:05,node,ze-master-node,2552,4123,,63.8,51.9,
2026-08-30 00:47:05,node,ze-worker-node,2548,1933,,63.7,24.3,
2026-08-30 00:47:14,deployment,adservice,48,94,1,,,
2026-08-30 00:47:14,deployment,cartservice,169,80,2,,,
2026-08-30 00:47:14,deployment,checkoutservice,43,22,2,,,
2026-08-30 00:47:14,deployment,currencyservice,302,124,2,,,
2026-08-30 00:47:14,deployment,emailservice,18,40,1,,,
2026-08-30 00:47:14,deployment,frontend,584,87,7,,,
2026-08-30 00:47:14,http_p95_latency,frontend,,,,,,267.2
2026-08-30 00:47:14,deployment,paymentservice,11,32,1,,,
2026-08-30 00:47:14,deployment,productcatalogservice,368,49,6,,,
2026-08-30 00:47:14,deployment,recommendationservice,240,125,3,,,
2026-08-30 00:47:14,deployment,redis-cart,16,32,1,,,
2026-08-30 00:47:14,deployment,shippingservice,39,17,2,,,
2026-08-30 00:47:14,autoscaler,customdas-cpu-queue-autoscaler-adservice,3,60,1,,,
2026-08-30 00:47:14,autoscaler,customdas-cpu-queue-autoscaler-cartservice,3,60,1,,,
2026-08-30 00:47:14,autoscaler,customdas-cpu-queue-autoscaler-checkoutservice,3,60,1,,,
2026-08-30 00:47:14,autoscaler,customdas-cpu-queue-autoscaler-currencyservice,3,60,1,,,
2026-08-30 00:47:14,autoscaler,customdas-cpu-queue-autoscaler-emailservice,2,60,1,,,
2026-08-30 00:47:14,autoscaler,customdas-cpu-queue-autoscaler-frontend,5,60,1,,,
2026-08-30 00:47:14,autoscaler,customdas-cpu-queue-autoscaler-paymentservice,3,60,1,,,
2026-08-30 00:47:14,autoscaler,customdas-cpu-queue-autoscaler-productcatalogservice,4,60,1,,,
2026-08-30 00:47:14,autoscaler,customdas-cpu-queue-autoscaler-recommendationservice,3,60,1,,,
2026-08-30 00:47:14,autoscaler,customdas-cpu-queue-autoscaler-shippingservice,4,60,1,,,
2026-08-30 00:47:14,node,ze-master-node,2552,4123,,63.8,51.9,
2026-08-30 00:47:14,node,ze-worker-node,2548,1933,,63.7,24.3,
2026-08-30 00:47:22,deployment,adservice,52,94,1,,,
2026-08-30 00:47:22,deployment,cartservice,187,80,2,,,
2026-08-30 00:47:22,deployment,checkoutservice,48,22,2,,,
2026-08-30 00:47:22,deployment,currencyservice,291,127,2,,,
2026-08-30 00:47:22,deployment,emailservice,16,40,1,,,
2026-08-30 00:47:22,deployment,frontend,600,88,7,,,
2026-08-30 00:47:22,http_p95_latency,frontend,,,,,,267.2
2026-08-30 00:47:22,deployment,paymentservice,11,31,1,,,
2026-08-30 00:47:22,deployment,productcatalogservice,367,49,6,,,
2026-08-30 00:47:22,deployment,recommendationservice,235,126,3,,,
2026-08-30 00:47:22,deployment,redis-cart,18,32,1,,,
2026-08-30 00:47:22,deployment,shippingservice,39,17,2,,,
2026-08-30 00:47:22,autoscaler,customdas-cpu-queue-autoscaler-adservice,4,60,1,,,
2026-08-30 00:47:22,autoscaler,customdas-cpu-queue-autoscaler-cartservice,3,60,1,,,
2026-08-30 00:47:22,autoscaler,customdas-cpu-queue-autoscaler-checkoutservice,2,60,1,,,
2026-08-30 00:47:22,autoscaler,customdas-cpu-queue-autoscaler-currencyservice,3,60,1,,,
2026-08-30 00:47:22,autoscaler,customdas-cpu-queue-autoscaler-emailservice,0,60,1,,,
2026-08-30 00:47:22,autoscaler,customdas-cpu-queue-autoscaler-frontend,6,60,1,,,
2026-08-30 00:47:22,autoscaler,customdas-cpu-queue-autoscaler-paymentservice,3,60,1,,,
2026-08-30 00:47:22,autoscaler,customdas-cpu-queue-autoscaler-productcatalogservice,5,60,1,,,
2026-08-30 00:47:22,autoscaler,customdas-cpu-queue-autoscaler-recommendationservice,0,60,1,,,
2026-08-30 00:47:22,autoscaler,customdas-cpu-queue-autoscaler-shippingservice,4,60,1,,,
2026-08-30 00:47:22,node,ze-master-node,2464,4106,,61.6,51.7,
2026-08-30 00:47:22,node,ze-worker-node,2501,1927,,62.5,24.3,
2026-08-30 00:47:30,deployment,adservice,52,94,1,,,
2026-08-30 00:47:30,deployment,cartservice,187,80,2,,,
2026-08-30 00:47:30,deployment,checkoutservice,48,22,2,,,
2026-08-30 00:47:30,deployment,currencyservice,291,127,2,,,
2026-08-30 00:47:30,deployment,emailservice,16,40,1,,,
2026-08-30 00:47:30,deployment,frontend,600,88,7,,,
2026-08-30 00:47:30,http_p95_latency,frontend,,,,,,289.0
2026-08-30 00:47:30,deployment,paymentservice,11,31,1,,,
2026-08-30 00:47:30,deployment,productcatalogservice,367,49,6,,,
2026-08-30 00:47:30,deployment,recommendationservice,235,126,3,,,
2026-08-30 00:47:30,deployment,redis-cart,18,32,1,,,
2026-08-30 00:47:30,deployment,shippingservice,39,17,2,,,
2026-08-30 00:47:30,autoscaler,customdas-cpu-queue-autoscaler-adservice,4,60,1,,,
2026-08-30 00:47:30,autoscaler,customdas-cpu-queue-autoscaler-cartservice,3,60,1,,,
2026-08-30 00:47:30,autoscaler,customdas-cpu-queue-autoscaler-checkoutservice,2,60,1,,,
2026-08-30 00:47:30,autoscaler,customdas-cpu-queue-autoscaler-currencyservice,3,60,1,,,
2026-08-30 00:47:30,autoscaler,customdas-cpu-queue-autoscaler-emailservice,0,60,1,,,
2026-08-30 00:47:30,autoscaler,customdas-cpu-queue-autoscaler-frontend,5,60,1,,,
2026-08-30 00:47:30,autoscaler,customdas-cpu-queue-autoscaler-paymentservice,4,60,1,,,
2026-08-30 00:47:30,autoscaler,customdas-cpu-queue-autoscaler-productcatalogservice,5,60,1,,,
2026-08-30 00:47:30,autoscaler,customdas-cpu-queue-autoscaler-recommendationservice,5,60,1,,,
2026-08-30 00:47:30,autoscaler,customdas-cpu-queue-autoscaler-shippingservice,3,60,1,,,
2026-08-30 00:47:30,node,ze-master-node,2488,4110,,62.2,51.8,
2026-08-30 00:47:30,node,ze-worker-node,2485,1925,,62.1,24.2,
2026-08-30 00:47:40,deployment,adservice,47,94,1,,,
2026-08-30 00:47:40,deployment,cartservice,182,80,2,,,
2026-08-30 00:47:40,deployment,checkoutservice,41,23,2,,,
2026-08-30 00:47:40,deployment,currencyservice,288,125,2,,,
2026-08-30 00:47:40,deployment,emailservice,14,40,1,,,
2026-08-30 00:47:40,deployment,frontend,623,86,7,,,
2026-08-30 00:47:40,http_p95_latency,frontend,,,,,,289.0
2026-08-30 00:47:40,deployment,paymentservice,9,32,1,,,
2026-08-30 00:47:40,deployment,productcatalogservice,360,49,6,,,
2026-08-30 00:47:40,deployment,recommendationservice,228,129,3,,,
2026-08-30 00:47:40,deployment,redis-cart,18,32,1,,,
2026-08-30 00:47:40,deployment,shippingservice,38,17,2,,,
2026-08-30 00:47:40,autoscaler,customdas-cpu-queue-autoscaler-adservice,4,60,1,,,
2026-08-30 00:47:40,autoscaler,customdas-cpu-queue-autoscaler-cartservice,3,60,1,,,
2026-08-30 00:47:40,autoscaler,customdas-cpu-queue-autoscaler-checkoutservice,3,60,1,,,
2026-08-30 00:47:40,autoscaler,customdas-cpu-queue-autoscaler-currencyservice,2,60,1,,,
2026-08-30 00:47:40,autoscaler,customdas-cpu-queue-autoscaler-emailservice,5,60,1,,,
2026-08-30 00:47:40,autoscaler,customdas-cpu-queue-autoscaler-frontend,5,60,1,,,
2026-08-30 00:47:40,autoscaler,customdas-cpu-queue-autoscaler-paymentservice,4,60,1,,,
2026-08-30 00:47:40,autoscaler,customdas-cpu-queue-autoscaler-productcatalogservice,5,60,1,,,
2026-08-30 00:47:40,autoscaler,customdas-cpu-queue-autoscaler-recommendationservice,5,60,1,,,
2026-08-30 00:47:40,autoscaler,customdas-cpu-queue-autoscaler-shippingservice,3,60,1,,,
2026-08-30 00:47:40,node,ze-master-node,2488,4110,,62.2,51.8,
2026-08-30 00:47:40,node,ze-worker-node,2485,1925,,62.1,24.2,
2026-08-30 00:47:47,deployment,adservice,47,94,1,,,
2026-08-30 00:47:47,deployment,cartservice,182,80,2,,,
2026-08-30 00:47:47,deployment,checkoutservice,41,23,2,,,
2026-08-30 00:47:47,deployment,currencyservice,300,125,2,,,
2026-08-30 00:47:47,deployment,emailservice,14,40,1,,,
2026-08-30 00:47:47,deployment,frontend,636,87,7,,,
2026-08-30 00:47:47,http_p95_latency,frontend,,,,,,230.4
2026-08-30 00:47:47,deployment,paymentservice,10,32,1,,,
2026-08-30 00:47:47,deployment,productcatalogservice,351,50,6,,,
2026-08-30 00:47:47,deployment,recommendationservice,225,128,3,,,
2026-08-30 00:47:47,deployment,redis-cart,16,31,1,,,
2026-08-30 00:47:47,deployment,shippingservice,43,17,2,,,
2026-08-30 00:47:47,autoscaler,customdas-cpu-queue-autoscaler-adservice,4,60,1,,,
2026-08-30 00:47:47,autoscaler,customdas-cpu-queue-autoscaler-cartservice,4,60,1,,,
2026-08-30 00:47:47,autoscaler,customdas-cpu-queue-autoscaler-checkoutservice,4,60,1,,,
2026-08-30 00:47:47,autoscaler,customdas-cpu-queue-autoscaler-currencyservice,7,60,1,,,
2026-08-30 00:47:47,autoscaler,customdas-cpu-queue-autoscaler-emailservice,0,60,1,,,
2026-08-30 00:47:47,autoscaler,customdas-cpu-queue-autoscaler-frontend,10,60,1,,,
2026-08-30 00:47:47,autoscaler,customdas-cpu-queue-autoscaler-paymentservice,4,60,1,,,
2026-08-30 00:47:47,autoscaler,customdas-cpu-queue-autoscaler-productcatalogservice,5,60,1,,,
2026-08-30 00:47:47,autoscaler,customdas-cpu-queue-autoscaler-recommendationservice,5,60,1,,,
2026-08-30 00:47:47,autoscaler,customdas-cpu-queue-autoscaler-shippingservice,3,60,1,,,
2026-08-30 00:47:47,node,ze-master-node,2359,4099,,59.0,51.6,
2026-08-30 00:47:47,node,ze-worker-node,2475,1921,,61.9,24.2,
2026-08-30 00:47:56,deployment,adservice,50,94,1,,,
2026-08-30 00:47:56,deployment,cartservice,183,80,2,,,
2026-08-30 00:47:56,deployment,checkoutservice,33,22,2,,,
2026-08-30 00:47:56,deployment,currencyservice,300,125,2,,,
2026-08-30 00:47:56,deployment,emailservice,14,40,1,,,
2026-08-30 00:47:56,deployment,frontend,636,87,7,,,
2026-08-30 00:47:56,http_p95_latency,frontend,,,,,,219.0
2026-08-30 00:47:56,deployment,paymentservice,10,32,1,,,
2026-08-30 00:47:56,deployment,productcatalogservice,351,50,6,,,
2026-08-30 00:47:56,deployment,recommendationservice,225,128,3,,,
2026-08-30 00:47:56,deployment,redis-cart,16,31,1,,,
2026-08-30 00:47:56,deployment,shippingservice,43,17,2,,,
2026-08-30 00:47:56,autoscaler,customdas-cpu-queue-autoscaler-adservice,4,60,1,,,
2026-08-30 00:47:56,autoscaler,customdas-cpu-queue-autoscaler-cartservice,4,60,1,,,
2026-08-30 00:47:56,autoscaler,customdas-cpu-queue-autoscaler-checkoutservice,4,60,1,,,
2026-08-30 00:47:56,autoscaler,customdas-cpu-queue-autoscaler-currencyservice,7,60,1,,,
2026-08-30 00:47:56,autoscaler,customdas-cpu-queue-autoscaler-emailservice,0,60,1,,,
2026-08-30 00:47:56,autoscaler,customdas-cpu-queue-autoscaler-frontend,10,60,1,,,
2026-08-30 00:47:56,autoscaler,customdas-cpu-queue-autoscaler-paymentservice,4,60,1,,,
2026-08-30 00:47:56,autoscaler,customdas-cpu-queue-autoscaler-productcatalogservice,5,60,1,,,
2026-08-30 00:47:56,autoscaler,customdas-cpu-queue-autoscaler-recommendationservice,5,60,1,,,
2026-08-30 00:47:56,autoscaler,customdas-cpu-queue-autoscaler-shippingservice,3,60,1,,,
2026-08-30 00:47:56,node,ze-master-node,2359,4099,,59.0,51.6,
2026-08-30 00:47:56,node,ze-worker-node,2475,1921,,61.9,24.2,
2026-08-30 00:48:06,deployment,adservice,50,94,1,,,
2026-08-30 00:48:06,deployment,cartservice,189,80,2,,,
2026-08-30 00:48:06,deployment,checkoutservice,38,22,2,,,
2026-08-30 00:48:06,deployment,currencyservice,288,124,2,,,
2026-08-30 00:48:06,deployment,emailservice,15,42,1,,,
2026-08-30 00:48:06,deployment,frontend,613,86,7,,,
2026-08-30 00:48:06,http_p95_latency,frontend,,,,,,219.0
2026-08-30 00:48:06,deployment,paymentservice,9,32,1,,,
2026-08-30 00:48:06,deployment,productcatalogservice,298,41,5,,,
2026-08-30 00:48:06,deployment,recommendationservice,161,86,2,,,
2026-08-30 00:48:06,deployment,redis-cart,17,32,1,,,
2026-08-30 00:48:06,deployment,shippingservice,36,16,2,,,
2026-08-30 00:48:06,autoscaler,customdas-cpu-queue-autoscaler-adservice,4,60,1,,,
2026-08-30 00:48:06,autoscaler,customdas-cpu-queue-autoscaler-cartservice,1,60,1,,,
2026-08-30 00:48:06,autoscaler,customdas-cpu-queue-autoscaler-checkoutservice,0,60,1,,,
2026-08-30 00:48:06,autoscaler,customdas-cpu-queue-autoscaler-currencyservice,0,60,1,,,
2026-08-30 00:48:06,autoscaler,customdas-cpu-queue-autoscaler-emailservice,2,60,1,,,
2026-08-30 00:48:06,autoscaler,customdas-cpu-queue-autoscaler-frontend,5,60,1,,,
2026-08-30 00:48:06,autoscaler,customdas-cpu-queue-autoscaler-paymentservice,3,60,1,,,
2026-08-30 00:48:06,autoscaler,customdas-cpu-queue-autoscaler-productcatalogservice,6,60,1,,,
2026-08-30 00:48:06,autoscaler,customdas-cpu-queue-autoscaler-recommendationservice,3,60,1,,,
2026-08-30 00:48:06,autoscaler,customdas-cpu-queue-autoscaler-shippingservice,3,60,1,,,
2026-08-30 00:48:06,node,ze-master-node,2442,4107,,61.1,51.7,
2026-08-30 00:48:06,node,ze-worker-node,2487,1931,,62.2,24.3,
2026-08-30 00:48:14,deployment,adservice,50,94,1,,,
2026-08-30 00:48:14,deployment,cartservice,189,80,2,,,
2026-08-30 00:48:14,deployment,checkoutservice,38,22,2,,,
2026-08-30 00:48:14,deployment,currencyservice,288,124,2,,,
2026-08-30 00:48:14,deployment,emailservice,15,42,1,,,
2026-08-30 00:48:14,deployment,frontend,613,86,7,,,
2026-08-30 00:48:14,http_p95_latency,frontend,,,,,,210.5
2026-08-30 00:48:14,deployment,paymentservice,9,32,1,,,
2026-08-30 00:48:14,deployment,productcatalogservice,298,41,5,,,
2026-08-30 00:48:14,deployment,recommendationservice,161,86,2,,,
2026-08-30 00:48:14,deployment,redis-cart,17,32,1,,,
2026-08-30 00:48:14,deployment,shippingservice,36,16,2,,,
2026-08-30 00:48:14,autoscaler,customdas-cpu-queue-autoscaler-adservice,4,60,1,,,
2026-08-30 00:48:14,autoscaler,customdas-cpu-queue-autoscaler-cartservice,1,60,1,,,
2026-08-30 00:48:14,autoscaler,customdas-cpu-queue-autoscaler-checkoutservice,0,60,1,,,
2026-08-30 00:48:14,autoscaler,customdas-cpu-queue-autoscaler-currencyservice,0,60,1,,,
2026-08-30 00:48:14,autoscaler,customdas-cpu-queue-autoscaler-emailservice,2,60,1,,,
2026-08-30 00:48:14,autoscaler,customdas-cpu-queue-autoscaler-frontend,5,60,1,,,
2026-08-30 00:48:14,autoscaler,customdas-cpu-queue-autoscaler-paymentservice,3,60,1,,,
2026-08-30 00:48:14,autoscaler,customdas-cpu-queue-autoscaler-productcatalogservice,6,60,1,,,
2026-08-30 00:48:14,autoscaler,customdas-cpu-queue-autoscaler-recommendationservice,3,60,1,,,
2026-08-30 00:48:14,autoscaler,customdas-cpu-queue-autoscaler-shippingservice,3,60,1,,,
2026-08-30 00:48:14,node,ze-master-node,2442,4107,,61.1,51.7,
2026-08-30 00:48:14,node,ze-worker-node,2487,1931,,62.2,24.3,
2026-08-30 00:48:22,deployment,adservice,47,94,1,,,
2026-08-30 00:48:22,deployment,cartservice,180,80,2,,,
2026-08-30 00:48:22,deployment,checkoutservice,40,22,2,,,
2026-08-30 00:48:22,deployment,currencyservice,291,126,2,,,
2026-08-30 00:48:22,deployment,emailservice,13,40,1,,,
2026-08-30 00:48:22,deployment,frontend,598,88,7,,,
2026-08-30 00:48:22,http_p95_latency,frontend,,,,,,210.5
2026-08-30 00:48:22,deployment,paymentservice,9,32,1,,,
2026-08-30 00:48:22,deployment,productcatalogservice,327,41,5,,,
2026-08-30 00:48:22,deployment,recommendationservice,210,86,2,,,
2026-08-30 00:48:22,deployment,redis-cart,17,31,1,,,
2026-08-30 00:48:22,deployment,shippingservice,40,17,2,,,
2026-08-30 00:48:22,autoscaler,customdas-cpu-queue-autoscaler-adservice,3,60,1,,,
2026-08-30 00:48:22,autoscaler,customdas-cpu-queue-autoscaler-cartservice,2,60,1,,,
2026-08-30 00:48:22,autoscaler,customdas-cpu-queue-autoscaler-checkoutservice,2,60,1,,,
2026-08-30 00:48:22,autoscaler,customdas-cpu-queue-autoscaler-currencyservice,4,60,1,,,
2026-08-30 00:48:22,autoscaler,customdas-cpu-queue-autoscaler-emailservice,2,60,1,,,
2026-08-30 00:48:22,autoscaler,customdas-cpu-queue-autoscaler-frontend,5,60,1,,,
2026-08-30 00:48:22,autoscaler,customdas-cpu-queue-autoscaler-paymentservice,7,60,1,,,
2026-08-30 00:48:22,autoscaler,customdas-cpu-queue-autoscaler-productcatalogservice,5,60,1,,,
2026-08-30 00:48:22,autoscaler,customdas-cpu-queue-autoscaler-recommendationservice,3,60,1,,,
2026-08-30 00:48:22,autoscaler,customdas-cpu-queue-autoscaler-shippingservice,3,60,1,,,
2026-08-30 00:48:22,node,ze-master-node,2302,4060,,57.6,51.1,
2026-08-30 00:48:22,node,ze-worker-node,2427,1928,,60.7,24.3,
2026-08-30 00:48:29,deployment,adservice,47,94,1,,,
2026-08-30 00:48:29,deployment,cartservice,180,80,2,,,
2026-08-30 00:48:29,deployment,checkoutservice,40,22,2,,,
2026-08-30 00:48:29,deployment,currencyservice,291,126,2,,,
2026-08-30 00:48:29,deployment,emailservice,13,40,1,,,
2026-08-30 00:48:29,deployment,frontend,598,88,7,,,
2026-08-30 00:48:29,http_p95_latency,frontend,,,,,,190.2
2026-08-30 00:48:29,deployment,paymentservice,9,32,1,,,
2026-08-30 00:48:29,deployment,productcatalogservice,327,41,5,,,
2026-08-30 00:48:29,deployment,recommendationservice,210,86,2,,,
2026-08-30 00:48:29,deployment,redis-cart,17,31,1,,,
2026-08-30 00:48:29,deployment,shippingservice,40,17,2,,,
2026-08-30 00:48:29,autoscaler,customdas-cpu-queue-autoscaler-adservice,3,60,1,,,
2026-08-30 00:48:29,autoscaler,customdas-cpu-queue-autoscaler-cartservice,2,60,1,,,
2026-08-30 00:48:29,autoscaler,customdas-cpu-queue-autoscaler-checkoutservice,2,60,1,,,
2026-08-30 00:48:29,autoscaler,customdas-cpu-queue-autoscaler-currencyservice,2,60,1,,,
2026-08-30 00:48:29,autoscaler,customdas-cpu-queue-autoscaler-emailservice,5,60,1,,,
2026-08-30 00:48:29,autoscaler,customdas-cpu-queue-autoscaler-frontend,5,60,1,,,
2026-08-30 00:48:29,autoscaler,customdas-cpu-queue-autoscaler-paymentservice,4,60,1,,,
2026-08-30 00:48:29,autoscaler,customdas-cpu-queue-autoscaler-productcatalogservice,3,60,1,,,
2026-08-30 00:48:29,autoscaler,customdas-cpu-queue-autoscaler-recommendationservice,5,60,1,,,
2026-08-30 00:48:29,autoscaler,customdas-cpu-queue-autoscaler-shippingservice,4,60,1,,,
2026-08-30 00:48:29,node,ze-master-node,2392,4089,,59.8,51.5,
2026-08-30 00:48:29,node,ze-worker-node,2497,1921,,62.4,24.2,
2026-08-30 00:48:40,deployment,adservice,48,94,1,,,
2026-08-30 00:48:40,deployment,cartservice,171,80,2,,,
2026-08-30 00:48:40,deployment,checkoutservice,37,22,2,,,
2026-08-30 00:48:40,deployment,currencyservice,286,125,2,,,
2026-08-30 00:48:40,deployment,emailservice,18,40,1,,,
2026-08-30 00:48:40,deployment,frontend,614,88,7,,,
2026-08-30 00:48:40,http_p95_latency,frontend,,,,,,190.2
2026-08-30 00:48:40,deployment,paymentservice,10,31,1,,,
2026-08-30 00:48:40,deployment,productcatalogservice,351,41,5,,,
2026-08-30 00:48:40,deployment,recommendationservice,207,86,2,,,
2026-08-30 00:48:40,deployment,redis-cart,17,32,1,,,
2026-08-30 00:48:40,deployment,shippingservice,38,17,2,,,
2026-08-30 00:48:40,autoscaler,customdas-cpu-queue-autoscaler-adservice,5,60,1,,,
2026-08-30 00:48:40,autoscaler,customdas-cpu-queue-autoscaler-cartservice,6,60,1,,,
2026-08-30 00:48:40,autoscaler,customdas-cpu-queue-autoscaler-checkoutservice,6,60,1,,,
2026-08-30 00:48:40,autoscaler,customdas-cpu-queue-autoscaler-currencyservice,2,60,1,,,
2026-08-30 00:48:40,autoscaler,customdas-cpu-queue-autoscaler-emailservice,5,60,1,,,
2026-08-30 00:48:40,autoscaler,customdas-cpu-queue-autoscaler-frontend,5,60,1,,,
2026-08-30 00:48:40,autoscaler,customdas-cpu-queue-autoscaler-paymentservice,4,60,1,,,
2026-08-30 00:48:40,autoscaler,customdas-cpu-queue-autoscaler-productcatalogservice,3,60,1,,,
2026-08-30 00:48:40,autoscaler,customdas-cpu-queue-autoscaler-recommendationservice,5,60,1,,,
2026-08-30 00:48:40,autoscaler,customdas-cpu-queue-autoscaler-shippingservice,4,60,1,,,
2026-08-30 00:48:40,node,ze-master-node,2392,4089,,59.8,51.5,
2026-08-30 00:48:40,node,ze-worker-node,2497,1921,,62.4,24.2,
2026-08-30 00:48:49,deployment,adservice,49,94,1,,,
2026-08-30 00:48:49,deployment,cartservice,172,80,2,,,
2026-08-30 00:48:49,deployment,checkoutservice,32,22,2,,,
2026-08-30 00:48:49,deployment,currencyservice,296,125,2,,,
2026-08-30 00:48:49,deployment,emailservice,15,40,1,,,
2026-08-30 00:48:49,deployment,frontend,612,88,7,,,
2026-08-30 00:48:49,http_p95_latency,frontend,,,,,,211.8
2026-08-30 00:48:49,deployment,paymentservice,9,32,1,,,
2026-08-30 00:48:49,deployment,productcatalogservice,344,44,5,,,
2026-08-30 00:48:49,deployment,recommendationservice,208,86,2,,,
2026-08-30 00:48:49,deployment,redis-cart,16,32,1,,,
2026-08-30 00:48:49,deployment,shippingservice,36,17,2,,,
2026-08-30 00:48:49,autoscaler,customdas-cpu-queue-autoscaler-adservice,8,60,1,,,
2026-08-30 00:48:49,autoscaler,customdas-cpu-queue-autoscaler-cartservice,0,60,1,,,
2026-08-30 00:48:49,autoscaler,customdas-cpu-queue-autoscaler-checkoutservice,3,60,1,,,
2026-08-30 00:48:49,autoscaler,customdas-cpu-queue-autoscaler-currencyservice,3,60,1,,,
2026-08-30 00:48:49,autoscaler,customdas-cpu-queue-autoscaler-emailservice,4,60,1,,,
2026-08-30 00:48:49,autoscaler,customdas-cpu-queue-autoscaler-frontend,10,60,1,,,
2026-08-30 00:48:49,autoscaler,customdas-cpu-queue-autoscaler-paymentservice,5,60,1,,,
2026-08-30 00:48:49,autoscaler,customdas-cpu-queue-autoscaler-productcatalogservice,6,60,1,,,
2026-08-30 00:48:49,autoscaler,customdas-cpu-queue-autoscaler-recommendationservice,0,60,1,,,
2026-08-30 00:48:49,autoscaler,customdas-cpu-queue-autoscaler-shippingservice,5,60,1,,,
2026-08-30 00:48:49,node,ze-master-node,2419,4083,,60.5,51.4,
2026-08-30 00:48:49,node,ze-worker-node,2505,1920,,62.6,24.2,
2026-08-30 00:48:56,deployment,adservice,49,94,1,,,
2026-08-30 00:48:56,deployment,cartservice,172,80,2,,,
2026-08-30 00:48:56,deployment,checkoutservice,32,22,2,,,
2026-08-30 00:48:56,deployment,currencyservice,296,125,2,,,
2026-08-30 00:48:56,deployment,emailservice,15,40,1,,,
2026-08-30 00:48:56,deployment,frontend,612,88,7,,,
2026-08-30 00:48:56,http_p95_latency,frontend,,,,,,219.1
2026-08-30 00:48:56,deployment,paymentservice,9,32,1,,,
2026-08-30 00:48:56,deployment,productcatalogservice,344,44,5,,,
2026-08-30 00:48:56,deployment,recommendationservice,208,86,2,,,
2026-08-30 00:48:56,deployment,redis-cart,16,32,1,,,
2026-08-30 00:48:56,deployment,shippingservice,36,17,2,,,
2026-08-30 00:48:56,autoscaler,customdas-cpu-queue-autoscaler-adservice,8,60,1,,,
2026-08-30 00:48:56,autoscaler,customdas-cpu-queue-autoscaler-cartservice,0,60,1,,,
2026-08-30 00:48:56,autoscaler,customdas-cpu-queue-autoscaler-checkoutservice,3,60,1,,,
2026-08-30 00:48:56,autoscaler,customdas-cpu-queue-autoscaler-currencyservice,3,60,1,,,
2026-08-30 00:48:56,autoscaler,customdas-cpu-queue-autoscaler-emailservice,4,60,1,,,
2026-08-30 00:48:56,autoscaler,customdas-cpu-queue-autoscaler-frontend,10,60,1,,,
2026-08-30 00:48:56,autoscaler,customdas-cpu-queue-autoscaler-paymentservice,5,60,1,,,
2026-08-30 00:48:56,autoscaler,customdas-cpu-queue-autoscaler-productcatalogservice,6,60,1,,,
2026-08-30 00:48:56,autoscaler,customdas-cpu-queue-autoscaler-recommendationservice,0,60,1,,,
2026-08-30 00:48:56,autoscaler,customdas-cpu-queue-autoscaler-shippingservice,5,60,1,,,
2026-08-30 00:48:56,node,ze-master-node,2419,4083,,60.5,51.4,
2026-08-30 00:48:56,node,ze-worker-node,2505,1920,,62.6,24.2,
2026-08-30 00:49:04,deployment,adservice,41,94,1,,,
2026-08-30 00:49:04,deployment,cartservice,160,80,2,,,
2026-08-30 00:49:04,deployment,checkoutservice,39,22,2,,,
2026-08-30 00:49:04,deployment,currencyservice,261,127,2,,,
2026-08-30 00:49:04,deployment,emailservice,15,40,1,,,
2026-08-30 00:49:04,deployment,frontend,490,75,6,,,
2026-08-30 00:49:04,http_p95_latency,frontend,,,,,,203.6
2026-08-30 00:49:04,deployment,paymentservice,10,31,1,,,
2026-08-30 00:49:04,deployment,productcatalogservice,322,41,5,,,
2026-08-30 00:49:04,deployment,recommendationservice,202,86,2,,,
2026-08-30 00:49:04,deployment,redis-cart,38,34,1,,,
2026-08-30 00:49:04,deployment,shippingservice,38,17,2,,,
2026-08-30 00:49:04,autoscaler,customdas-cpu-queue-autoscaler-adservice,3,60,1,,,
2026-08-30 00:49:04,autoscaler,customdas-cpu-queue-autoscaler-cartservice,3,60,1,,,
2026-08-30 00:49:04,autoscaler,customdas-cpu-queue-autoscaler-checkoutservice,3,60,1,,,
2026-08-30 00:49:04,autoscaler,customdas-cpu-queue-autoscaler-currencyservice,4,60,1,,,
2026-08-30 00:49:04,autoscaler,customdas-cpu-queue-autoscaler-emailservice,2,60,1,,,
2026-08-30 00:49:04,autoscaler,customdas-cpu-queue-autoscaler-frontend,6,60,1,,,
2026-08-30 00:49:04,autoscaler,customdas-cpu-queue-autoscaler-paymentservice,4,60,1,,,
2026-08-30 00:49:04,autoscaler,customdas-cpu-queue-autoscaler-productcatalogservice,6,60,1,,,
2026-08-30 00:49:04,autoscaler,customdas-cpu-queue-autoscaler-recommendationservice,6,60,1,,,
2026-08-30 00:49:04,autoscaler,customdas-cpu-queue-autoscaler-shippingservice,3,60,1,,,
2026-08-30 00:49:04,node,ze-master-node,2329,4094,,58.2,51.6,
2026-08-30 00:49:04,node,ze-worker-node,2261,1928,,56.5,24.3,
2026-08-30 00:49:11,deployment,adservice,41,94,1,,,
2026-08-30 00:49:11,deployment,cartservice,160,80,2,,,
2026-08-30 00:49:11,deployment,checkoutservice,39,22,2,,,
2026-08-30 00:49:11,deployment,currencyservice,261,127,2,,,
2026-08-30 00:49:11,deployment,emailservice,15,40,1,,,
2026-08-30 00:49:11,deployment,frontend,490,75,6,,,
2026-08-30 00:49:11,http_p95_latency,frontend,,,,,,203.6
2026-08-30 00:49:11,deployment,paymentservice,10,31,1,,,
2026-08-30 00:49:11,deployment,productcatalogservice,322,41,5,,,
2026-08-30 00:49:11,deployment,recommendationservice,202,86,2,,,
2026-08-30 00:49:11,deployment,redis-cart,38,34,1,,,
2026-08-30 00:49:11,deployment,shippingservice,38,17,2,,,
2026-08-30 00:49:11,autoscaler,customdas-cpu-queue-autoscaler-adservice,3,60,1,,,
2026-08-30 00:49:11,autoscaler,customdas-cpu-queue-autoscaler-cartservice,3,60,1,,,
2026-08-30 00:49:11,autoscaler,customdas-cpu-queue-autoscaler-checkoutservice,3,60,1,,,
2026-08-30 00:49:11,autoscaler,customdas-cpu-queue-autoscaler-currencyservice,4,60,1,,,
2026-08-30 00:49:11,autoscaler,customdas-cpu-queue-autoscaler-emailservice,2,60,1,,,
2026-08-30 00:49:11,autoscaler,customdas-cpu-queue-autoscaler-frontend,6,60,1,,,
2026-08-30 00:49:11,autoscaler,customdas-cpu-queue-autoscaler-paymentservice,4,60,1,,,
2026-08-30 00:49:11,autoscaler,customdas-cpu-queue-autoscaler-productcatalogservice,6,60,1,,,
2026-08-30 00:49:11,autoscaler,customdas-cpu-queue-autoscaler-recommendationservice,6,60,1,,,
2026-08-30 00:49:11,autoscaler,customdas-cpu-queue-autoscaler-shippingservice,3,60,1,,,
2026-08-30 00:49:11,node,ze-master-node,2329,4094,,58.2,51.6,
2026-08-30 00:49:11,node,ze-worker-node,2261,1928,,56.5,24.3,
2026-08-30 00:49:19,deployment,adservice,37,94,1,,,
2026-08-30 00:49:19,deployment,cartservice,163,80,2,,,
2026-08-30 00:49:19,deployment,checkoutservice,10,12,1,,,
2026-08-30 00:49:19,deployment,currencyservice,262,125,2,,,
2026-08-30 00:49:19,deployment,emailservice,16,40,1,,,
2026-08-30 00:49:19,deployment,frontend,504,74,6,,,
2026-08-30 00:49:19,http_p95_latency,frontend,,,,,,213.4
2026-08-30 00:49:19,deployment,paymentservice,9,32,1,,,
2026-08-30 00:49:19,deployment,productcatalogservice,302,41,5,,,
2026-08-30 00:49:19,deployment,recommendationservice,188,86,2,,,
2026-08-30 00:49:19,deployment,redis-cart,23,31,1,,,
2026-08-30 00:49:19,deployment,shippingservice,18,9,1,,,
2026-08-30 00:49:19,autoscaler,customdas-cpu-queue-autoscaler-adservice,5,60,1,,,
2026-08-30 00:49:19,autoscaler,customdas-cpu-queue-autoscaler-cartservice,5,60,1,,,
2026-08-30 00:49:19,autoscaler,customdas-cpu-queue-autoscaler-checkoutservice,3,60,1,,,
2026-08-30 00:49:19,autoscaler,customdas-cpu-queue-autoscaler-currencyservice,5,60,1,,,
2026-08-30 00:49:19,autoscaler,customdas-cpu-queue-autoscaler-emailservice,3,60,1,,,
2026-08-30 00:49:19,autoscaler,customdas-cpu-queue-autoscaler-frontend,7,60,1,,,
2026-08-30 00:49:19,autoscaler,customdas-cpu-queue-autoscaler-paymentservice,2,60,1,,,
2026-08-30 00:49:19,autoscaler,customdas-cpu-queue-autoscaler-productcatalogservice,6,60,1,,,
2026-08-30 00:49:19,autoscaler,customdas-cpu-queue-autoscaler-recommendationservice,4,60,1,,,
2026-08-30 00:49:19,autoscaler,customdas-cpu-queue-autoscaler-shippingservice,5,60,1,,,
2026-08-30 00:49:19,node,ze-master-node,2343,4070,,58.6,51.3,
2026-08-30 00:49:19,node,ze-worker-node,2297,1925,,57.4,24.2,
2026-08-30 00:49:27,deployment,adservice,37,94,1,,,
2026-08-30 00:49:27,deployment,cartservice,163,80,2,,,
2026-08-30 00:49:27,deployment,checkoutservice,10,12,1,,,
2026-08-30 00:49:27,deployment,currencyservice,262,125,2,,,
2026-08-30 00:49:27,deployment,emailservice,16,40,1,,,
2026-08-30 00:49:27,deployment,frontend,504,74,6,,,
2026-08-30 00:49:27,http_p95_latency,frontend,,,,,,173.3
2026-08-30 00:49:27,deployment,paymentservice,9,32,1,,,
2026-08-30 00:49:27,deployment,productcatalogservice,302,41,5,,,
2026-08-30 00:49:27,deployment,recommendationservice,188,86,2,,,
2026-08-30 00:49:27,deployment,redis-cart,23,31,1,,,
2026-08-30 00:49:27,deployment,shippingservice,18,9,1,,,
2026-08-30 00:49:27,autoscaler,customdas-cpu-queue-autoscaler-adservice,5,60,1,,,
2026-08-30 00:49:27,autoscaler,customdas-cpu-queue-autoscaler-cartservice,5,60,1,,,
2026-08-30 00:49:27,autoscaler,customdas-cpu-queue-autoscaler-checkoutservice,3,60,1,,,
2026-08-30 00:49:27,autoscaler,customdas-cpu-queue-autoscaler-currencyservice,5,60,1,,,
2026-08-30 00:49:27,autoscaler,customdas-cpu-queue-autoscaler-emailservice,3,60,1,,,
2026-08-30 00:49:27,autoscaler,customdas-cpu-queue-autoscaler-frontend,7,60,1,,,
2026-08-30 00:49:27,autoscaler,customdas-cpu-queue-autoscaler-paymentservice,2,60,1,,,
2026-08-30 00:49:27,autoscaler,customdas-cpu-queue-autoscaler-productcatalogservice,6,60,1,,,
2026-08-30 00:49:27,autoscaler,customdas-cpu-queue-autoscaler-recommendationservice,4,60,1,,,
2026-08-30 00:49:27,autoscaler,customdas-cpu-queue-autoscaler-shippingservice,5,60,1,,,
2026-08-30 00:49:27,node,ze-master-node,2343,4070,,58.6,51.3,
2026-08-30 00:49:27,node,ze-worker-node,2297,1925,,57.4,24.2,
2026-08-30 00:49:37,deployment,adservice,38,94,1,,,
2026-08-30 00:49:37,deployment,cartservice,63,45,1,,,
2026-08-30 00:49:37,deployment,checkoutservice,25,12,1,,,
2026-08-30 00:49:37,deployment,currencyservice,141,65,1,,,
2026-08-30 00:49:37,deployment,emailservice,14,40,1,,,
2026-08-30 00:49:37,deployment,frontend,520,76,6,,,
2026-08-30 00:49:37,http_p95_latency,frontend,,,,,,173.3
2026-08-30 00:49:37,deployment,paymentservice,10,32,1,,,
2026-08-30 00:49:37,deployment,productcatalogservice,291,41,5,,,
2026-08-30 00:49:37,deployment,recommendationservice,185,86,2,,,
2026-08-30 00:49:37,deployment,redis-cart,15,31,1,,,
2026-08-30 00:49:37,deployment,shippingservice,20,9,1,,,
2026-08-30 00:49:37,autoscaler,customdas-cpu-queue-autoscaler-adservice,3,60,1,,,
2026-08-30 00:49:37,autoscaler,customdas-cpu-queue-autoscaler-cartservice,0,60,1,,,
2026-08-30 00:49:37,autoscaler,customdas-cpu-queue-autoscaler-checkoutservice,5,60,1,,,
2026-08-30 00:49:37,autoscaler,customdas-cpu-queue-autoscaler-currencyservice,3,60,1,,,
2026-08-30 00:49:37,autoscaler,customdas-cpu-queue-autoscaler-emailservice,2,60,1,,,
2026-08-30 00:49:37,autoscaler,customdas-cpu-queue-autoscaler-frontend,12,60,1,,,
2026-08-30 00:49:37,autoscaler,customdas-cpu-queue-autoscaler-paymentservice,6,60,1,,,
2026-08-30 00:49:37,autoscaler,customdas-cpu-queue-autoscaler-productcatalogservice,8,60,1,,,
2026-08-30 00:49:37,autoscaler,customdas-cpu-queue-autoscaler-recommendationservice,3,60,1,,,
2026-08-30 00:49:37,autoscaler,customdas-cpu-queue-autoscaler-shippingservice,5,60,1,,,
2026-08-30 00:49:37,node,ze-master-node,2318,4092,,58.0,51.5,
2026-08-30 00:49:37,node,ze-worker-node,2182,1854,,54.5,23.3,
2026-08-30 00:49:44,deployment,adservice,38,94,1,,,
2026-08-30 00:49:44,deployment,cartservice,63,45,1,,,
2026-08-30 00:49:44,deployment,checkoutservice,25,12,1,,,
2026-08-30 00:49:44,deployment,currencyservice,141,65,1,,,
2026-08-30 00:49:44,deployment,emailservice,14,40,1,,,
2026-08-30 00:49:44,deployment,frontend,520,76,6,,,
2026-08-30 00:49:44,http_p95_latency,frontend,,,,,,347.7
2026-08-30 00:49:44,deployment,paymentservice,10,32,1,,,
2026-08-30 00:49:44,deployment,productcatalogservice,291,41,5,,,
2026-08-30 00:49:44,deployment,recommendationservice,185,86,2,,,
2026-08-30 00:49:44,deployment,redis-cart,15,31,1,,,
2026-08-30 00:49:44,deployment,shippingservice,20,9,1,,,
2026-08-30 00:49:44,autoscaler,customdas-cpu-queue-autoscaler-adservice,3,60,1,,,
2026-08-30 00:49:44,autoscaler,customdas-cpu-queue-autoscaler-cartservice,0,60,1,,,
2026-08-30 00:49:44,autoscaler,customdas-cpu-queue-autoscaler-checkoutservice,5,60,1,,,
2026-08-30 00:49:44,autoscaler,customdas-cpu-queue-autoscaler-currencyservice,3,60,1,,,
2026-08-30 00:49:44,autoscaler,customdas-cpu-queue-autoscaler-emailservice,2,60,1,,,
2026-08-30 00:49:44,autoscaler,customdas-cpu-queue-autoscaler-frontend,12,60,1,,,
2026-08-30 00:49:44,autoscaler,customdas-cpu-queue-autoscaler-paymentservice,6,60,1,,,
2026-08-30 00:49:44,autoscaler,customdas-cpu-queue-autoscaler-productcatalogservice,8,60,1,,,
2026-08-30 00:49:44,autoscaler,customdas-cpu-queue-autoscaler-recommendationservice,3,60,1,,,
2026-08-30 00:49:44,autoscaler,customdas-cpu-queue-autoscaler-shippingservice,5,60,1,,,
2026-08-30 00:49:44,node,ze-master-node,2318,4092,,58.0,51.5,
2026-08-30 00:49:44,node,ze-worker-node,2182,1854,,54.5,23.3,
2026-08-30 00:49:50,deployment,adservice,36,94,1,,,
2026-08-30 00:49:50,deployment,cartservice,68,45,1,,,
2026-08-30 00:49:50,deployment,checkoutservice,25,12,1,,,
2026-08-30 00:49:50,deployment,currencyservice,173,63,1,,,
2026-08-30 00:49:50,deployment,emailservice,15,40,1,,,
2026-08-30 00:49:50,deployment,frontend,491,77,6,,,
2026-08-30 00:49:50,http_p95_latency,frontend,,,,,,347.7
2026-08-30 00:49:50,deployment,paymentservice,12,32,1,,,
2026-08-30 00:49:50,deployment,productcatalogservice,296,41,5,,,
2026-08-30 00:49:50,deployment,recommendationservice,177,88,2,,,
2026-08-30 00:49:50,deployment,redis-cart,12,31,1,,,
2026-08-30 00:49:50,deployment,shippingservice,26,9,1,,,
2026-08-30 00:49:50,autoscaler,customdas-cpu-queue-autoscaler-adservice,4,60,1,,,
2026-08-30 00:49:50,autoscaler,customdas-cpu-queue-autoscaler-cartservice,3,60,1,,,
2026-08-30 00:49:50,autoscaler,customdas-cpu-queue-autoscaler-checkoutservice,0,60,1,,,
2026-08-30 00:49:50,autoscaler,customdas-cpu-queue-autoscaler-currencyservice,7,60,1,,,
2026-08-30 00:49:50,autoscaler,customdas-cpu-queue-autoscaler-emailservice,4,60,1,,,
2026-08-30 00:49:50,autoscaler,customdas-cpu-queue-autoscaler-frontend,10,60,1,,,
2026-08-30 00:49:50,autoscaler,customdas-cpu-queue-autoscaler-paymentservice,3,60,1,,,
2026-08-30 00:49:50,autoscaler,customdas-cpu-queue-autoscaler-productcatalogservice,5,60,1,,,
2026-08-30 00:49:50,autoscaler,customdas-cpu-queue-autoscaler-recommendationservice,4,60,1,,,
2026-08-30 00:49:50,autoscaler,customdas-cpu-queue-autoscaler-shippingservice,0,60,1,,,
2026-08-30 00:49:50,node,ze-master-node,2161,4023,,54.0,50.7,
2026-08-30 00:49:50,node,ze-worker-node,2067,1854,,51.7,23.3,
2026-08-30 00:49:58,deployment,adservice,36,94,1,,,
2026-08-30 00:49:58,deployment,cartservice,68,45,1,,,
2026-08-30 00:49:58,deployment,checkoutservice,25,12,1,,,
2026-08-30 00:49:58,deployment,currencyservice,173,63,1,,,
2026-08-30 00:49:58,deployment,emailservice,15,40,1,,,
2026-08-30 00:49:58,deployment,frontend,491,77,6,,,
2026-08-30 00:49:58,http_p95_latency,frontend,,,,,,687.3
2026-08-30 00:49:58,deployment,paymentservice,12,32,1,,,
2026-08-30 00:49:58,deployment,productcatalogservice,296,41,5,,,
2026-08-30 00:49:58,deployment,recommendationservice,177,88,2,,,
2026-08-30 00:49:58,deployment,redis-cart,12,31,1,,,
2026-08-30 00:49:58,deployment,shippingservice,26,9,1,,,
2026-08-30 00:49:58,autoscaler,customdas-cpu-queue-autoscaler-adservice,4,60,1,,,
2026-08-30 00:49:58,autoscaler,customdas-cpu-queue-autoscaler-cartservice,3,60,1,,,
2026-08-30 00:49:58,autoscaler,customdas-cpu-queue-autoscaler-checkoutservice,0,60,1,,,
2026-08-30 00:49:58,autoscaler,customdas-cpu-queue-autoscaler-currencyservice,7,60,1,,,
2026-08-30 00:49:58,autoscaler,customdas-cpu-queue-autoscaler-emailservice,4,60,1,,,
2026-08-30 00:49:58,autoscaler,customdas-cpu-queue-autoscaler-frontend,10,60,1,,,
2026-08-30 00:49:58,autoscaler,customdas-cpu-queue-autoscaler-paymentservice,3,60,1,,,
2026-08-30 00:49:58,autoscaler,customdas-cpu-queue-autoscaler-productcatalogservice,5,60,1,,,
2026-08-30 00:49:58,autoscaler,customdas-cpu-queue-autoscaler-recommendationservice,4,60,1,,,
2026-08-30 00:49:58,autoscaler,customdas-cpu-queue-autoscaler-shippingservice,0,60,1,,,
2026-08-30 00:49:58,node,ze-master-node,2161,4023,,54.0,50.7,
2026-08-30 00:49:58,node,ze-worker-node,2067,1854,,51.7,23.3,
2026-08-30 00:50:06,deployment,adservice,39,96,1,,,
2026-08-30 00:50:06,deployment,cartservice,115,45,1,,,
2026-08-30 00:50:06,deployment,checkoutservice,37,12,1,,,
2026-08-30 00:50:06,deployment,currencyservice,194,62,1,,,
2026-08-30 00:50:06,deployment,emailservice,17,40,1,,,
2026-08-30 00:50:06,deployment,frontend,573,77,6,,,
2026-08-30 00:50:06,http_p95_latency,frontend,,,,,,687.3
2026-08-30 00:50:06,deployment,paymentservice,10,32,1,,,
2026-08-30 00:50:06,deployment,productcatalogservice,270,33,4,,,
2026-08-30 00:50:06,deployment,recommendationservice,200,86,2,,,
2026-08-30 00:50:06,deployment,redis-cart,12,31,1,,,
2026-08-30 00:50:06,deployment,shippingservice,28,9,1,,,
2026-08-30 00:50:06,autoscaler,customdas-cpu-queue-autoscaler-adservice,3,60,1,,,
2026-08-30 00:50:06,autoscaler,customdas-cpu-queue-autoscaler-cartservice,5,60,1,,,
2026-08-30 00:50:06,autoscaler,customdas-cpu-queue-autoscaler-checkoutservice,4,60,1,,,
2026-08-30 00:50:06,autoscaler,customdas-cpu-queue-autoscaler-currencyservice,2,60,1,,,
2026-08-30 00:50:06,autoscaler,customdas-cpu-queue-autoscaler-emailservice,6,60,1,,,
2026-08-30 00:50:06,autoscaler,customdas-cpu-queue-autoscaler-frontend,10,60,1,,,
2026-08-30 00:50:06,autoscaler,customdas-cpu-queue-autoscaler-paymentservice,3,60,1,,,
2026-08-30 00:50:06,autoscaler,customdas-cpu-queue-autoscaler-productcatalogservice,6,60,1,,,
2026-08-30 00:50:06,autoscaler,customdas-cpu-queue-autoscaler-recommendationservice,4,60,1,,,
2026-08-30 00:50:06,autoscaler,customdas-cpu-queue-autoscaler-shippingservice,3,60,1,,,
2026-08-30 00:50:06,node,ze-master-node,2387,4027,,59.7,50.7,
2026-08-30 00:50:06,node,ze-worker-node,2169,1854,,54.2,23.3,
2026-08-30 00:50:13,deployment,adservice,39,96,1,,,
2026-08-30 00:50:13,deployment,cartservice,115,45,1,,,
2026-08-30 00:50:13,deployment,checkoutservice,37,12,1,,,
2026-08-30 00:50:13,deployment,currencyservice,194,62,1,,,
2026-08-30 00:50:13,deployment,emailservice,17,40,1,,,
2026-08-30 00:50:13,deployment,frontend,573,77,6,,,
2026-08-30 00:50:13,http_p95_latency,frontend,,,,,,760.0
2026-08-30 00:50:13,deployment,paymentservice,10,32,1,,,
2026-08-30 00:50:13,deployment,productcatalogservice,270,33,4,,,
2026-08-30 00:50:13,deployment,recommendationservice,200,86,2,,,
2026-08-30 00:50:13,deployment,redis-cart,12,31,1,,,
2026-08-30 00:50:13,deployment,shippingservice,28,9,1,,,
2026-08-30 00:50:13,autoscaler,customdas-cpu-queue-autoscaler-adservice,3,60,1,,,
2026-08-30 00:50:13,autoscaler,customdas-cpu-queue-autoscaler-cartservice,5,60,1,,,
2026-08-30 00:50:13,autoscaler,customdas-cpu-queue-autoscaler-checkoutservice,4,60,1,,,
2026-08-30 00:50:13,autoscaler,customdas-cpu-queue-autoscaler-currencyservice,2,60,1,,,
2026-08-30 00:50:13,autoscaler,customdas-cpu-queue-autoscaler-emailservice,6,60,1,,,
2026-08-30 00:50:13,autoscaler,customdas-cpu-queue-autoscaler-frontend,10,60,1,,,
2026-08-30 00:50:13,autoscaler,customdas-cpu-queue-autoscaler-paymentservice,3,60,1,,,
2026-08-30 00:50:13,autoscaler,customdas-cpu-queue-autoscaler-productcatalogservice,6,60,1,,,
2026-08-30 00:50:13,autoscaler,customdas-cpu-queue-autoscaler-recommendationservice,4,60,1,,,
2026-08-30 00:50:13,autoscaler,customdas-cpu-queue-autoscaler-shippingservice,3,60,1,,,
2026-08-30 00:50:13,node,ze-master-node,2387,4027,,59.7,50.7,
2026-08-30 00:50:13,node,ze-worker-node,2169,1854,,54.2,23.3,
2026-08-30 00:50:23,deployment,adservice,42,94,1,,,
2026-08-30 00:50:23,deployment,cartservice,124,45,2,,,
2026-08-30 00:50:23,deployment,checkoutservice,31,12,2,,,
2026-08-30 00:50:23,deployment,currencyservice,199,62,2,,,
2026-08-30 00:50:23,deployment,emailservice,19,40,1,,,
2026-08-30 00:50:23,deployment,frontend,573,77,6,,,
2026-08-30 00:50:23,http_p95_latency,frontend,,,,,,760.0
2026-08-30 00:50:23,deployment,paymentservice,11,32,1,,,
2026-08-30 00:50:23,deployment,productcatalogservice,294,33,4,,,
2026-08-30 00:50:23,deployment,recommendationservice,208,86,2,,,
2026-08-30 00:50:23,deployment,redis-cart,13,31,1,,,
2026-08-30 00:50:23,deployment,shippingservice,28,9,1,,,
2026-08-30 00:50:23,autoscaler,customdas-cpu-queue-autoscaler-adservice,4,60,1,,,
2026-08-30 00:50:23,autoscaler,customdas-cpu-queue-autoscaler-cartservice,4,60,1,,,
2026-08-30 00:50:23,autoscaler,customdas-cpu-queue-autoscaler-checkoutservice,0,60,1,,,
2026-08-30 00:50:23,autoscaler,customdas-cpu-queue-autoscaler-currencyservice,5,60,1,,,
2026-08-30 00:50:23,autoscaler,customdas-cpu-queue-autoscaler-emailservice,3,60,1,,,
2026-08-30 00:50:23,autoscaler,customdas-cpu-queue-autoscaler-frontend,3,60,1,,,
2026-08-30 00:50:23,autoscaler,customdas-cpu-queue-autoscaler-paymentservice,4,60,1,,,
2026-08-30 00:50:23,autoscaler,customdas-cpu-queue-autoscaler-productcatalogservice,5,60,1,,,
2026-08-30 00:50:23,autoscaler,customdas-cpu-queue-autoscaler-recommendationservice,4,60,1,,,
2026-08-30 00:50:23,autoscaler,customdas-cpu-queue-autoscaler-shippingservice,6,60,1,,,
2026-08-30 00:50:23,node,ze-master-node,2308,4022,,57.7,50.6,
2026-08-30 00:50:23,node,ze-worker-node,2232,1835,,55.8,23.1,
2026-08-30 00:50:32,deployment,adservice,42,94,1,,,
2026-08-30 00:50:32,deployment,cartservice,124,45,2,,,
2026-08-30 00:50:32,deployment,checkoutservice,31,12,2,,,
2026-08-30 00:50:32,deployment,currencyservice,199,62,2,,,
2026-08-30 00:50:32,deployment,emailservice,19,40,1,,,
2026-08-30 00:50:32,deployment,frontend,573,77,6,,,
2026-08-30 00:50:32,http_p95_latency,frontend,,,,,,719.1
2026-08-30 00:50:32,deployment,paymentservice,11,32,1,,,
2026-08-30 00:50:32,deployment,productcatalogservice,294,34,4,,,
2026-08-30 00:50:32,deployment,recommendationservice,201,86,2,,,
2026-08-30 00:50:32,deployment,redis-cart,12,31,1,,,
2026-08-30 00:50:32,deployment,shippingservice,27,9,1,,,
2026-08-30 00:50:32,autoscaler,customdas-cpu-queue-autoscaler-adservice,6,60,1,,,
2026-08-30 00:50:32,autoscaler,customdas-cpu-queue-autoscaler-cartservice,6,60,1,,,
2026-08-30 00:50:32,autoscaler,customdas-cpu-queue-autoscaler-checkoutservice,9,60,1,,,
2026-08-30 00:50:32,autoscaler,customdas-cpu-queue-autoscaler-currencyservice,4,60,1,,,
2026-08-30 00:50:32,autoscaler,customdas-cpu-queue-autoscaler-emailservice,5,60,1,,,
2026-08-30 00:50:32,autoscaler,customdas-cpu-queue-autoscaler-frontend,7,60,1,,,
2026-08-30 00:50:32,autoscaler,customdas-cpu-queue-autoscaler-paymentservice,5,60,1,,,
2026-08-30 00:50:32,autoscaler,customdas-cpu-queue-autoscaler-productcatalogservice,5,60,1,,,
2026-08-30 00:50:32,autoscaler,customdas-cpu-queue-autoscaler-recommendationservice,6,60,1,,,
2026-08-30 00:50:32,autoscaler,customdas-cpu-queue-autoscaler-shippingservice,2,60,1,,,
2026-08-30 00:50:32,node,ze-master-node,2384,4070,,59.6,51.3,
2026-08-30 00:50:32,node,ze-worker-node,2403,1874,,60.1,23.6,
2026-08-30 00:50:41,deployment,adservice,39,94,1,,,
2026-08-30 00:50:41,deployment,cartservice,223,59,2,,,
2026-08-30 00:50:41,deployment,checkoutservice,47,20,2,,,
2026-08-30 00:50:41,deployment,currencyservice,314,90,2,,,
2026-08-30 00:50:41,deployment,emailservice,14,43,1,,,
2026-08-30 00:50:41,deployment,frontend,550,79,6,,,
2026-08-30 00:50:41,http_p95_latency,frontend,,,,,,707.3
2026-08-30 00:50:41,deployment,paymentservice,11,32,1,,,
2026-08-30 00:50:41,deployment,productcatalogservice,294,34,4,,,
2026-08-30 00:50:41,deployment,recommendationservice,201,86,2,,,
2026-08-30 00:50:41,deployment,redis-cart,12,31,1,,,
2026-08-30 00:50:41,deployment,shippingservice,27,9,1,,,
2026-08-30 00:50:41,autoscaler,customdas-cpu-queue-autoscaler-adservice,6,60,1,,,
2026-08-30 00:50:41,autoscaler,customdas-cpu-queue-autoscaler-cartservice,6,60,1,,,
2026-08-30 00:50:41,autoscaler,customdas-cpu-queue-autoscaler-checkoutservice,9,60,1,,,
2026-08-30 00:50:41,autoscaler,customdas-cpu-queue-autoscaler-currencyservice,4,60,1,,,
2026-08-30 00:50:41,autoscaler,customdas-cpu-queue-autoscaler-emailservice,5,60,1,,,
2026-08-30 00:50:41,autoscaler,customdas-cpu-queue-autoscaler-frontend,7,60,1,,,
2026-08-30 00:50:41,autoscaler,customdas-cpu-queue-autoscaler-paymentservice,5,60,1,,,
2026-08-30 00:50:41,autoscaler,customdas-cpu-queue-autoscaler-productcatalogservice,5,60,1,,,
2026-08-30 00:50:41,autoscaler,customdas-cpu-queue-autoscaler-recommendationservice,6,60,1,,,
2026-08-30 00:50:41,autoscaler,customdas-cpu-queue-autoscaler-shippingservice,2,60,1,,,
2026-08-30 00:50:41,node,ze-master-node,2384,4070,,59.6,51.3,
2026-08-30 00:50:41,node,ze-worker-node,2403,1874,,60.1,23.6,
2026-08-30 00:50:49,deployment,adservice,39,94,1,,,
2026-08-30 00:50:49,deployment,cartservice,211,66,2,,,
2026-08-30 00:50:49,deployment,checkoutservice,41,21,2,,,
2026-08-30 00:50:49,deployment,currencyservice,364,94,2,,,
2026-08-30 00:50:49,deployment,emailservice,20,40,1,,,
2026-08-30 00:50:49,deployment,frontend,533,76,6,,,
2026-08-30 00:50:49,http_p95_latency,frontend,,,,,,707.3
2026-08-30 00:50:49,deployment,paymentservice,12,32,1,,,
2026-08-30 00:50:49,deployment,productcatalogservice,298,35,4,,,
2026-08-30 00:50:49,deployment,recommendationservice,195,86,2,,,
2026-08-30 00:50:49,deployment,redis-cart,14,31,1,,,
2026-08-30 00:50:49,deployment,shippingservice,27,9,1,,,
2026-08-30 00:50:49,autoscaler,customdas-cpu-queue-autoscaler-adservice,3,60,1,,,
2026-08-30 00:50:49,autoscaler,customdas-cpu-queue-autoscaler-cartservice,6,60,1,,,
2026-08-30 00:50:49,autoscaler,customdas-cpu-queue-autoscaler-checkoutservice,4,60,1,,,
2026-08-30 00:50:49,autoscaler,customdas-cpu-queue-autoscaler-currencyservice,7,60,1,,,
2026-08-30 00:50:49,autoscaler,customdas-cpu-queue-autoscaler-emailservice,4,60,1,,,
2026-08-30 00:50:49,autoscaler,customdas-cpu-queue-autoscaler-frontend,10,60,1,,,
2026-08-30 00:50:49,autoscaler,customdas-cpu-queue-autoscaler-paymentservice,5,60,1,,,
2026-08-30 00:50:49,autoscaler,customdas-cpu-queue-autoscaler-productcatalogservice,5,60,1,,,
2026-08-30 00:50:49,autoscaler,customdas-cpu-queue-autoscaler-recommendationservice,3,60,1,,,
2026-08-30 00:50:49,autoscaler,customdas-cpu-queue-autoscaler-shippingservice,6,60,1,,,
2026-08-30 00:50:49,node,ze-master-node,2494,4070,,62.4,51.3,
2026-08-30 00:50:49,node,ze-worker-node,2171,1878,,54.3,23.6,
2026-08-30 00:50:57,deployment,adservice,39,94,1,,,
2026-08-30 00:50:57,deployment,cartservice,211,66,2,,,
2026-08-30 00:50:57,deployment,checkoutservice,41,21,2,,,
2026-08-30 00:50:57,deployment,currencyservice,364,94,2,,,
2026-08-30 00:50:57,deployment,emailservice,20,40,1,,,
2026-08-30 00:50:57,deployment,frontend,533,76,6,,,
2026-08-30 00:50:57,http_p95_latency,frontend,,,,,,692.0
2026-08-30 00:50:57,deployment,paymentservice,12,32,1,,,
2026-08-30 00:50:57,deployment,productcatalogservice,298,35,4,,,
2026-08-30 00:50:57,deployment,recommendationservice,195,86,2,,,
2026-08-30 00:50:57,deployment,redis-cart,14,31,1,,,
2026-08-30 00:50:57,deployment,shippingservice,27,9,1,,,
2026-08-30 00:50:57,autoscaler,customdas-cpu-queue-autoscaler-adservice,3,60,1,,,
2026-08-30 00:50:57,autoscaler,customdas-cpu-queue-autoscaler-cartservice,6,60,1,,,
2026-08-30 00:50:57,autoscaler,customdas-cpu-queue-autoscaler-checkoutservice,4,60,1,,,
2026-08-30 00:50:57,autoscaler,customdas-cpu-queue-autoscaler-currencyservice,7,60,1,,,
2026-08-30 00:50:57,autoscaler,customdas-cpu-queue-autoscaler-emailservice,4,60,1,,,
2026-08-30 00:50:57,autoscaler,customdas-cpu-queue-autoscaler-frontend,10,60,1,,,
2026-08-30 00:50:57,autoscaler,customdas-cpu-queue-autoscaler-paymentservice,5,60,1,,,
2026-08-30 00:50:57,autoscaler,customdas-cpu-queue-autoscaler-productcatalogservice,5,60,1,,,
2026-08-30 00:50:57,autoscaler,customdas-cpu-queue-autoscaler-recommendationservice,3,60,1,,,
2026-08-30 00:50:57,autoscaler,customdas-cpu-queue-autoscaler-shippingservice,6,60,1,,,
2026-08-30 00:50:57,node,ze-master-node,2494,4070,,62.4,51.3,
2026-08-30 00:50:57,node,ze-worker-node,2171,1878,,54.3,23.6,
2026-08-30 00:51:03,deployment,adservice,39,94,1,,,
2026-08-30 00:51:03,deployment,cartservice,201,74,2,,,
2026-08-30 00:51:03,deployment,checkoutservice,47,21,2,,,
2026-08-30 00:51:03,deployment,currencyservice,320,99,2,,,
2026-08-30 00:51:03,deployment,emailservice,16,40,1,,,
2026-08-30 00:51:03,deployment,frontend,558,77,6,,,
2026-08-30 00:51:03,http_p95_latency,frontend,,,,,,692.0
2026-08-30 00:51:03,deployment,paymentservice,10,32,1,,,
2026-08-30 00:51:03,deployment,productcatalogservice,290,34,4,,,
2026-08-30 00:51:03,deployment,recommendationservice,206,86,2,,,
2026-08-30 00:51:03,deployment,redis-cart,14,32,1,,,
2026-08-30 00:51:03,deployment,shippingservice,30,9,1,,,
2026-08-30 00:51:03,autoscaler,customdas-cpu-queue-autoscaler-adservice,3,60,1,,,
2026-08-30 00:51:03,autoscaler,customdas-cpu-queue-autoscaler-cartservice,0,60,1,,,
2026-08-30 00:51:03,autoscaler,customdas-cpu-queue-autoscaler-checkoutservice,0,60,1,,,
2026-08-30 00:51:03,autoscaler,customdas-cpu-queue-autoscaler-currencyservice,7,60,1,,,
2026-08-30 00:51:03,autoscaler,customdas-cpu-queue-autoscaler-emailservice,3,60,1,,,
2026-08-30 00:51:03,autoscaler,customdas-cpu-queue-autoscaler-frontend,6,60,1,,,
2026-08-30 00:51:03,autoscaler,customdas-cpu-queue-autoscaler-paymentservice,5,60,1,,,
2026-08-30 00:51:03,autoscaler,customdas-cpu-queue-autoscaler-productcatalogservice,14,60,1,,,
2026-08-30 00:51:03,autoscaler,customdas-cpu-queue-autoscaler-recommendationservice,4,60,1,,,
2026-08-30 00:51:03,autoscaler,customdas-cpu-queue-autoscaler-shippingservice,0,60,1,,,
2026-08-30 00:51:03,node,ze-master-node,2461,4088,,61.5,51.5,
2026-08-30 00:51:03,node,ze-worker-node,2306,1887,,57.6,23.8,
2026-08-30 00:51:12,deployment,adservice,46,94,1,,,
2026-08-30 00:51:12,deployment,cartservice,201,74,2,,,
2026-08-30 00:51:12,deployment,checkoutservice,47,21,2,,,
2026-08-30 00:51:12,deployment,currencyservice,320,99,2,,,
2026-08-30 00:51:12,deployment,emailservice,16,40,1,,,
2026-08-30 00:51:12,deployment,frontend,558,77,6,,,
2026-08-30 00:51:12,http_p95_latency,frontend,,,,,,498.4
2026-08-30 00:51:12,deployment,paymentservice,10,32,1,,,
2026-08-30 00:51:12,deployment,productcatalogservice,290,34,4,,,
2026-08-30 00:51:12,deployment,recommendationservice,206,86,2,,,
2026-08-30 00:51:12,deployment,redis-cart,14,32,1,,,
2026-08-30 00:51:12,deployment,shippingservice,30,9,1,,,
2026-08-30 00:51:12,autoscaler,customdas-cpu-queue-autoscaler-adservice,3,60,1,,,
2026-08-30 00:51:12,autoscaler,customdas-cpu-queue-autoscaler-cartservice,0,60,1,,,
2026-08-30 00:51:12,autoscaler,customdas-cpu-queue-autoscaler-checkoutservice,0,60,1,,,
2026-08-30 00:51:12,autoscaler,customdas-cpu-queue-autoscaler-currencyservice,7,60,1,,,
2026-08-30 00:51:12,autoscaler,customdas-cpu-queue-autoscaler-emailservice,3,60,1,,,
2026-08-30 00:51:12,autoscaler,customdas-cpu-queue-autoscaler-frontend,6,60,1,,,
2026-08-30 00:51:12,autoscaler,customdas-cpu-queue-autoscaler-paymentservice,5,60,1,,,
2026-08-30 00:51:12,autoscaler,customdas-cpu-queue-autoscaler-productcatalogservice,14,60,1,,,
2026-08-30 00:51:12,autoscaler,customdas-cpu-queue-autoscaler-recommendationservice,4,60,1,,,
2026-08-30 00:51:12,autoscaler,customdas-cpu-queue-autoscaler-shippingservice,0,60,1,,,
2026-08-30 00:51:12,node,ze-master-node,2461,4088,,61.5,51.5,
2026-08-30 00:51:12,node,ze-worker-node,2306,1887,,57.6,23.8,
2026-08-30 00:51:20,deployment,adservice,45,94,1,,,
2026-08-30 00:51:20,deployment,cartservice,276,82,2,,,
2026-08-30 00:51:20,deployment,checkoutservice,36,21,2,,,
2026-08-30 00:51:20,deployment,currencyservice,287,101,2,,,
2026-08-30 00:51:20,deployment,emailservice,19,40,1,,,
2026-08-30 00:51:20,deployment,frontend,590,77,6,,,
2026-08-30 00:51:20,http_p95_latency,frontend,,,,,,498.4
2026-08-30 00:51:20,deployment,paymentservice,12,32,1,,,
2026-08-30 00:51:20,deployment,productcatalogservice,316,34,4,,,
2026-08-30 00:51:20,deployment,recommendationservice,211,86,2,,,
2026-08-30 00:51:20,deployment,redis-cart,16,32,1,,,
2026-08-30 00:51:20,deployment,shippingservice,27,9,1,,,
2026-08-30 00:51:20,autoscaler,customdas-cpu-queue-autoscaler-adservice,3,60,1,,,
2026-08-30 00:51:20,autoscaler,customdas-cpu-queue-autoscaler-cartservice,4,60,1,,,
2026-08-30 00:51:20,autoscaler,customdas-cpu-queue-autoscaler-checkoutservice,3,60,1,,,
2026-08-30 00:51:20,autoscaler,customdas-cpu-queue-autoscaler-currencyservice,2,60,1,,,
2026-08-30 00:51:20,autoscaler,customdas-cpu-queue-autoscaler-emailservice,5,60,1,,,
2026-08-30 00:51:20,autoscaler,customdas-cpu-queue-autoscaler-frontend,5,60,1,,,
2026-08-30 00:51:20,autoscaler,customdas-cpu-queue-autoscaler-paymentservice,3,60,1,,,
2026-08-30 00:51:20,autoscaler,customdas-cpu-queue-autoscaler-productcatalogservice,6,60,1,,,
2026-08-30 00:51:20,autoscaler,customdas-cpu-queue-autoscaler-recommendationservice,5,60,1,,,
2026-08-30 00:51:20,autoscaler,customdas-cpu-queue-autoscaler-shippingservice,3,60,1,,,
2026-08-30 00:51:20,node,ze-master-node,2401,4083,,60.0,51.4,
2026-08-30 00:51:20,node,ze-worker-node,2420,1893,,60.5,23.8,
2026-08-30 00:51:29,deployment,adservice,45,94,1,,,
2026-08-30 00:51:29,deployment,cartservice,276,82,2,,,
2026-08-30 00:51:29,deployment,checkoutservice,36,21,2,,,
2026-08-30 00:51:29,deployment,currencyservice,287,101,2,,,
2026-08-30 00:51:29,deployment,emailservice,19,40,1,,,
2026-08-30 00:51:29,deployment,frontend,590,77,6,,,
2026-08-30 00:51:29,http_p95_latency,frontend,,,,,,338.1
2026-08-30 00:51:29,deployment,paymentservice,12,32,1,,,
2026-08-30 00:51:29,deployment,productcatalogservice,316,34,5,,,
2026-08-30 00:51:29,deployment,recommendationservice,211,86,2,,,
2026-08-30 00:51:29,deployment,redis-cart,16,32,1,,,
2026-08-30 00:51:29,deployment,shippingservice,27,9,1,,,
2026-08-30 00:51:29,autoscaler,customdas-cpu-queue-autoscaler-adservice,3,60,1,,,
2026-08-30 00:51:29,autoscaler,customdas-cpu-queue-autoscaler-cartservice,4,60,1,,,
2026-08-30 00:51:29,autoscaler,customdas-cpu-queue-autoscaler-checkoutservice,3,60,1,,,
2026-08-30 00:51:29,autoscaler,customdas-cpu-queue-autoscaler-currencyservice,2,60,1,,,
2026-08-30 00:51:29,autoscaler,customdas-cpu-queue-autoscaler-emailservice,5,60,1,,,
2026-08-30 00:51:29,autoscaler,customdas-cpu-queue-autoscaler-frontend,5,60,1,,,
2026-08-30 00:51:29,autoscaler,customdas-cpu-queue-autoscaler-paymentservice,3,60,1,,,
2026-08-30 00:51:29,autoscaler,customdas-cpu-queue-autoscaler-productcatalogservice,6,60,1,,,
2026-08-30 00:51:29,autoscaler,customdas-cpu-queue-autoscaler-recommendationservice,5,60,1,,,
2026-08-30 00:51:29,autoscaler,customdas-cpu-queue-autoscaler-shippingservice,3,60,1,,,
2026-08-30 00:51:29,node,ze-master-node,2401,4083,,60.0,51.4,
2026-08-30 00:51:29,node,ze-worker-node,2420,1893,,60.5,23.8,
2026-08-30 00:51:37,deployment,adservice,42,94,1,,,
2026-08-30 00:51:37,deployment,cartservice,171,79,2,,,
2026-08-30 00:51:37,deployment,checkoutservice,40,21,2,,,
2026-08-30 00:51:37,deployment,currencyservice,281,105,2,,,
2026-08-30 00:51:37,deployment,emailservice,16,40,1,,,
2026-08-30 00:51:37,deployment,frontend,597,76,6,,,
2026-08-30 00:51:37,http_p95_latency,frontend,,,,,,338.1
2026-08-30 00:51:37,deployment,paymentservice,11,32,1,,,
2026-08-30 00:51:37,deployment,productcatalogservice,383,41,5,,,
2026-08-30 00:51:37,deployment,recommendationservice,215,86,3,,,
2026-08-30 00:51:37,deployment,redis-cart,16,32,1,,,
2026-08-30 00:51:37,deployment,shippingservice,29,9,1,,,
2026-08-30 00:51:37,autoscaler,customdas-cpu-queue-autoscaler-adservice,3,60,1,,,
2026-08-30 00:51:37,autoscaler,customdas-cpu-queue-autoscaler-cartservice,7,60,1,,,
2026-08-30 00:51:37,autoscaler,customdas-cpu-queue-autoscaler-checkoutservice,3,60,1,,,
2026-08-30 00:51:37,autoscaler,customdas-cpu-queue-autoscaler-currencyservice,3,60,1,,,
2026-08-30 00:51:37,autoscaler,customdas-cpu-queue-autoscaler-emailservice,0,60,1,,,
2026-08-30 00:51:37,autoscaler,customdas-cpu-queue-autoscaler-frontend,7,60,1,,,
2026-08-30 00:51:37,autoscaler,customdas-cpu-queue-autoscaler-paymentservice,3,60,1,,,
2026-08-30 00:51:37,autoscaler,customdas-cpu-queue-autoscaler-productcatalogservice,6,60,1,,,
2026-08-30 00:51:37,autoscaler,customdas-cpu-queue-autoscaler-recommendationservice,4,60,1,,,
2026-08-30 00:51:37,autoscaler,customdas-cpu-queue-autoscaler-shippingservice,4,60,1,,,
2026-08-30 00:51:37,node,ze-master-node,2489,4123,,62.2,51.9,
2026-08-30 00:51:37,node,ze-worker-node,2413,1912,,60.3,24.1,
2026-08-30 00:51:44,deployment,adservice,42,94,1,,,
2026-08-30 00:51:44,deployment,cartservice,171,79,2,,,
2026-08-30 00:51:44,deployment,checkoutservice,40,21,2,,,
2026-08-30 00:51:44,deployment,currencyservice,281,105,2,,,
2026-08-30 00:51:44,deployment,emailservice,16,40,1,,,
2026-08-30 00:51:44,deployment,frontend,597,76,7,,,
2026-08-30 00:51:44,http_p95_latency,frontend,,,,,,233.4
2026-08-30 00:51:44,deployment,paymentservice,11,32,1,,,
2026-08-30 00:51:44,deployment,productcatalogservice,383,41,5,,,
2026-08-30 00:51:44,deployment,recommendationservice,215,86,3,,,
2026-08-30 00:51:44,deployment,redis-cart,16,32,1,,,
2026-08-30 00:51:44,deployment,shippingservice,29,9,2,,,
2026-08-30 00:51:44,autoscaler,customdas-cpu-queue-autoscaler-adservice,3,60,1,,,
2026-08-30 00:51:44,autoscaler,customdas-cpu-queue-autoscaler-cartservice,7,60,1,,,
2026-08-30 00:51:44,autoscaler,customdas-cpu-queue-autoscaler-checkoutservice,3,60,1,,,
2026-08-30 00:51:44,autoscaler,customdas-cpu-queue-autoscaler-currencyservice,3,60,1,,,
2026-08-30 00:51:44,autoscaler,customdas-cpu-queue-autoscaler-emailservice,0,60,1,,,
2026-08-30 00:51:44,autoscaler,customdas-cpu-queue-autoscaler-frontend,7,60,1,,,
2026-08-30 00:51:44,autoscaler,customdas-cpu-queue-autoscaler-paymentservice,3,60,1,,,
2026-08-30 00:51:44,autoscaler,customdas-cpu-queue-autoscaler-productcatalogservice,6,60,1,,,
2026-08-30 00:51:44,autoscaler,customdas-cpu-queue-autoscaler-recommendationservice,4,60,1,,,
2026-08-30 00:51:44,autoscaler,customdas-cpu-queue-autoscaler-shippingservice,4,60,1,,,
2026-08-30 00:51:44,node,ze-master-node,2489,4123,,62.2,51.9,
2026-08-30 00:51:44,node,ze-worker-node,2413,1912,,60.3,24.1,
2026-08-30 00:51:52,deployment,adservice,44,94,1,,,
2026-08-30 00:51:52,deployment,cartservice,161,79,2,,,
2026-08-30 00:51:52,deployment,checkoutservice,37,20,2,,,
2026-08-30 00:51:52,deployment,currencyservice,271,117,2,,,
2026-08-30 00:51:52,deployment,emailservice,17,40,1,,,
2026-08-30 00:51:52,deployment,frontend,602,85,7,,,
2026-08-30 00:51:52,http_p95_latency,frontend,,,,,,233.4
2026-08-30 00:51:52,deployment,paymentservice,9,32,1,,,
2026-08-30 00:51:52,deployment,productcatalogservice,327,41,5,,,
2026-08-30 00:51:52,deployment,recommendationservice,278,124,3,,,
2026-08-30 00:51:52,deployment,redis-cart,15,32,1,,,
2026-08-30 00:51:52,deployment,shippingservice,24,9,2,,,
2026-08-30 00:51:52,autoscaler,customdas-cpu-queue-autoscaler-adservice,4,60,1,,,
2026-08-30 00:51:52,autoscaler,customdas-cpu-queue-autoscaler-cartservice,0,60,1,,,
2026-08-30 00:51:52,autoscaler,customdas-cpu-queue-autoscaler-checkoutservice,3,60,1,,,
2026-08-30 00:51:52,autoscaler,customdas-cpu-queue-autoscaler-currencyservice,3,60,1,,,
2026-08-30 00:51:52,autoscaler,customdas-cpu-queue-autoscaler-emailservice,2,60,1,,,
2026-08-30 00:51:52,autoscaler,customdas-cpu-queue-autoscaler-frontend,7,60,1,,,
2026-08-30 00:51:52,autoscaler,customdas-cpu-queue-autoscaler-paymentservice,2,60,1,,,
2026-08-30 00:51:52,autoscaler,customdas-cpu-queue-autoscaler-productcatalogservice,5,60,1,,,
2026-08-30 00:51:52,autoscaler,customdas-cpu-queue-autoscaler-recommendationservice,4,60,1,,,
2026-08-30 00:51:52,autoscaler,customdas-cpu-queue-autoscaler-shippingservice,2,60,1,,,
2026-08-30 00:51:52,node,ze-master-node,2424,4162,,60.6,52.4,
2026-08-30 00:51:52,node,ze-worker-node,2455,1943,,61.4,24.5,
2026-08-30 00:51:58,deployment,adservice,44,94,1,,,
2026-08-30 00:51:58,deployment,cartservice,161,79,2,,,
2026-08-30 00:51:58,deployment,checkoutservice,37,20,2,,,
2026-08-30 00:51:58,deployment,currencyservice,271,117,2,,,
2026-08-30 00:51:58,deployment,emailservice,17,40,1,,,
2026-08-30 00:51:58,deployment,frontend,602,85,7,,,
2026-08-30 00:51:58,http_p95_latency,frontend,,,,,,239.4
2026-08-30 00:51:58,deployment,paymentservice,9,32,1,,,
2026-08-30 00:51:58,deployment,productcatalogservice,327,41,5,,,
2026-08-30 00:51:58,deployment,recommendationservice,278,124,3,,,
2026-08-30 00:51:58,deployment,redis-cart,15,32,1,,,
2026-08-30 00:51:58,deployment,shippingservice,24,9,2,,,
2026-08-30 00:51:58,autoscaler,customdas-cpu-queue-autoscaler-adservice,4,60,1,,,
2026-08-30 00:51:58,autoscaler,customdas-cpu-queue-autoscaler-cartservice,0,60,1,,,
2026-08-30 00:51:58,autoscaler,customdas-cpu-queue-autoscaler-checkoutservice,3,60,1,,,
2026-08-30 00:51:58,autoscaler,customdas-cpu-queue-autoscaler-currencyservice,3,60,1,,,
2026-08-30 00:51:58,autoscaler,customdas-cpu-queue-autoscaler-emailservice,2,60,1,,,
2026-08-30 00:51:58,autoscaler,customdas-cpu-queue-autoscaler-frontend,7,60,1,,,
2026-08-30 00:51:58,autoscaler,customdas-cpu-queue-autoscaler-paymentservice,2,60,1,,,
2026-08-30 00:51:58,autoscaler,customdas-cpu-queue-autoscaler-productcatalogservice,5,60,1,,,
2026-08-30 00:51:58,autoscaler,customdas-cpu-queue-autoscaler-recommendationservice,4,60,1,,,
2026-08-30 00:51:58,autoscaler,customdas-cpu-queue-autoscaler-shippingservice,2,60,1,,,
2026-08-30 00:51:58,node,ze-master-node,2424,4162,,60.6,52.4,
2026-08-30 00:51:58,node,ze-worker-node,2455,1943,,61.4,24.5,
2026-08-30 00:52:07,deployment,adservice,54,94,1,,,
2026-08-30 00:52:07,deployment,cartservice,207,80,2,,,
2026-08-30 00:52:07,deployment,checkoutservice,39,22,2,,,
2026-08-30 00:52:07,deployment,currencyservice,307,125,3,,,
2026-08-30 00:52:07,deployment,emailservice,15,40,1,,,
2026-08-30 00:52:07,deployment,frontend,644,85,7,,,
2026-08-30 00:52:07,http_p95_latency,frontend,,,,,,239.4
2026-08-30 00:52:07,deployment,paymentservice,9,32,1,,,
2026-08-30 00:52:07,deployment,productcatalogservice,351,41,5,,,
2026-08-30 00:52:07,deployment,recommendationservice,255,124,3,,,
2026-08-30 00:52:07,deployment,redis-cart,17,32,1,,,
2026-08-30 00:52:07,deployment,shippingservice,47,15,2,,,
2026-08-30 00:52:07,autoscaler,customdas-cpu-queue-autoscaler-adservice,4,60,1,,,
2026-08-30 00:52:07,autoscaler,customdas-cpu-queue-autoscaler-cartservice,3,60,1,,,
2026-08-30 00:52:07,autoscaler,customdas-cpu-queue-autoscaler-checkoutservice,2,60,1,,,
2026-08-30 00:52:07,autoscaler,customdas-cpu-queue-autoscaler-currencyservice,2,60,1,,,
2026-08-30 00:52:07,autoscaler,customdas-cpu-queue-autoscaler-emailservice,3,60,1,,,
2026-08-30 00:52:07,autoscaler,customdas-cpu-queue-autoscaler-frontend,6,60,1,,,
2026-08-30 00:52:07,autoscaler,customdas-cpu-queue-autoscaler-paymentservice,2,60,1,,,
2026-08-30 00:52:07,autoscaler,customdas-cpu-queue-autoscaler-productcatalogservice,5,60,1,,,
2026-08-30 00:52:07,autoscaler,customdas-cpu-queue-autoscaler-recommendationservice,4,60,1,,,
2026-08-30 00:52:07,autoscaler,customdas-cpu-queue-autoscaler-shippingservice,3,60,1,,,
2026-08-30 00:52:07,node,ze-master-node,2477,4254,,61.9,53.6,
2026-08-30 00:52:07,node,ze-worker-node,2658,1940,,66.5,24.4,
2026-08-30 00:52:18,deployment,adservice,54,94,1,,,
2026-08-30 00:52:18,deployment,cartservice,207,80,2,,,
2026-08-30 00:52:18,deployment,checkoutservice,44,21,2,,,
2026-08-30 00:52:18,deployment,currencyservice,393,120,3,,,
2026-08-30 00:52:18,deployment,emailservice,18,40,1,,,
2026-08-30 00:52:18,deployment,frontend,697,88,7,,,
2026-08-30 00:52:18,http_p95_latency,frontend,,,,,,238.6
2026-08-30 00:52:18,deployment,paymentservice,10,33,1,,,
2026-08-30 00:52:18,deployment,productcatalogservice,370,41,5,,,
2026-08-30 00:52:18,deployment,recommendationservice,246,125,3,,,
2026-08-30 00:52:18,deployment,redis-cart,46,32,1,,,
2026-08-30 00:52:18,deployment,shippingservice,39,16,2,,,
2026-08-30 00:52:18,autoscaler,customdas-cpu-queue-autoscaler-adservice,3,60,1,,,
2026-08-30 00:52:18,autoscaler,customdas-cpu-queue-autoscaler-cartservice,3,60,1,,,
2026-08-30 00:52:18,autoscaler,customdas-cpu-queue-autoscaler-checkoutservice,4,60,1,,,
2026-08-30 00:52:18,autoscaler,customdas-cpu-queue-autoscaler-currencyservice,3,60,1,,,
2026-08-30 00:52:18,autoscaler,customdas-cpu-queue-autoscaler-emailservice,5,60,1,,,
2026-08-30 00:52:18,autoscaler,customdas-cpu-queue-autoscaler-frontend,8,60,1,,,
2026-08-30 00:52:18,autoscaler,customdas-cpu-queue-autoscaler-paymentservice,3,60,1,,,
2026-08-30 00:52:18,autoscaler,customdas-cpu-queue-autoscaler-productcatalogservice,2,60,1,,,
2026-08-30 00:52:18,autoscaler,customdas-cpu-queue-autoscaler-recommendationservice,3,60,1,,,
2026-08-30 00:52:18,autoscaler,customdas-cpu-queue-autoscaler-shippingservice,3,60,1,,,
2026-08-30 00:52:18,node,ze-master-node,2600,4256,,65.0,53.6,
2026-08-30 00:52:18,node,ze-worker-node,2755,1941,,68.9,24.4,
2026-08-30 00:52:27,deployment,adservice,54,94,1,,,
2026-08-30 00:52:27,deployment,cartservice,221,80,2,,,
2026-08-30 00:52:27,deployment,checkoutservice,44,21,2,,,
2026-08-30 00:52:27,deployment,currencyservice,393,120,3,,,
2026-08-30 00:52:27,deployment,emailservice,18,40,1,,,
2026-08-30 00:52:27,deployment,frontend,697,88,8,,,
2026-08-30 00:52:27,http_p95_latency,frontend,,,,,,235.4
2026-08-30 00:52:27,deployment,paymentservice,10,33,1,,,
2026-08-30 00:52:27,deployment,productcatalogservice,370,41,6,,,
2026-08-30 00:52:27,deployment,recommendationservice,246,125,3,,,
2026-08-30 00:52:27,deployment,redis-cart,46,32,1,,,
2026-08-30 00:52:27,deployment,shippingservice,39,16,2,,,
2026-08-30 00:52:27,autoscaler,customdas-cpu-queue-autoscaler-adservice,3,60,1,,,
2026-08-30 00:52:27,autoscaler,customdas-cpu-queue-autoscaler-cartservice,3,60,1,,,
2026-08-30 00:52:27,autoscaler,customdas-cpu-queue-autoscaler-checkoutservice,4,60,1,,,
2026-08-30 00:52:27,autoscaler,customdas-cpu-queue-autoscaler-currencyservice,3,60,1,,,
2026-08-30 00:52:27,autoscaler,customdas-cpu-queue-autoscaler-emailservice,5,60,1,,,
2026-08-30 00:52:27,autoscaler,customdas-cpu-queue-autoscaler-frontend,8,60,1,,,
2026-08-30 00:52:27,autoscaler,customdas-cpu-queue-autoscaler-paymentservice,3,60,1,,,
2026-08-30 00:52:27,autoscaler,customdas-cpu-queue-autoscaler-productcatalogservice,2,60,1,,,
2026-08-30 00:52:27,autoscaler,customdas-cpu-queue-autoscaler-recommendationservice,3,60,1,,,
2026-08-30 00:52:27,autoscaler,customdas-cpu-queue-autoscaler-shippingservice,3,60,1,,,
2026-08-30 00:52:27,node,ze-master-node,2600,4256,,65.0,53.6,
2026-08-30 00:52:27,node,ze-worker-node,2755,1941,,68.9,24.4,
2026-08-30 00:52:34,deployment,adservice,55,94,1,,,
2026-08-30 00:52:34,deployment,cartservice,198,80,2,,,
2026-08-30 00:52:34,deployment,checkoutservice,46,21,2,,,
2026-08-30 00:52:34,deployment,currencyservice,357,125,3,,,
2026-08-30 00:52:34,deployment,emailservice,13,40,1,,,
2026-08-30 00:52:34,deployment,frontend,700,94,8,,,
2026-08-30 00:52:34,http_p95_latency,frontend,,,,,,235.4
2026-08-30 00:52:34,deployment,paymentservice,10,32,1,,,
2026-08-30 00:52:34,deployment,productcatalogservice,363,41,6,,,
2026-08-30 00:52:34,deployment,recommendationservice,251,125,3,,,
2026-08-30 00:52:34,deployment,redis-cart,17,32,1,,,
2026-08-30 00:52:34,deployment,shippingservice,44,16,2,,,
2026-08-30 00:52:34,autoscaler,customdas-cpu-queue-autoscaler-adservice,4,60,1,,,
2026-08-30 00:52:34,autoscaler,customdas-cpu-queue-autoscaler-cartservice,3,60,1,,,
2026-08-30 00:52:34,autoscaler,customdas-cpu-queue-autoscaler-checkoutservice,3,60,1,,,
2026-08-30 00:52:34,autoscaler,customdas-cpu-queue-autoscaler-currencyservice,4,60,1,,,
2026-08-30 00:52:34,autoscaler,customdas-cpu-queue-autoscaler-emailservice,2,60,1,,,
2026-08-30 00:52:34,autoscaler,customdas-cpu-queue-autoscaler-frontend,6,60,1,,,
2026-08-30 00:52:34,autoscaler,customdas-cpu-queue-autoscaler-paymentservice,4,60,1,,,
2026-08-30 00:52:34,autoscaler,customdas-cpu-queue-autoscaler-productcatalogservice,5,60,1,,,
2026-08-30 00:52:34,autoscaler,customdas-cpu-queue-autoscaler-recommendationservice,3,60,1,,,
2026-08-30 00:52:34,autoscaler,customdas-cpu-queue-autoscaler-shippingservice,4,60,1,,,
2026-08-30 00:52:34,node,ze-master-node,2675,4297,,66.9,54.1,
2026-08-30 00:52:34,node,ze-worker-node,2787,1949,,69.7,24.5,
2026-08-30 00:52:43,deployment,adservice,55,94,1,,,
2026-08-30 00:52:43,deployment,cartservice,198,80,2,,,
2026-08-30 00:52:43,deployment,checkoutservice,46,21,2,,,
2026-08-30 00:52:43,deployment,currencyservice,357,125,3,,,
2026-08-30 00:52:43,deployment,emailservice,13,40,1,,,
2026-08-30 00:52:43,deployment,frontend,700,94,9,,,
2026-08-30 00:52:43,http_p95_latency,frontend,,,,,,217.5
2026-08-30 00:52:43,deployment,paymentservice,10,32,1,,,
2026-08-30 00:52:43,deployment,productcatalogservice,363,41,6,,,
2026-08-30 00:52:43,deployment,recommendationservice,251,125,3,,,
2026-08-30 00:52:43,deployment,redis-cart,17,32,1,,,
2026-08-30 00:52:43,deployment,shippingservice,44,16,2,,,
2026-08-30 00:52:43,autoscaler,customdas-cpu-queue-autoscaler-adservice,4,60,1,,,
2026-08-30 00:52:43,autoscaler,customdas-cpu-queue-autoscaler-cartservice,3,60,1,,,
2026-08-30 00:52:43,autoscaler,customdas-cpu-queue-autoscaler-checkoutservice,3,60,1,,,
2026-08-30 00:52:43,autoscaler,customdas-cpu-queue-autoscaler-currencyservice,4,60,1,,,
2026-08-30 00:52:43,autoscaler,customdas-cpu-queue-autoscaler-emailservice,2,60,1,,,
2026-08-30 00:52:43,autoscaler,customdas-cpu-queue-autoscaler-frontend,6,60,1,,,
2026-08-30 00:52:43,autoscaler,customdas-cpu-queue-autoscaler-paymentservice,4,60,1,,,
2026-08-30 00:52:43,autoscaler,customdas-cpu-queue-autoscaler-productcatalogservice,5,60,1,,,
2026-08-30 00:52:43,autoscaler,customdas-cpu-queue-autoscaler-recommendationservice,3,60,1,,,
2026-08-30 00:52:43,autoscaler,customdas-cpu-queue-autoscaler-shippingservice,4,60,1,,,
2026-08-30 00:52:43,node,ze-master-node,2675,4297,,66.9,54.1,
2026-08-30 00:52:43,node,ze-worker-node,2787,1949,,69.7,24.5,
2026-08-30 00:52:52,deployment,adservice,53,94,1,,,
2026-08-30 00:52:52,deployment,cartservice,181,80,2,,,
2026-08-30 00:52:52,deployment,checkoutservice,38,22,2,,,
2026-08-30 00:52:52,deployment,currencyservice,385,137,3,,,
2026-08-30 00:52:52,deployment,emailservice,14,40,1,,,
2026-08-30 00:52:52,deployment,frontend,739,98,9,,,
2026-08-30 00:52:52,http_p95_latency,frontend,,,,,,217.5
2026-08-30 00:52:52,deployment,paymentservice,10,32,1,,,
2026-08-30 00:52:52,deployment,productcatalogservice,373,49,6,,,
2026-08-30 00:52:52,deployment,recommendationservice,240,125,3,,,
2026-08-30 00:52:52,deployment,redis-cart,17,32,1,,,
2026-08-30 00:52:52,deployment,shippingservice,37,16,2,,,
2026-08-30 00:52:52,autoscaler,customdas-cpu-queue-autoscaler-adservice,5,60,1,,,
2026-08-30 00:52:52,autoscaler,customdas-cpu-queue-autoscaler-cartservice,3,60,1,,,
2026-08-30 00:52:52,autoscaler,customdas-cpu-queue-autoscaler-checkoutservice,3,60,1,,,
2026-08-30 00:52:52,autoscaler,customdas-cpu-queue-autoscaler-currencyservice,4,60,1,,,
2026-08-30 00:52:52,autoscaler,customdas-cpu-queue-autoscaler-emailservice,2,60,1,,,
2026-08-30 00:52:52,autoscaler,customdas-cpu-queue-autoscaler-frontend,5,60,1,,,
2026-08-30 00:52:52,autoscaler,customdas-cpu-queue-autoscaler-paymentservice,5,60,1,,,
2026-08-30 00:52:52,autoscaler,customdas-cpu-queue-autoscaler-productcatalogservice,5,60,1,,,
2026-08-30 00:52:52,autoscaler,customdas-cpu-queue-autoscaler-recommendationservice,0,60,1,,,
2026-08-30 00:52:52,autoscaler,customdas-cpu-queue-autoscaler-shippingservice,0,60,1,,,
2026-08-30 00:52:52,node,ze-master-node,2706,4304,,67.7,54.2,
2026-08-30 00:52:52,node,ze-worker-node,2685,1956,,67.1,24.6,
2026-08-30 00:53:02,deployment,adservice,53,94,1,,,
2026-08-30 00:53:02,deployment,cartservice,181,80,2,,,
2026-08-30 00:53:02,deployment,checkoutservice,38,22,2,,,
2026-08-30 00:53:02,deployment,currencyservice,385,137,3,,,
2026-08-30 00:53:02,deployment,emailservice,14,40,1,,,
2026-08-30 00:53:02,deployment,frontend,739,98,9,,,
2026-08-30 00:53:02,http_p95_latency,frontend,,,,,,237.8
2026-08-30 00:53:02,deployment,paymentservice,11,33,1,,,
2026-08-30 00:53:02,deployment,productcatalogservice,401,49,6,,,
2026-08-30 00:53:02,deployment,recommendationservice,266,126,3,,,
2026-08-30 00:53:02,deployment,redis-cart,17,32,1,,,
2026-08-30 00:53:02,deployment,shippingservice,45,16,2,,,
2026-08-30 00:53:02,autoscaler,customdas-cpu-queue-autoscaler-adservice,0,60,1,,,
2026-08-30 00:53:02,autoscaler,customdas-cpu-queue-autoscaler-cartservice,4,60,1,,,
2026-08-30 00:53:02,autoscaler,customdas-cpu-queue-autoscaler-checkoutservice,4,60,1,,,
2026-08-30 00:53:02,autoscaler,customdas-cpu-queue-autoscaler-currencyservice,3,60,1,,,
2026-08-30 00:53:02,autoscaler,customdas-cpu-queue-autoscaler-emailservice,3,60,1,,,
2026-08-30 00:53:02,autoscaler,customdas-cpu-queue-autoscaler-frontend,5,60,1,,,
2026-08-30 00:53:02,autoscaler,customdas-cpu-queue-autoscaler-paymentservice,0,60,1,,,
2026-08-30 00:53:02,autoscaler,customdas-cpu-queue-autoscaler-productcatalogservice,4,60,1,,,
2026-08-30 00:53:02,autoscaler,customdas-cpu-queue-autoscaler-recommendationservice,0,60,1,,,
2026-08-30 00:53:02,autoscaler,customdas-cpu-queue-autoscaler-shippingservice,3,60,1,,,
2026-08-30 00:53:02,node,ze-master-node,2749,4310,,68.7,54.3,
2026-08-30 00:53:02,node,ze-worker-node,2764,1966,,69.1,24.8,
2026-08-30 00:53:12,deployment,adservice,57,94,1,,,
2026-08-30 00:53:12,deployment,cartservice,180,81,2,,,
2026-08-30 00:53:12,deployment,checkoutservice,46,22,2,,,
2026-08-30 00:53:12,deployment,currencyservice,355,148,3,,,
2026-08-30 00:53:12,deployment,emailservice,17,40,1,,,
2026-08-30 00:53:12,deployment,frontend,783,107,9,,,
2026-08-30 00:53:12,http_p95_latency,frontend,,,,,,235.8
2026-08-30 00:53:12,deployment,paymentservice,11,33,1,,,
2026-08-30 00:53:12,deployment,productcatalogservice,401,49,6,,,
2026-08-30 00:53:12,deployment,recommendationservice,266,126,3,,,
2026-08-30 00:53:12,deployment,redis-cart,17,32,1,,,
2026-08-30 00:53:12,deployment,shippingservice,45,16,2,,,
2026-08-30 00:53:12,autoscaler,customdas-cpu-queue-autoscaler-adservice,0,60,1,,,
2026-08-30 00:53:12,autoscaler,customdas-cpu-queue-autoscaler-cartservice,4,60,1,,,
2026-08-30 00:53:12,autoscaler,customdas-cpu-queue-autoscaler-checkoutservice,4,60,1,,,
2026-08-30 00:53:12,autoscaler,customdas-cpu-queue-autoscaler-currencyservice,3,60,1,,,
2026-08-30 00:53:12,autoscaler,customdas-cpu-queue-autoscaler-emailservice,3,60,1,,,
2026-08-30 00:53:12,autoscaler,customdas-cpu-queue-autoscaler-frontend,5,60,1,,,
2026-08-30 00:53:12,autoscaler,customdas-cpu-queue-autoscaler-paymentservice,0,60,1,,,
2026-08-30 00:53:12,autoscaler,customdas-cpu-queue-autoscaler-productcatalogservice,4,60,1,,,
2026-08-30 00:53:12,autoscaler,customdas-cpu-queue-autoscaler-recommendationservice,0,60,1,,,
2026-08-30 00:53:12,autoscaler,customdas-cpu-queue-autoscaler-shippingservice,3,60,1,,,
2026-08-30 00:53:12,node,ze-master-node,2749,4310,,68.7,54.3,
2026-08-30 00:53:12,node,ze-worker-node,2764,1966,,69.1,24.8,
2026-08-30 00:53:20,deployment,adservice,56,94,1,,,
2026-08-30 00:53:20,deployment,cartservice,198,81,2,,,
2026-08-30 00:53:20,deployment,checkoutservice,48,22,2,,,
2026-08-30 00:53:20,deployment,currencyservice,373,154,3,,,
2026-08-30 00:53:20,deployment,emailservice,17,40,1,,,
2026-08-30 00:53:20,deployment,frontend,797,110,9,,,
2026-08-30 00:53:20,http_p95_latency,frontend,,,,,,235.8
2026-08-30 00:53:20,deployment,paymentservice,11,33,1,,,
2026-08-30 00:53:20,deployment,productcatalogservice,419,50,6,,,
2026-08-30 00:53:20,deployment,recommendationservice,276,126,3,,,
2026-08-30 00:53:20,deployment,redis-cart,18,32,1,,,
2026-08-30 00:53:20,deployment,shippingservice,47,16,2,,,
2026-08-30 00:53:20,autoscaler,customdas-cpu-queue-autoscaler-adservice,3,60,1,,,
2026-08-30 00:53:20,autoscaler,customdas-cpu-queue-autoscaler-cartservice,3,60,1,,,
2026-08-30 00:53:20,autoscaler,customdas-cpu-queue-autoscaler-checkoutservice,3,60,1,,,
2026-08-30 00:53:20,autoscaler,customdas-cpu-queue-autoscaler-currencyservice,3,60,1,,,
2026-08-30 00:53:20,autoscaler,customdas-cpu-queue-autoscaler-emailservice,3,60,1,,,
2026-08-30 00:53:20,autoscaler,customdas-cpu-queue-autoscaler-frontend,10,60,1,,,
2026-08-30 00:53:20,autoscaler,customdas-cpu-queue-autoscaler-paymentservice,5,60,1,,,
2026-08-30 00:53:20,autoscaler,customdas-cpu-queue-autoscaler-productcatalogservice,5,60,1,,,
2026-08-30 00:53:20,autoscaler,customdas-cpu-queue-autoscaler-recommendationservice,4,60,1,,,
2026-08-30 00:53:20,autoscaler,customdas-cpu-queue-autoscaler-shippingservice,3,60,1,,,
2026-08-30 00:53:20,node,ze-master-node,2875,4324,,71.9,54.5,
2026-08-30 00:53:20,node,ze-worker-node,2833,1972,,70.8,24.8,
2026-08-30 00:53:28,deployment,adservice,56,94,1,,,
2026-08-30 00:53:28,deployment,cartservice,198,81,2,,,
2026-08-30 00:53:28,deployment,checkoutservice,48,22,2,,,
2026-08-30 00:53:28,deployment,currencyservice,373,154,3,,,
2026-08-30 00:53:28,deployment,emailservice,17,40,1,,,
2026-08-30 00:53:28,deployment,frontend,797,110,9,,,
2026-08-30 00:53:28,http_p95_latency,frontend,,,,,,238.2
2026-08-30 00:53:28,deployment,paymentservice,11,33,1,,,
2026-08-30 00:53:28,deployment,productcatalogservice,419,50,6,,,
2026-08-30 00:53:28,deployment,recommendationservice,276,126,3,,,
2026-08-30 00:53:28,deployment,redis-cart,18,32,1,,,
2026-08-30 00:53:28,deployment,shippingservice,47,16,2,,,
2026-08-30 00:53:28,autoscaler,customdas-cpu-queue-autoscaler-adservice,3,60,1,,,
2026-08-30 00:53:28,autoscaler,customdas-cpu-queue-autoscaler-cartservice,3,60,1,,,
2026-08-30 00:53:28,autoscaler,customdas-cpu-queue-autoscaler-checkoutservice,3,60,1,,,
2026-08-30 00:53:28,autoscaler,customdas-cpu-queue-autoscaler-currencyservice,3,60,1,,,
2026-08-30 00:53:28,autoscaler,customdas-cpu-queue-autoscaler-emailservice,3,60,1,,,
2026-08-30 00:53:28,autoscaler,customdas-cpu-queue-autoscaler-frontend,10,60,1,,,
2026-08-30 00:53:28,autoscaler,customdas-cpu-queue-autoscaler-paymentservice,5,60,1,,,
2026-08-30 00:53:28,autoscaler,customdas-cpu-queue-autoscaler-productcatalogservice,5,60,1,,,
2026-08-30 00:53:28,autoscaler,customdas-cpu-queue-autoscaler-recommendationservice,4,60,1,,,
2026-08-30 00:53:28,autoscaler,customdas-cpu-queue-autoscaler-shippingservice,3,60,1,,,
2026-08-30 00:53:28,node,ze-master-node,2875,4324,,71.9,54.5,
2026-08-30 00:53:28,node,ze-worker-node,2833,1972,,70.8,24.8,
2026-08-30 00:53:36,deployment,adservice,62,94,1,,,
2026-08-30 00:53:36,deployment,cartservice,215,80,2,,,
2026-08-30 00:53:36,deployment,checkoutservice,52,21,2,,,
2026-08-30 00:53:36,deployment,currencyservice,363,159,3,,,
2026-08-30 00:53:36,deployment,emailservice,17,40,1,,,
2026-08-30 00:53:36,deployment,frontend,779,111,9,,,
2026-08-30 00:53:36,http_p95_latency,frontend,,,,,,238.2
2026-08-30 00:53:36,deployment,paymentservice,13,33,1,,,
2026-08-30 00:53:36,deployment,productcatalogservice,421,50,6,,,
2026-08-30 00:53:36,deployment,recommendationservice,279,126,3,,,
2026-08-30 00:53:36,deployment,redis-cart,18,32,1,,,
2026-08-30 00:53:36,deployment,shippingservice,45,16,2,,,
2026-08-30 00:53:36,autoscaler,customdas-cpu-queue-autoscaler-adservice,5,60,1,,,
2026-08-30 00:53:36,autoscaler,customdas-cpu-queue-autoscaler-cartservice,3,60,1,,,
2026-08-30 00:53:36,autoscaler,customdas-cpu-queue-autoscaler-checkoutservice,3,60,1,,,
2026-08-30 00:53:36,autoscaler,customdas-cpu-queue-autoscaler-currencyservice,4,60,1,,,
2026-08-30 00:53:36,autoscaler,customdas-cpu-queue-autoscaler-emailservice,2,60,1,,,
2026-08-30 00:53:36,autoscaler,customdas-cpu-queue-autoscaler-frontend,8,60,1,,,
2026-08-30 00:53:36,autoscaler,customdas-cpu-queue-autoscaler-paymentservice,0,60,1,,,
2026-08-30 00:53:36,autoscaler,customdas-cpu-queue-autoscaler-productcatalogservice,8,60,1,,,
2026-08-30 00:53:36,autoscaler,customdas-cpu-queue-autoscaler-recommendationservice,4,60,1,,,
2026-08-30 00:53:36,autoscaler,customdas-cpu-queue-autoscaler-shippingservice,5,60,1,,,
2026-08-30 00:53:36,node,ze-master-node,2835,4233,,70.9,53.3,
2026-08-30 00:53:36,node,ze-worker-node,2850,1965,,71.2,24.7,
2026-08-30 00:53:43,deployment,adservice,62,94,1,,,
2026-08-30 00:53:43,deployment,cartservice,215,80,2,,,
2026-08-30 00:53:43,deployment,checkoutservice,52,21,2,,,
2026-08-30 00:53:43,deployment,currencyservice,363,159,3,,,
2026-08-30 00:53:43,deployment,emailservice,17,40,1,,,
2026-08-30 00:53:43,deployment,frontend,779,111,9,,,
2026-08-30 00:53:43,http_p95_latency,frontend,,,,,,217.1
2026-08-30 00:53:43,deployment,paymentservice,13,33,1,,,
2026-08-30 00:53:43,deployment,productcatalogservice,421,50,6,,,
2026-08-30 00:53:43,deployment,recommendationservice,279,126,3,,,
2026-08-30 00:53:43,deployment,redis-cart,18,32,1,,,
2026-08-30 00:53:43,deployment,shippingservice,45,16,2,,,
2026-08-30 00:53:43,autoscaler,customdas-cpu-queue-autoscaler-adservice,5,60,1,,,
2026-08-30 00:53:43,autoscaler,customdas-cpu-queue-autoscaler-cartservice,3,60,1,,,
2026-08-30 00:53:43,autoscaler,customdas-cpu-queue-autoscaler-checkoutservice,3,60,1,,,
2026-08-30 00:53:43,autoscaler,customdas-cpu-queue-autoscaler-currencyservice,4,60,1,,,
2026-08-30 00:53:43,autoscaler,customdas-cpu-queue-autoscaler-emailservice,2,60,1,,,
2026-08-30 00:53:43,autoscaler,customdas-cpu-queue-autoscaler-frontend,8,60,1,,,
2026-08-30 00:53:43,autoscaler,customdas-cpu-queue-autoscaler-paymentservice,0,60,1,,,
2026-08-30 00:53:43,autoscaler,customdas-cpu-queue-autoscaler-productcatalogservice,8,60,1,,,
2026-08-30 00:53:43,autoscaler,customdas-cpu-queue-autoscaler-recommendationservice,4,60,1,,,
2026-08-30 00:53:43,autoscaler,customdas-cpu-queue-autoscaler-shippingservice,5,60,1,,,
2026-08-30 00:53:43,node,ze-master-node,2835,4233,,70.9,53.3,
2026-08-30 00:53:43,node,ze-worker-node,2850,1965,,71.2,24.7,
2026-08-30 00:53:52,deployment,adservice,58,94,1,,,
2026-08-30 00:53:52,deployment,cartservice,207,80,2,,,
2026-08-30 00:53:52,deployment,checkoutservice,50,21,2,,,
2026-08-30 00:53:52,deployment,currencyservice,359,162,3,,,
2026-08-30 00:53:52,deployment,emailservice,14,40,1,,,
2026-08-30 00:53:52,deployment,frontend,782,110,9,,,
2026-08-30 00:53:52,http_p95_latency,frontend,,,,,,217.1
2026-08-30 00:53:52,deployment,paymentservice,12,33,1,,,
2026-08-30 00:53:52,deployment,productcatalogservice,399,49,6,,,
2026-08-30 00:53:52,deployment,recommendationservice,262,126,3,,,
2026-08-30 00:53:52,deployment,redis-cart,20,32,1,,,
2026-08-30 00:53:52,deployment,shippingservice,39,16,2,,,
2026-08-30 00:53:52,autoscaler,customdas-cpu-queue-autoscaler-adservice,4,60,1,,,
2026-08-30 00:53:52,autoscaler,customdas-cpu-queue-autoscaler-cartservice,3,60,1,,,
2026-08-30 00:53:52,autoscaler,customdas-cpu-queue-autoscaler-checkoutservice,3,60,1,,,
2026-08-30 00:53:52,autoscaler,customdas-cpu-queue-autoscaler-currencyservice,3,60,1,,,
2026-08-30 00:53:52,autoscaler,customdas-cpu-queue-autoscaler-emailservice,3,60,1,,,
2026-08-30 00:53:52,autoscaler,customdas-cpu-queue-autoscaler-frontend,4,60,1,,,
2026-08-30 00:53:52,autoscaler,customdas-cpu-queue-autoscaler-paymentservice,6,60,1,,,
2026-08-30 00:53:52,autoscaler,customdas-cpu-queue-autoscaler-productcatalogservice,4,60,1,,,
2026-08-30 00:53:52,autoscaler,customdas-cpu-queue-autoscaler-recommendationservice,3,60,1,,,
2026-08-30 00:53:52,autoscaler,customdas-cpu-queue-autoscaler-shippingservice,0,60,1,,,
2026-08-30 00:53:52,node,ze-master-node,2710,4240,,67.8,53.4,
2026-08-30 00:53:52,node,ze-worker-node,2913,1965,,72.8,24.7,
2026-08-30 00:53:59,deployment,adservice,58,94,1,,,
2026-08-30 00:53:59,deployment,cartservice,207,80,2,,,
2026-08-30 00:53:59,deployment,checkoutservice,50,21,2,,,
2026-08-30 00:53:59,deployment,currencyservice,359,162,3,,,
2026-08-30 00:53:59,deployment,emailservice,14,40,1,,,
2026-08-30 00:53:59,deployment,frontend,782,110,9,,,
2026-08-30 00:53:59,http_p95_latency,frontend,,,,,,221.6
2026-08-30 00:53:59,deployment,paymentservice,12,33,1,,,
2026-08-30 00:53:59,deployment,productcatalogservice,399,49,6,,,
2026-08-30 00:53:59,deployment,recommendationservice,262,126,3,,,
2026-08-30 00:53:59,deployment,redis-cart,20,32,1,,,
2026-08-30 00:53:59,deployment,shippingservice,39,16,2,,,
2026-08-30 00:53:59,autoscaler,customdas-cpu-queue-autoscaler-adservice,4,60,1,,,
2026-08-30 00:53:59,autoscaler,customdas-cpu-queue-autoscaler-cartservice,3,60,1,,,
2026-08-30 00:53:59,autoscaler,customdas-cpu-queue-autoscaler-checkoutservice,3,60,1,,,
2026-08-30 00:53:59,autoscaler,customdas-cpu-queue-autoscaler-currencyservice,3,60,1,,,
2026-08-30 00:53:59,autoscaler,customdas-cpu-queue-autoscaler-emailservice,3,60,1,,,
2026-08-30 00:53:59,autoscaler,customdas-cpu-queue-autoscaler-frontend,4,60,1,,,
2026-08-30 00:53:59,autoscaler,customdas-cpu-queue-autoscaler-paymentservice,6,60,1,,,
2026-08-30 00:53:59,autoscaler,customdas-cpu-queue-autoscaler-productcatalogservice,4,60,1,,,
2026-08-30 00:53:59,autoscaler,customdas-cpu-queue-autoscaler-recommendationservice,3,60,1,,,
2026-08-30 00:53:59,autoscaler,customdas-cpu-queue-autoscaler-shippingservice,0,60,1,,,
2026-08-30 00:53:59,node,ze-master-node,2710,4240,,67.8,53.4,
2026-08-30 00:53:59,node,ze-worker-node,2913,1965,,72.8,24.7,
2026-08-30 00:54:07,deployment,adservice,57,94,1,,,
2026-08-30 00:54:07,deployment,cartservice,193,80,2,,,
2026-08-30 00:54:07,deployment,checkoutservice,45,21,2,,,
2026-08-30 00:54:07,deployment,currencyservice,354,145,3,,,
2026-08-30 00:54:07,deployment,emailservice,16,40,1,,,
2026-08-30 00:54:07,deployment,frontend,738,111,9,,,
2026-08-30 00:54:07,http_p95_latency,frontend,,,,,,221.6
2026-08-30 00:54:07,deployment,paymentservice,10,33,1,,,
2026-08-30 00:54:07,deployment,productcatalogservice,408,49,6,,,
2026-08-30 00:54:07,deployment,recommendationservice,258,126,3,,,
2026-08-30 00:54:07,deployment,redis-cart,20,32,1,,,
2026-08-30 00:54:07,deployment,shippingservice,44,16,2,,,
2026-08-30 00:54:07,autoscaler,customdas-cpu-queue-autoscaler-adservice,0,60,1,,,
2026-08-30 00:54:07,autoscaler,customdas-cpu-queue-autoscaler-cartservice,4,60,1,,,
2026-08-30 00:54:07,autoscaler,customdas-cpu-queue-autoscaler-checkoutservice,3,60,1,,,
2026-08-30 00:54:07,autoscaler,customdas-cpu-queue-autoscaler-currencyservice,3,60,1,,,
2026-08-30 00:54:07,autoscaler,customdas-cpu-queue-autoscaler-emailservice,0,60,1,,,
2026-08-30 00:54:07,autoscaler,customdas-cpu-queue-autoscaler-frontend,6,60,1,,,
2026-08-30 00:54:07,autoscaler,customdas-cpu-queue-autoscaler-paymentservice,3,60,1,,,
2026-08-30 00:54:07,autoscaler,customdas-cpu-queue-autoscaler-productcatalogservice,0,60,1,,,
2026-08-30 00:54:07,autoscaler,customdas-cpu-queue-autoscaler-recommendationservice,4,60,1,,,
2026-08-30 00:54:07,autoscaler,customdas-cpu-queue-autoscaler-shippingservice,4,60,1,,,
2026-08-30 00:54:07,node,ze-master-node,2638,4218,,66.0,53.1,
2026-08-30 00:54:07,node,ze-worker-node,2781,1964,,69.5,24.7,
2026-08-30 00:54:15,deployment,adservice,57,94,1,,,
2026-08-30 00:54:15,deployment,cartservice,193,80,2,,,
2026-08-30 00:54:15,deployment,checkoutservice,45,21,2,,,
2026-08-30 00:54:15,deployment,currencyservice,354,145,3,,,
2026-08-30 00:54:15,deployment,emailservice,16,40,1,,,
2026-08-30 00:54:15,deployment,frontend,738,111,9,,,
2026-08-30 00:54:15,http_p95_latency,frontend,,,,,,221.0
2026-08-30 00:54:15,deployment,paymentservice,10,33,1,,,
2026-08-30 00:54:15,deployment,productcatalogservice,408,49,6,,,
2026-08-30 00:54:15,deployment,recommendationservice,258,126,3,,,
2026-08-30 00:54:15,deployment,redis-cart,20,32,1,,,
2026-08-30 00:54:15,deployment,shippingservice,44,16,2,,,
2026-08-30 00:54:15,autoscaler,customdas-cpu-queue-autoscaler-adservice,0,60,1,,,
2026-08-30 00:54:15,autoscaler,customdas-cpu-queue-autoscaler-cartservice,4,60,1,,,
2026-08-30 00:54:15,autoscaler,customdas-cpu-queue-autoscaler-checkoutservice,3,60,1,,,
2026-08-30 00:54:15,autoscaler,customdas-cpu-queue-autoscaler-currencyservice,3,60,1,,,
2026-08-30 00:54:15,autoscaler,customdas-cpu-queue-autoscaler-emailservice,0,60,1,,,
2026-08-30 00:54:15,autoscaler,customdas-cpu-queue-autoscaler-frontend,6,60,1,,,
2026-08-30 00:54:15,autoscaler,customdas-cpu-queue-autoscaler-paymentservice,3,60,1,,,
2026-08-30 00:54:15,autoscaler,customdas-cpu-queue-autoscaler-productcatalogservice,0,60,1,,,
2026-08-30 00:54:15,autoscaler,customdas-cpu-queue-autoscaler-recommendationservice,3,60,1,,,
2026-08-30 00:54:15,autoscaler,customdas-cpu-queue-autoscaler-shippingservice,3,60,1,,,
2026-08-30 00:54:15,node,ze-master-node,2574,4228,,64.3,53.2,
2026-08-30 00:54:15,node,ze-worker-node,2740,1963,,68.5,24.7,
2026-08-30 00:54:24,deployment,adservice,53,94,1,,,
2026-08-30 00:54:24,deployment,cartservice,203,80,2,,,
2026-08-30 00:54:24,deployment,checkoutservice,42,21,2,,,
2026-08-30 00:54:24,deployment,currencyservice,354,152,3,,,
2026-08-30 00:54:24,deployment,emailservice,14,42,1,,,
2026-08-30 00:54:24,deployment,frontend,708,112,9,,,
2026-08-30 00:54:24,http_p95_latency,frontend,,,,,,221.0
2026-08-30 00:54:24,deployment,paymentservice,9,34,1,,,
2026-08-30 00:54:24,deployment,productcatalogservice,378,52,6,,,
2026-08-30 00:54:24,deployment,recommendationservice,243,126,3,,,
2026-08-30 00:54:24,deployment,redis-cart,28,32,1,,,
2026-08-30 00:54:24,deployment,shippingservice,41,16,2,,,
2026-08-30 00:54:24,autoscaler,customdas-cpu-queue-autoscaler-adservice,4,60,1,,,
2026-08-30 00:54:24,autoscaler,customdas-cpu-queue-autoscaler-cartservice,0,60,1,,,
2026-08-30 00:54:24,autoscaler,customdas-cpu-queue-autoscaler-checkoutservice,3,60,1,,,
2026-08-30 00:54:24,autoscaler,customdas-cpu-queue-autoscaler-currencyservice,4,60,1,,,
2026-08-30 00:54:24,autoscaler,customdas-cpu-queue-autoscaler-emailservice,3,60,1,,,
2026-08-30 00:54:24,autoscaler,customdas-cpu-queue-autoscaler-frontend,6,60,1,,,
2026-08-30 00:54:24,autoscaler,customdas-cpu-queue-autoscaler-paymentservice,4,60,1,,,
2026-08-30 00:54:24,autoscaler,customdas-cpu-queue-autoscaler-productcatalogservice,4,60,1,,,
2026-08-30 00:54:24,autoscaler,customdas-cpu-queue-autoscaler-recommendationservice,3,60,1,,,
2026-08-30 00:54:24,autoscaler,customdas-cpu-queue-autoscaler-shippingservice,3,60,1,,,
2026-08-30 00:54:24,node,ze-master-node,2574,4228,,64.3,53.2,
2026-08-30 00:54:24,node,ze-worker-node,2740,1963,,68.5,24.7,
2026-08-30 00:54:34,deployment,adservice,55,94,1,,,
2026-08-30 00:54:34,deployment,cartservice,188,80,2,,,
2026-08-30 00:54:34,deployment,checkoutservice,43,22,2,,,
2026-08-30 00:54:34,deployment,currencyservice,267,111,2,,,
2026-08-30 00:54:34,deployment,emailservice,15,40,1,,,
2026-08-30 00:54:34,deployment,frontend,724,110,9,,,
2026-08-30 00:54:34,http_p95_latency,frontend,,,,,,230.1
2026-08-30 00:54:34,deployment,paymentservice,10,34,1,,,
2026-08-30 00:54:34,deployment,productcatalogservice,387,51,6,,,
2026-08-30 00:54:34,deployment,recommendationservice,248,126,3,,,
2026-08-30 00:54:34,deployment,redis-cart,17,32,1,,,
2026-08-30 00:54:34,deployment,shippingservice,40,16,2,,,
2026-08-30 00:54:34,autoscaler,customdas-cpu-queue-autoscaler-adservice,3,60,1,,,
2026-08-30 00:54:34,autoscaler,customdas-cpu-queue-autoscaler-cartservice,4,60,1,,,
2026-08-30 00:54:34,autoscaler,customdas-cpu-queue-autoscaler-checkoutservice,2,60,1,,,
2026-08-30 00:54:34,autoscaler,customdas-cpu-queue-autoscaler-currencyservice,7,60,1,,,
2026-08-30 00:54:34,autoscaler,customdas-cpu-queue-autoscaler-emailservice,2,60,1,,,
2026-08-30 00:54:34,autoscaler,customdas-cpu-queue-autoscaler-frontend,6,60,1,,,
2026-08-30 00:54:34,autoscaler,customdas-cpu-queue-autoscaler-paymentservice,3,60,1,,,
2026-08-30 00:54:34,autoscaler,customdas-cpu-queue-autoscaler-productcatalogservice,5,60,1,,,
2026-08-30 00:54:34,autoscaler,customdas-cpu-queue-autoscaler-recommendationservice,3,60,1,,,
2026-08-30 00:54:34,autoscaler,customdas-cpu-queue-autoscaler-shippingservice,3,60,1,,,
2026-08-30 00:54:34,node,ze-master-node,2523,4228,,63.1,53.2,
2026-08-30 00:54:34,node,ze-worker-node,2731,1968,,68.3,24.8,
2026-08-30 00:54:43,deployment,adservice,55,94,1,,,
2026-08-30 00:54:43,deployment,cartservice,188,80,2,,,
2026-08-30 00:54:43,deployment,checkoutservice,43,22,2,,,
2026-08-30 00:54:43,deployment,currencyservice,267,111,2,,,
2026-08-30 00:54:43,deployment,emailservice,15,40,1,,,
2026-08-30 00:54:43,deployment,frontend,640,99,8,,,
2026-08-30 00:54:43,http_p95_latency,frontend,,,,,,221.5
2026-08-30 00:54:43,deployment,paymentservice,10,34,1,,,
2026-08-30 00:54:43,deployment,productcatalogservice,387,51,6,,,
2026-08-30 00:54:43,deployment,recommendationservice,248,126,3,,,
2026-08-30 00:54:43,deployment,redis-cart,17,32,1,,,
2026-08-30 00:54:43,deployment,shippingservice,40,16,2,,,
2026-08-30 00:54:43,autoscaler,customdas-cpu-queue-autoscaler-adservice,3,60,1,,,
2026-08-30 00:54:43,autoscaler,customdas-cpu-queue-autoscaler-cartservice,4,60,1,,,
2026-08-30 00:54:43,autoscaler,customdas-cpu-queue-autoscaler-checkoutservice,2,60,1,,,
2026-08-30 00:54:43,autoscaler,customdas-cpu-queue-autoscaler-currencyservice,7,60,1,,,
2026-08-30 00:54:43,autoscaler,customdas-cpu-queue-autoscaler-emailservice,2,60,1,,,
2026-08-30 00:54:43,autoscaler,customdas-cpu-queue-autoscaler-frontend,6,60,1,,,
2026-08-30 00:54:43,autoscaler,customdas-cpu-queue-autoscaler-paymentservice,3,60,1,,,
2026-08-30 00:54:43,autoscaler,customdas-cpu-queue-autoscaler-productcatalogservice,5,60,1,,,
2026-08-30 00:54:43,autoscaler,customdas-cpu-queue-autoscaler-recommendationservice,3,60,1,,,
2026-08-30 00:54:43,autoscaler,customdas-cpu-queue-autoscaler-shippingservice,3,60,1,,,
2026-08-30 00:54:43,node,ze-master-node,2523,4228,,63.1,53.2,
2026-08-30 00:54:43,node,ze-worker-node,2731,1968,,68.3,24.8,
2026-08-30 00:54:50,deployment,adservice,58,94,1,,,
2026-08-30 00:54:50,deployment,cartservice,206,80,2,,,
2026-08-30 00:54:50,deployment,checkoutservice,43,22,2,,,
2026-08-30 00:54:50,deployment,currencyservice,322,113,2,,,
2026-08-30 00:54:50,deployment,emailservice,15,40,1,,,
2026-08-30 00:54:50,deployment,frontend,666,101,8,,,
2026-08-30 00:54:50,http_p95_latency,frontend,,,,,,221.5
2026-08-30 00:54:50,deployment,paymentservice,13,31,1,,,
2026-08-30 00:54:50,deployment,productcatalogservice,399,49,6,,,
2026-08-30 00:54:50,deployment,recommendationservice,260,126,3,,,
2026-08-30 00:54:50,deployment,redis-cart,19,32,1,,,
2026-08-30 00:54:50,deployment,shippingservice,42,16,2,,,
2026-08-30 00:54:50,autoscaler,customdas-cpu-queue-autoscaler-adservice,4,60,1,,,
2026-08-30 00:54:50,autoscaler,customdas-cpu-queue-autoscaler-cartservice,3,60,1,,,
2026-08-30 00:54:50,autoscaler,customdas-cpu-queue-autoscaler-checkoutservice,3,60,1,,,
2026-08-30 00:54:50,autoscaler,customdas-cpu-queue-autoscaler-currencyservice,3,60,1,,,
2026-08-30 00:54:50,autoscaler,customdas-cpu-queue-autoscaler-emailservice,3,60,1,,,
2026-08-30 00:54:50,autoscaler,customdas-cpu-queue-autoscaler-frontend,6,60,1,,,
2026-08-30 00:54:50,autoscaler,customdas-cpu-queue-autoscaler-paymentservice,0,60,1,,,
2026-08-30 00:54:50,autoscaler,customdas-cpu-queue-autoscaler-productcatalogservice,5,60,1,,,
2026-08-30 00:54:50,autoscaler,customdas-cpu-queue-autoscaler-recommendationservice,5,60,1,,,
2026-08-30 00:54:50,autoscaler,customdas-cpu-queue-autoscaler-shippingservice,3,60,1,,,
2026-08-30 00:54:50,node,ze-master-node,2638,4181,,66.0,52.7,
2026-08-30 00:54:50,node,ze-worker-node,2946,1948,,73.7,24.5,
2026-08-30 00:54:57,deployment,adservice,58,94,1,,,
2026-08-30 00:54:57,deployment,cartservice,206,80,2,,,
2026-08-30 00:54:57,deployment,checkoutservice,43,22,2,,,
2026-08-30 00:54:57,deployment,currencyservice,322,113,2,,,
2026-08-30 00:54:57,deployment,emailservice,15,40,1,,,
2026-08-30 00:54:57,deployment,frontend,666,101,8,,,
2026-08-30 00:54:57,http_p95_latency,frontend,,,,,,237.1
2026-08-30 00:54:57,deployment,paymentservice,13,31,1,,,
2026-08-30 00:54:57,deployment,productcatalogservice,399,49,6,,,
2026-08-30 00:54:57,deployment,recommendationservice,260,126,3,,,
2026-08-30 00:54:57,deployment,redis-cart,19,32,1,,,
2026-08-30 00:54:57,deployment,shippingservice,42,16,2,,,
2026-08-30 00:54:57,autoscaler,customdas-cpu-queue-autoscaler-adservice,4,60,1,,,
2026-08-30 00:54:57,autoscaler,customdas-cpu-queue-autoscaler-cartservice,3,60,1,,,
2026-08-30 00:54:57,autoscaler,customdas-cpu-queue-autoscaler-checkoutservice,3,60,1,,,
2026-08-30 00:54:57,autoscaler,customdas-cpu-queue-autoscaler-currencyservice,3,60,1,,,
2026-08-30 00:54:57,autoscaler,customdas-cpu-queue-autoscaler-emailservice,3,60,1,,,
2026-08-30 00:54:57,autoscaler,customdas-cpu-queue-autoscaler-frontend,6,60,1,,,
2026-08-30 00:54:57,autoscaler,customdas-cpu-queue-autoscaler-paymentservice,0,60,1,,,
2026-08-30 00:54:57,autoscaler,customdas-cpu-queue-autoscaler-productcatalogservice,5,60,1,,,
2026-08-30 00:54:57,autoscaler,customdas-cpu-queue-autoscaler-recommendationservice,5,60,1,,,
2026-08-30 00:54:57,autoscaler,customdas-cpu-queue-autoscaler-shippingservice,3,60,1,,,
2026-08-30 00:54:57,node,ze-master-node,2638,4181,,66.0,52.7,
2026-08-30 00:54:57,node,ze-worker-node,2946,1948,,73.7,24.5,
2026-08-30 00:55:06,deployment,adservice,51,94,1,,,
2026-08-30 00:55:06,deployment,cartservice,166,80,2,,,
2026-08-30 00:55:06,deployment,checkoutservice,46,22,2,,,
2026-08-30 00:55:06,deployment,currencyservice,315,112,2,,,
2026-08-30 00:55:06,deployment,emailservice,14,40,1,,,
2026-08-30 00:55:06,deployment,frontend,687,99,8,,,
2026-08-30 00:55:06,http_p95_latency,frontend,,,,,,237.1
2026-08-30 00:55:06,deployment,paymentservice,9,30,1,,,
2026-08-30 00:55:06,deployment,productcatalogservice,373,51,6,,,
2026-08-30 00:55:06,deployment,recommendationservice,237,126,3,,,
2026-08-30 00:55:06,deployment,redis-cart,17,32,1,,,
2026-08-30 00:55:06,deployment,shippingservice,40,16,2,,,
2026-08-30 00:55:06,autoscaler,customdas-cpu-queue-autoscaler-adservice,9,60,1,,,
2026-08-30 00:55:06,autoscaler,customdas-cpu-queue-autoscaler-cartservice,2,60,1,,,
2026-08-30 00:55:06,autoscaler,customdas-cpu-queue-autoscaler-checkoutservice,2,60,1,,,
2026-08-30 00:55:06,autoscaler,customdas-cpu-queue-autoscaler-currencyservice,5,60,1,,,
2026-08-30 00:55:06,autoscaler,customdas-cpu-queue-autoscaler-emailservice,5,60,1,,,
2026-08-30 00:55:06,autoscaler,customdas-cpu-queue-autoscaler-frontend,7,60,1,,,
2026-08-30 00:55:06,autoscaler,customdas-cpu-queue-autoscaler-paymentservice,12,60,1,,,
2026-08-30 00:55:06,autoscaler,customdas-cpu-queue-autoscaler-productcatalogservice,7,60,1,,,
2026-08-30 00:55:06,autoscaler,customdas-cpu-queue-autoscaler-recommendationservice,2,60,1,,,
2026-08-30 00:55:06,autoscaler,customdas-cpu-queue-autoscaler-shippingservice,3,60,1,,,
2026-08-30 00:55:06,node,ze-master-node,2530,4179,,63.2,52.6,
2026-08-30 00:55:06,node,ze-worker-node,2613,1946,,65.3,24.5,
2026-08-30 00:55:14,deployment,adservice,51,94,1,,,
2026-08-30 00:55:14,deployment,cartservice,166,80,2,,,
2026-08-30 00:55:14,deployment,checkoutservice,46,22,2,,,
2026-08-30 00:55:14,deployment,currencyservice,315,112,2,,,
2026-08-30 00:55:14,deployment,emailservice,14,40,1,,,
2026-08-30 00:55:14,deployment,frontend,687,99,8,,,
2026-08-30 00:55:14,http_p95_latency,frontend,,,,,,225.4
2026-08-30 00:55:14,deployment,paymentservice,9,30,1,,,
2026-08-30 00:55:14,deployment,productcatalogservice,373,51,6,,,
2026-08-30 00:55:14,deployment,recommendationservice,237,126,3,,,
2026-08-30 00:55:14,deployment,redis-cart,17,32,1,,,
2026-08-30 00:55:14,deployment,shippingservice,40,16,2,,,
2026-08-30 00:55:14,autoscaler,customdas-cpu-queue-autoscaler-adservice,9,60,1,,,
2026-08-30 00:55:14,autoscaler,customdas-cpu-queue-autoscaler-cartservice,2,60,1,,,
2026-08-30 00:55:14,autoscaler,customdas-cpu-queue-autoscaler-checkoutservice,2,60,1,,,
2026-08-30 00:55:14,autoscaler,customdas-cpu-queue-autoscaler-currencyservice,5,60,1,,,
2026-08-30 00:55:14,autoscaler,customdas-cpu-queue-autoscaler-emailservice,5,60,1,,,
2026-08-30 00:55:14,autoscaler,customdas-cpu-queue-autoscaler-frontend,7,60,1,,,
2026-08-30 00:55:14,autoscaler,customdas-cpu-queue-autoscaler-paymentservice,12,60,1,,,
2026-08-30 00:55:14,autoscaler,customdas-cpu-queue-autoscaler-productcatalogservice,7,60,1,,,
2026-08-30 00:55:14,autoscaler,customdas-cpu-queue-autoscaler-recommendationservice,2,60,1,,,
2026-08-30 00:55:14,autoscaler,customdas-cpu-queue-autoscaler-shippingservice,3,60,1,,,
2026-08-30 00:55:14,node,ze-master-node,2530,4179,,63.2,52.6,
2026-08-30 00:55:14,node,ze-worker-node,2613,1946,,65.3,24.5,
2026-08-30 00:55:22,deployment,adservice,54,94,1,,,
2026-08-30 00:55:22,deployment,cartservice,199,80,2,,,
2026-08-30 00:55:22,deployment,checkoutservice,44,22,2,,,
2026-08-30 00:55:22,deployment,currencyservice,301,112,2,,,
2026-08-30 00:55:22,deployment,emailservice,15,40,1,,,
2026-08-30 00:55:22,deployment,frontend,664,100,8,,,
2026-08-30 00:55:22,http_p95_latency,frontend,,,,,,225.4
2026-08-30 00:55:22,deployment,paymentservice,9,31,1,,,
2026-08-30 00:55:22,deployment,productcatalogservice,378,50,6,,,
2026-08-30 00:55:22,deployment,recommendationservice,235,126,3,,,
2026-08-30 00:55:22,deployment,redis-cart,18,32,1,,,
2026-08-30 00:55:22,deployment,shippingservice,37,16,2,,,
2026-08-30 00:55:22,autoscaler,customdas-cpu-queue-autoscaler-adservice,5,60,1,,,
2026-08-30 00:55:22,autoscaler,customdas-cpu-queue-autoscaler-cartservice,3,60,1,,,
2026-08-30 00:55:22,autoscaler,customdas-cpu-queue-autoscaler-checkoutservice,2,60,1,,,
2026-08-30 00:55:22,autoscaler,customdas-cpu-queue-autoscaler-currencyservice,0,60,1,,,
2026-08-30 00:55:22,autoscaler,customdas-cpu-queue-autoscaler-emailservice,4,60,1,,,
2026-08-30 00:55:22,autoscaler,customdas-cpu-queue-autoscaler-frontend,5,60,1,,,
2026-08-30 00:55:22,autoscaler,customdas-cpu-queue-autoscaler-paymentservice,4,60,1,,,
2026-08-30 00:55:22,autoscaler,customdas-cpu-queue-autoscaler-productcatalogservice,5,60,1,,,
2026-08-30 00:55:22,autoscaler,customdas-cpu-queue-autoscaler-recommendationservice,2,60,1,,,
2026-08-30 00:55:22,autoscaler,customdas-cpu-queue-autoscaler-shippingservice,3,60,1,,,
2026-08-30 00:55:22,node,ze-master-node,2446,4180,,61.2,52.6,
2026-08-30 00:55:22,node,ze-worker-node,2646,1945,,66.1,24.5,
2026-08-30 00:55:29,deployment,adservice,54,94,1,,,
2026-08-30 00:55:29,deployment,cartservice,199,80,2,,,
2026-08-30 00:55:29,deployment,checkoutservice,44,22,2,,,
2026-08-30 00:55:29,deployment,currencyservice,301,112,2,,,
2026-08-30 00:55:29,deployment,emailservice,15,40,1,,,
2026-08-30 00:55:29,deployment,frontend,664,100,8,,,
2026-08-30 00:55:29,http_p95_latency,frontend,,,,,,225.5
2026-08-30 00:55:29,deployment,paymentservice,9,31,1,,,
2026-08-30 00:55:29,deployment,productcatalogservice,378,50,6,,,
2026-08-30 00:55:29,deployment,recommendationservice,235,126,3,,,
2026-08-30 00:55:29,deployment,redis-cart,18,32,1,,,
2026-08-30 00:55:29,deployment,shippingservice,37,16,2,,,
2026-08-30 00:55:29,autoscaler,customdas-cpu-queue-autoscaler-adservice,5,60,1,,,
2026-08-30 00:55:29,autoscaler,customdas-cpu-queue-autoscaler-cartservice,3,60,1,,,
2026-08-30 00:55:29,autoscaler,customdas-cpu-queue-autoscaler-checkoutservice,2,60,1,,,
2026-08-30 00:55:29,autoscaler,customdas-cpu-queue-autoscaler-currencyservice,0,60,1,,,
2026-08-30 00:55:29,autoscaler,customdas-cpu-queue-autoscaler-emailservice,4,60,1,,,
2026-08-30 00:55:29,autoscaler,customdas-cpu-queue-autoscaler-frontend,5,60,1,,,
2026-08-30 00:55:29,autoscaler,customdas-cpu-queue-autoscaler-paymentservice,4,60,1,,,
2026-08-30 00:55:29,autoscaler,customdas-cpu-queue-autoscaler-productcatalogservice,5,60,1,,,
2026-08-30 00:55:29,autoscaler,customdas-cpu-queue-autoscaler-recommendationservice,2,60,1,,,
2026-08-30 00:55:29,autoscaler,customdas-cpu-queue-autoscaler-shippingservice,3,60,1,,,
2026-08-30 00:55:29,node,ze-master-node,2446,4180,,61.2,52.6,
2026-08-30 00:55:29,node,ze-worker-node,2646,1945,,66.1,24.5,
2026-08-30 00:55:37,deployment,adservice,54,94,1,,,
2026-08-30 00:55:37,deployment,cartservice,176,80,2,,,
2026-08-30 00:55:37,deployment,checkoutservice,43,22,2,,,
2026-08-30 00:55:37,deployment,currencyservice,302,112,2,,,
2026-08-30 00:55:37,deployment,emailservice,15,40,1,,,
2026-08-30 00:55:37,deployment,frontend,667,100,8,,,
2026-08-30 00:55:37,http_p95_latency,frontend,,,,,,225.5
2026-08-30 00:55:37,deployment,paymentservice,9,31,1,,,
2026-08-30 00:55:37,deployment,productcatalogservice,369,49,6,,,
2026-08-30 00:55:37,deployment,recommendationservice,234,126,3,,,
2026-08-30 00:55:37,deployment,redis-cart,18,32,1,,,
2026-08-30 00:55:37,deployment,shippingservice,41,17,2,,,
2026-08-30 00:55:37,autoscaler,customdas-cpu-queue-autoscaler-adservice,4,60,1,,,
2026-08-30 00:55:37,autoscaler,customdas-cpu-queue-autoscaler-cartservice,2,60,1,,,
2026-08-30 00:55:37,autoscaler,customdas-cpu-queue-autoscaler-checkoutservice,2,60,1,,,
2026-08-30 00:55:37,autoscaler,customdas-cpu-queue-autoscaler-currencyservice,3,60,1,,,
2026-08-30 00:55:37,autoscaler,customdas-cpu-queue-autoscaler-emailservice,0,60,1,,,
2026-08-30 00:55:37,autoscaler,customdas-cpu-queue-autoscaler-frontend,7,60,1,,,
2026-08-30 00:55:37,autoscaler,customdas-cpu-queue-autoscaler-paymentservice,3,60,1,,,
2026-08-30 00:55:37,autoscaler,customdas-cpu-queue-autoscaler-productcatalogservice,6,60,1,,,
2026-08-30 00:55:37,autoscaler,customdas-cpu-queue-autoscaler-recommendationservice,3,60,1,,,
2026-08-30 00:55:37,autoscaler,customdas-cpu-queue-autoscaler-shippingservice,2,60,1,,,
2026-08-30 00:55:37,node,ze-master-node,2505,4180,,62.6,52.6,
2026-08-30 00:55:37,node,ze-worker-node,2648,1946,,66.2,24.5,
2026-08-30 00:55:45,deployment,adservice,54,94,1,,,
2026-08-30 00:55:45,deployment,cartservice,176,80,2,,,
2026-08-30 00:55:45,deployment,checkoutservice,43,22,2,,,
2026-08-30 00:55:45,deployment,currencyservice,302,112,2,,,
2026-08-30 00:55:45,deployment,emailservice,15,40,1,,,
2026-08-30 00:55:45,deployment,frontend,667,100,8,,,
2026-08-30 00:55:45,http_p95_latency,frontend,,,,,,186.8
2026-08-30 00:55:45,deployment,paymentservice,9,31,1,,,
2026-08-30 00:55:45,deployment,productcatalogservice,301,41,5,,,
2026-08-30 00:55:45,deployment,recommendationservice,234,126,3,,,
2026-08-30 00:55:45,deployment,redis-cart,18,32,1,,,
2026-08-30 00:55:45,deployment,shippingservice,41,17,2,,,
2026-08-30 00:55:45,autoscaler,customdas-cpu-queue-autoscaler-adservice,4,60,1,,,
2026-08-30 00:55:45,autoscaler,customdas-cpu-queue-autoscaler-cartservice,2,60,1,,,
2026-08-30 00:55:45,autoscaler,customdas-cpu-queue-autoscaler-checkoutservice,2,60,1,,,
2026-08-30 00:55:45,autoscaler,customdas-cpu-queue-autoscaler-currencyservice,3,60,1,,,
2026-08-30 00:55:45,autoscaler,customdas-cpu-queue-autoscaler-emailservice,0,60,1,,,
2026-08-30 00:55:45,autoscaler,customdas-cpu-queue-autoscaler-frontend,7,60,1,,,
2026-08-30 00:55:45,autoscaler,customdas-cpu-queue-autoscaler-paymentservice,3,60,1,,,
2026-08-30 00:55:45,autoscaler,customdas-cpu-queue-autoscaler-productcatalogservice,6,60,1,,,
2026-08-30 00:55:45,autoscaler,customdas-cpu-queue-autoscaler-recommendationservice,3,60,1,,,
2026-08-30 00:55:45,autoscaler,customdas-cpu-queue-autoscaler-shippingservice,2,60,1,,,
2026-08-30 00:55:45,node,ze-master-node,2505,4180,,62.6,52.6,
2026-08-30 00:55:45,node,ze-worker-node,2648,1946,,66.2,24.5,
2026-08-30 00:55:53,deployment,adservice,51,94,1,,,
2026-08-30 00:55:53,deployment,cartservice,173,80,2,,,
2026-08-30 00:55:53,deployment,checkoutservice,42,22,2,,,
2026-08-30 00:55:53,deployment,currencyservice,307,112,2,,,
2026-08-30 00:55:53,deployment,emailservice,16,40,1,,,
2026-08-30 00:55:53,deployment,frontend,675,100,8,,,
2026-08-30 00:55:53,http_p95_latency,frontend,,,,,,186.8
2026-08-30 00:55:53,deployment,paymentservice,11,31,1,,,
2026-08-30 00:55:53,deployment,productcatalogservice,302,42,5,,,
2026-08-30 00:55:53,deployment,recommendationservice,229,126,3,,,
2026-08-30 00:55:53,deployment,redis-cart,18,32,1,,,
2026-08-30 00:55:53,deployment,shippingservice,39,16,2,,,
2026-08-30 00:55:53,autoscaler,customdas-cpu-queue-autoscaler-adservice,4,60,1,,,
2026-08-30 00:55:53,autoscaler,customdas-cpu-queue-autoscaler-cartservice,3,60,1,,,
2026-08-30 00:55:53,autoscaler,customdas-cpu-queue-autoscaler-checkoutservice,7,60,1,,,
2026-08-30 00:55:53,autoscaler,customdas-cpu-queue-autoscaler-currencyservice,3,60,1,,,
2026-08-30 00:55:53,autoscaler,customdas-cpu-queue-autoscaler-emailservice,3,60,1,,,
2026-08-30 00:55:53,autoscaler,customdas-cpu-queue-autoscaler-frontend,7,60,1,,,
2026-08-30 00:55:53,autoscaler,customdas-cpu-queue-autoscaler-paymentservice,3,60,1,,,
2026-08-30 00:55:53,autoscaler,customdas-cpu-queue-autoscaler-productcatalogservice,6,60,1,,,
2026-08-30 00:55:53,autoscaler,customdas-cpu-queue-autoscaler-recommendationservice,9,60,1,,,
2026-08-30 00:55:53,autoscaler,customdas-cpu-queue-autoscaler-shippingservice,3,60,1,,,
2026-08-30 00:55:53,node,ze-master-node,2548,4181,,63.7,52.7,
2026-08-30 00:55:53,node,ze-worker-node,2592,1927,,64.8,24.3,
2026-08-30 00:56:00,deployment,adservice,51,94,1,,,
2026-08-30 00:56:00,deployment,cartservice,173,80,2,,,
2026-08-30 00:56:00,deployment,checkoutservice,42,22,2,,,
2026-08-30 00:56:00,deployment,currencyservice,307,112,2,,,
2026-08-30 00:56:00,deployment,emailservice,16,40,1,,,
2026-08-30 00:56:00,deployment,frontend,675,100,8,,,
2026-08-30 00:56:00,http_p95_latency,frontend,,,,,,208.8
2026-08-30 00:56:00,deployment,paymentservice,11,31,1,,,
2026-08-30 00:56:00,deployment,productcatalogservice,302,42,5,,,
2026-08-30 00:56:00,deployment,recommendationservice,159,86,2,,,
2026-08-30 00:56:00,deployment,redis-cart,18,32,1,,,
2026-08-30 00:56:00,deployment,shippingservice,39,16,2,,,
2026-08-30 00:56:00,autoscaler,customdas-cpu-queue-autoscaler-adservice,4,60,1,,,
2026-08-30 00:56:00,autoscaler,customdas-cpu-queue-autoscaler-cartservice,3,60,1,,,
2026-08-30 00:56:00,autoscaler,customdas-cpu-queue-autoscaler-checkoutservice,7,60,1,,,
2026-08-30 00:56:00,autoscaler,customdas-cpu-queue-autoscaler-currencyservice,3,60,1,,,
2026-08-30 00:56:00,autoscaler,customdas-cpu-queue-autoscaler-emailservice,3,60,1,,,
2026-08-30 00:56:00,autoscaler,customdas-cpu-queue-autoscaler-frontend,7,60,1,,,
2026-08-30 00:56:00,autoscaler,customdas-cpu-queue-autoscaler-paymentservice,3,60,1,,,
2026-08-30 00:56:00,autoscaler,customdas-cpu-queue-autoscaler-productcatalogservice,6,60,1,,,
2026-08-30 00:56:00,autoscaler,customdas-cpu-queue-autoscaler-recommendationservice,9,60,1,,,
2026-08-30 00:56:00,autoscaler,customdas-cpu-queue-autoscaler-shippingservice,3,60,1,,,
2026-08-30 00:56:00,node,ze-master-node,2548,4181,,63.7,52.7,
2026-08-30 00:56:00,node,ze-worker-node,2592,1927,,64.8,24.3,
2026-08-30 00:56:07,deployment,adservice,50,94,1,,,
2026-08-30 00:56:07,deployment,cartservice,197,80,2,,,
2026-08-30 00:56:07,deployment,checkoutservice,39,22,2,,,
2026-08-30 00:56:07,deployment,currencyservice,287,112,2,,,
2026-08-30 00:56:07,deployment,emailservice,13,40,1,,,
2026-08-30 00:56:07,deployment,frontend,630,100,8,,,
2026-08-30 00:56:07,http_p95_latency,frontend,,,,,,208.8
2026-08-30 00:56:07,deployment,paymentservice,9,31,1,,,
2026-08-30 00:56:07,deployment,productcatalogservice,319,41,5,,,
2026-08-30 00:56:07,deployment,recommendationservice,163,86,2,,,
2026-08-30 00:56:07,deployment,redis-cart,16,32,1,,,
2026-08-30 00:56:07,deployment,shippingservice,37,16,2,,,
2026-08-30 00:56:07,autoscaler,customdas-cpu-queue-autoscaler-adservice,0,60,1,,,
2026-08-30 00:56:07,autoscaler,customdas-cpu-queue-autoscaler-cartservice,4,60,1,,,
2026-08-30 00:56:07,autoscaler,customdas-cpu-queue-autoscaler-checkoutservice,4,60,1,,,
2026-08-30 00:56:07,autoscaler,customdas-cpu-queue-autoscaler-currencyservice,3,60,1,,,
2026-08-30 00:56:07,autoscaler,customdas-cpu-queue-autoscaler-emailservice,3,60,1,,,
2026-08-30 00:56:07,autoscaler,customdas-cpu-queue-autoscaler-frontend,5,60,1,,,
2026-08-30 00:56:07,autoscaler,customdas-cpu-queue-autoscaler-paymentservice,4,60,1,,,
2026-08-30 00:56:07,autoscaler,customdas-cpu-queue-autoscaler-productcatalogservice,5,60,1,,,
2026-08-30 00:56:07,autoscaler,customdas-cpu-queue-autoscaler-recommendationservice,5,60,1,,,
2026-08-30 00:56:07,autoscaler,customdas-cpu-queue-autoscaler-shippingservice,4,60,1,,,
2026-08-30 00:56:07,node,ze-master-node,2475,4183,,61.9,52.7,
2026-08-30 00:56:07,node,ze-worker-node,2454,1929,,61.4,24.3,
2026-08-30 00:56:16,deployment,adservice,50,94,1,,,
2026-08-30 00:56:16,deployment,cartservice,197,80,2,,,
2026-08-30 00:56:16,deployment,checkoutservice,39,22,2,,,
2026-08-30 00:56:16,deployment,currencyservice,287,112,2,,,
2026-08-30 00:56:16,deployment,emailservice,13,40,1,,,
2026-08-30 00:56:16,deployment,frontend,630,100,8,,,
2026-08-30 00:56:16,http_p95_latency,frontend,,,,,,209.5
2026-08-30 00:56:16,deployment,paymentservice,9,31,1,,,
2026-08-30 00:56:16,deployment,productcatalogservice,319,41,5,,,
2026-08-30 00:56:16,deployment,recommendationservice,163,86,2,,,
2026-08-30 00:56:16,deployment,redis-cart,16,32,1,,,
2026-08-30 00:56:16,deployment,shippingservice,37,16,2,,,
2026-08-30 00:56:16,autoscaler,customdas-cpu-queue-autoscaler-adservice,0,60,1,,,
2026-08-30 00:56:16,autoscaler,customdas-cpu-queue-autoscaler-cartservice,4,60,1,,,
2026-08-30 00:56:16,autoscaler,customdas-cpu-queue-autoscaler-checkoutservice,4,60,1,,,
2026-08-30 00:56:16,autoscaler,customdas-cpu-queue-autoscaler-currencyservice,3,60,1,,,
2026-08-30 00:56:16,autoscaler,customdas-cpu-queue-autoscaler-emailservice,3,60,1,,,
2026-08-30 00:56:16,autoscaler,customdas-cpu-queue-autoscaler-frontend,5,60,1,,,
2026-08-30 00:56:16,autoscaler,customdas-cpu-queue-autoscaler-paymentservice,4,60,1,,,
2026-08-30 00:56:16,autoscaler,customdas-cpu-queue-autoscaler-productcatalogservice,4,60,1,,,
2026-08-30 00:56:16,autoscaler,customdas-cpu-queue-autoscaler-recommendationservice,3,60,1,,,
2026-08-30 00:56:16,autoscaler,customdas-cpu-queue-autoscaler-shippingservice,2,60,1,,,
2026-08-30 00:56:16,node,ze-master-node,2447,4141,,61.2,52.1,
2026-08-30 00:56:16,node,ze-worker-node,2460,1930,,61.5,24.3,
2026-08-30 00:56:25,deployment,adservice,50,94,1,,,
2026-08-30 00:56:25,deployment,cartservice,187,80,2,,,
2026-08-30 00:56:25,deployment,checkoutservice,41,22,2,,,
2026-08-30 00:56:25,deployment,currencyservice,283,113,2,,,
2026-08-30 00:56:25,deployment,emailservice,17,42,1,,,
2026-08-30 00:56:25,deployment,frontend,641,102,8,,,
2026-08-30 00:56:25,http_p95_latency,frontend,,,,,,209.5
2026-08-30 00:56:25,deployment,paymentservice,9,31,1,,,
2026-08-30 00:56:25,deployment,productcatalogservice,325,42,5,,,
2026-08-30 00:56:25,deployment,recommendationservice,210,86,2,,,
2026-08-30 00:56:25,deployment,redis-cart,16,32,1,,,
2026-08-30 00:56:25,deployment,shippingservice,37,16,2,,,
2026-08-30 00:56:25,autoscaler,customdas-cpu-queue-autoscaler-adservice,3,60,1,,,
2026-08-30 00:56:25,autoscaler,customdas-cpu-queue-autoscaler-cartservice,3,60,1,,,
2026-08-30 00:56:25,autoscaler,customdas-cpu-queue-autoscaler-checkoutservice,3,60,1,,,
2026-08-30 00:56:25,autoscaler,customdas-cpu-queue-autoscaler-currencyservice,2,60,1,,,
2026-08-30 00:56:25,autoscaler,customdas-cpu-queue-autoscaler-emailservice,2,60,1,,,
2026-08-30 00:56:25,autoscaler,customdas-cpu-queue-autoscaler-frontend,9,60,1,,,
2026-08-30 00:56:25,autoscaler,customdas-cpu-queue-autoscaler-paymentservice,3,60,1,,,
2026-08-30 00:56:25,autoscaler,customdas-cpu-queue-autoscaler-productcatalogservice,4,60,1,,,
2026-08-30 00:56:25,autoscaler,customdas-cpu-queue-autoscaler-recommendationservice,3,60,1,,,
2026-08-30 00:56:25,autoscaler,customdas-cpu-queue-autoscaler-shippingservice,2,60,1,,,
2026-08-30 00:56:25,node,ze-master-node,2447,4141,,61.2,52.1,
2026-08-30 00:56:25,node,ze-worker-node,2460,1930,,61.5,24.3,
2026-08-30 00:56:34,deployment,adservice,47,94,1,,,
2026-08-30 00:56:34,deployment,cartservice,166,80,2,,,
2026-08-30 00:56:34,deployment,checkoutservice,37,22,2,,,
2026-08-30 00:56:34,deployment,currencyservice,287,112,2,,,
2026-08-30 00:56:34,deployment,emailservice,13,42,1,,,
2026-08-30 00:56:34,deployment,frontend,629,103,8,,,
2026-08-30 00:56:34,http_p95_latency,frontend,,,,,,231.9
2026-08-30 00:56:34,deployment,paymentservice,8,31,1,,,
2026-08-30 00:56:34,deployment,productcatalogservice,335,41,5,,,
2026-08-30 00:56:34,deployment,recommendationservice,217,86,2,,,
2026-08-30 00:56:34,deployment,redis-cart,40,32,1,,,
2026-08-30 00:56:34,deployment,shippingservice,40,17,2,,,
2026-08-30 00:56:34,autoscaler,customdas-cpu-queue-autoscaler-adservice,3,60,1,,,
2026-08-30 00:56:34,autoscaler,customdas-cpu-queue-autoscaler-cartservice,3,60,1,,,
2026-08-30 00:56:34,autoscaler,customdas-cpu-queue-autoscaler-checkoutservice,6,60,1,,,
2026-08-30 00:56:34,autoscaler,customdas-cpu-queue-autoscaler-currencyservice,3,60,1,,,
2026-08-30 00:56:34,autoscaler,customdas-cpu-queue-autoscaler-emailservice,2,60,1,,,
2026-08-30 00:56:34,autoscaler,customdas-cpu-queue-autoscaler-frontend,0,60,1,,,
2026-08-30 00:56:34,autoscaler,customdas-cpu-queue-autoscaler-paymentservice,3,60,1,,,
2026-08-30 00:56:34,autoscaler,customdas-cpu-queue-autoscaler-productcatalogservice,5,60,1,,,
2026-08-30 00:56:34,autoscaler,customdas-cpu-queue-autoscaler-recommendationservice,4,60,1,,,
2026-08-30 00:56:34,autoscaler,customdas-cpu-queue-autoscaler-shippingservice,4,60,1,,,
2026-08-30 00:56:34,node,ze-master-node,2478,4140,,62.0,52.1,
2026-08-30 00:56:34,node,ze-worker-node,2466,1935,,61.7,24.4,
2026-08-30 00:56:42,deployment,adservice,47,94,1,,,
2026-08-30 00:56:42,deployment,cartservice,166,80,2,,,
2026-08-30 00:56:42,deployment,checkoutservice,37,22,2,,,
2026-08-30 00:56:42,deployment,currencyservice,287,112,2,,,
2026-08-30 00:56:42,deployment,emailservice,13,42,1,,,
2026-08-30 00:56:42,deployment,frontend,629,103,8,,,
2026-08-30 00:56:42,http_p95_latency,frontend,,,,,,209.5
2026-08-30 00:56:42,deployment,paymentservice,8,31,1,,,
2026-08-30 00:56:42,deployment,productcatalogservice,335,41,5,,,
2026-08-30 00:56:42,deployment,recommendationservice,217,86,2,,,
2026-08-30 00:56:42,deployment,redis-cart,40,32,1,,,
2026-08-30 00:56:42,deployment,shippingservice,40,17,2,,,
2026-08-30 00:56:42,autoscaler,customdas-cpu-queue-autoscaler-adservice,3,60,1,,,
2026-08-30 00:56:42,autoscaler,customdas-cpu-queue-autoscaler-cartservice,3,60,1,,,
2026-08-30 00:56:42,autoscaler,customdas-cpu-queue-autoscaler-checkoutservice,6,60,1,,,
2026-08-30 00:56:42,autoscaler,customdas-cpu-queue-autoscaler-currencyservice,3,60,1,,,
2026-08-30 00:56:42,autoscaler,customdas-cpu-queue-autoscaler-emailservice,2,60,1,,,
2026-08-30 00:56:42,autoscaler,customdas-cpu-queue-autoscaler-frontend,0,60,1,,,
2026-08-30 00:56:42,autoscaler,customdas-cpu-queue-autoscaler-paymentservice,3,60,1,,,
2026-08-30 00:56:42,autoscaler,customdas-cpu-queue-autoscaler-productcatalogservice,5,60,1,,,
2026-08-30 00:56:42,autoscaler,customdas-cpu-queue-autoscaler-recommendationservice,4,60,1,,,
2026-08-30 00:56:42,autoscaler,customdas-cpu-queue-autoscaler-shippingservice,4,60,1,,,
2026-08-30 00:56:42,node,ze-master-node,2478,4140,,62.0,52.1,
2026-08-30 00:56:42,node,ze-worker-node,2466,1935,,61.7,24.4,
2026-08-30 00:56:49,deployment,adservice,47,94,1,,,
2026-08-30 00:56:49,deployment,cartservice,178,80,2,,,
2026-08-30 00:56:49,deployment,checkoutservice,36,24,2,,,
2026-08-30 00:56:49,deployment,currencyservice,300,122,2,,,
2026-08-30 00:56:49,deployment,emailservice,13,42,1,,,
2026-08-30 00:56:49,deployment,frontend,560,89,7,,,
2026-08-30 00:56:49,http_p95_latency,frontend,,,,,,209.5
2026-08-30 00:56:49,deployment,paymentservice,9,31,1,,,
2026-08-30 00:56:49,deployment,productcatalogservice,336,42,5,,,
2026-08-30 00:56:49,deployment,recommendationservice,212,86,2,,,
2026-08-30 00:56:49,deployment,redis-cart,16,32,1,,,
2026-08-30 00:56:49,deployment,shippingservice,35,16,2,,,
2026-08-30 00:56:49,autoscaler,customdas-cpu-queue-autoscaler-adservice,4,60,1,,,
2026-08-30 00:56:49,autoscaler,customdas-cpu-queue-autoscaler-cartservice,3,60,1,,,
2026-08-30 00:56:49,autoscaler,customdas-cpu-queue-autoscaler-checkoutservice,3,60,1,,,
2026-08-30 00:56:49,autoscaler,customdas-cpu-queue-autoscaler-currencyservice,3,60,1,,,
2026-08-30 00:56:49,autoscaler,customdas-cpu-queue-autoscaler-emailservice,4,60,1,,,
2026-08-30 00:56:49,autoscaler,customdas-cpu-queue-autoscaler-frontend,7,60,1,,,
2026-08-30 00:56:49,autoscaler,customdas-cpu-queue-autoscaler-paymentservice,5,60,1,,,
2026-08-30 00:56:49,autoscaler,customdas-cpu-queue-autoscaler-productcatalogservice,0,60,1,,,
2026-08-30 00:56:49,autoscaler,customdas-cpu-queue-autoscaler-recommendationservice,4,60,1,,,
2026-08-30 00:56:49,autoscaler,customdas-cpu-queue-autoscaler-shippingservice,3,60,1,,,
2026-08-30 00:56:49,node,ze-master-node,2435,4163,,60.9,52.4,
2026-08-30 00:56:49,node,ze-worker-node,2401,1927,,60.0,24.3,
2026-08-30 00:56:57,deployment,adservice,47,94,1,,,
2026-08-30 00:56:57,deployment,cartservice,178,80,2,,,
2026-08-30 00:56:57,deployment,checkoutservice,36,24,2,,,
2026-08-30 00:56:57,deployment,currencyservice,300,122,2,,,
2026-08-30 00:56:57,deployment,emailservice,13,42,1,,,
2026-08-30 00:56:57,deployment,frontend,560,89,7,,,
2026-08-30 00:56:57,http_p95_latency,frontend,,,,,,198.9
2026-08-30 00:56:57,deployment,paymentservice,9,31,1,,,
2026-08-30 00:56:57,deployment,productcatalogservice,336,42,5,,,
2026-08-30 00:56:57,deployment,recommendationservice,212,86,2,,,
2026-08-30 00:56:57,deployment,redis-cart,16,32,1,,,
2026-08-30 00:56:57,deployment,shippingservice,35,16,2,,,
2026-08-30 00:56:57,autoscaler,customdas-cpu-queue-autoscaler-adservice,4,60,1,,,
2026-08-30 00:56:57,autoscaler,customdas-cpu-queue-autoscaler-cartservice,3,60,1,,,
2026-08-30 00:56:57,autoscaler,customdas-cpu-queue-autoscaler-checkoutservice,3,60,1,,,
2026-08-30 00:56:57,autoscaler,customdas-cpu-queue-autoscaler-currencyservice,3,60,1,,,
2026-08-30 00:56:57,autoscaler,customdas-cpu-queue-autoscaler-emailservice,4,60,1,,,
2026-08-30 00:56:57,autoscaler,customdas-cpu-queue-autoscaler-frontend,7,60,1,,,
2026-08-30 00:56:57,autoscaler,customdas-cpu-queue-autoscaler-paymentservice,5,60,1,,,
2026-08-30 00:56:57,autoscaler,customdas-cpu-queue-autoscaler-productcatalogservice,0,60,1,,,
2026-08-30 00:56:57,autoscaler,customdas-cpu-queue-autoscaler-recommendationservice,4,60,1,,,
2026-08-30 00:56:57,autoscaler,customdas-cpu-queue-autoscaler-shippingservice,3,60,1,,,
2026-08-30 00:56:57,node,ze-master-node,2435,4163,,60.9,52.4,
2026-08-30 00:56:57,node,ze-worker-node,2401,1927,,60.0,24.3,
2026-08-30 00:57:05,deployment,adservice,45,94,1,,,
2026-08-30 00:57:05,deployment,cartservice,177,80,2,,,
2026-08-30 00:57:05,deployment,checkoutservice,36,22,2,,,
2026-08-30 00:57:05,deployment,currencyservice,276,123,2,,,
2026-08-30 00:57:05,deployment,emailservice,14,40,1,,,
2026-08-30 00:57:05,deployment,frontend,555,87,7,,,
2026-08-30 00:57:05,http_p95_latency,frontend,,,,,,198.9
2026-08-30 00:57:05,deployment,paymentservice,9,31,1,,,
2026-08-30 00:57:05,deployment,productcatalogservice,310,41,5,,,
2026-08-30 00:57:05,deployment,recommendationservice,195,86,2,,,
2026-08-30 00:57:05,deployment,redis-cart,16,32,1,,,
2026-08-30 00:57:05,deployment,shippingservice,37,16,2,,,
2026-08-30 00:57:05,autoscaler,customdas-cpu-queue-autoscaler-adservice,3,60,1,,,
2026-08-30 00:57:05,autoscaler,customdas-cpu-queue-autoscaler-cartservice,6,60,1,,,
2026-08-30 00:57:05,autoscaler,customdas-cpu-queue-autoscaler-checkoutservice,2,60,1,,,
2026-08-30 00:57:05,autoscaler,customdas-cpu-queue-autoscaler-currencyservice,3,60,1,,,
2026-08-30 00:57:05,autoscaler,customdas-cpu-queue-autoscaler-emailservice,3,60,1,,,
2026-08-30 00:57:05,autoscaler,customdas-cpu-queue-autoscaler-frontend,6,60,1,,,
2026-08-30 00:57:05,autoscaler,customdas-cpu-queue-autoscaler-paymentservice,3,60,1,,,
2026-08-30 00:57:05,autoscaler,customdas-cpu-queue-autoscaler-productcatalogservice,7,60,1,,,
2026-08-30 00:57:05,autoscaler,customdas-cpu-queue-autoscaler-recommendationservice,4,60,1,,,
2026-08-30 00:57:05,autoscaler,customdas-cpu-queue-autoscaler-shippingservice,3,60,1,,,
2026-08-30 00:57:05,node,ze-master-node,2323,4151,,58.1,52.3,
2026-08-30 00:57:05,node,ze-worker-node,2332,1935,,58.3,24.4,
2026-08-30 00:57:12,deployment,adservice,45,94,1,,,
2026-08-30 00:57:12,deployment,cartservice,177,80,2,,,
2026-08-30 00:57:12,deployment,checkoutservice,18,12,1,,,
2026-08-30 00:57:12,deployment,currencyservice,276,123,2,,,
2026-08-30 00:57:12,deployment,emailservice,14,40,1,,,
2026-08-30 00:57:12,deployment,frontend,555,87,7,,,
2026-08-30 00:57:12,http_p95_latency,frontend,,,,,,163.8
2026-08-30 00:57:12,deployment,paymentservice,9,31,1,,,
2026-08-30 00:57:12,deployment,productcatalogservice,310,41,5,,,
2026-08-30 00:57:12,deployment,recommendationservice,195,86,2,,,
2026-08-30 00:57:12,deployment,redis-cart,16,32,1,,,
2026-08-30 00:57:12,deployment,shippingservice,37,16,2,,,
2026-08-30 00:57:12,autoscaler,customdas-cpu-queue-autoscaler-adservice,3,60,1,,,
2026-08-30 00:57:12,autoscaler,customdas-cpu-queue-autoscaler-cartservice,6,60,1,,,
2026-08-30 00:57:12,autoscaler,customdas-cpu-queue-autoscaler-checkoutservice,2,60,1,,,
2026-08-30 00:57:12,autoscaler,customdas-cpu-queue-autoscaler-currencyservice,3,60,1,,,
2026-08-30 00:57:12,autoscaler,customdas-cpu-queue-autoscaler-emailservice,3,60,1,,,
2026-08-30 00:57:12,autoscaler,customdas-cpu-queue-autoscaler-frontend,6,60,1,,,
2026-08-30 00:57:12,autoscaler,customdas-cpu-queue-autoscaler-paymentservice,3,60,1,,,
2026-08-30 00:57:12,autoscaler,customdas-cpu-queue-autoscaler-productcatalogservice,7,60,1,,,
2026-08-30 00:57:12,autoscaler,customdas-cpu-queue-autoscaler-recommendationservice,4,60,1,,,
2026-08-30 00:57:12,autoscaler,customdas-cpu-queue-autoscaler-shippingservice,3,60,1,,,
2026-08-30 00:57:12,node,ze-master-node,2323,4151,,58.1,52.3,
2026-08-30 00:57:12,node,ze-worker-node,2332,1935,,58.3,24.4,
2026-08-30 00:57:20,deployment,adservice,43,94,1,,,
2026-08-30 00:57:20,deployment,cartservice,195,80,2,,,
2026-08-30 00:57:20,deployment,checkoutservice,20,12,1,,,
2026-08-30 00:57:20,deployment,currencyservice,266,123,2,,,
2026-08-30 00:57:20,deployment,emailservice,19,40,1,,,
2026-08-30 00:57:20,deployment,frontend,556,88,7,,,
2026-08-30 00:57:20,http_p95_latency,frontend,,,,,,163.8
2026-08-30 00:57:20,deployment,paymentservice,11,31,1,,,
2026-08-30 00:57:20,deployment,productcatalogservice,295,41,5,,,
2026-08-30 00:57:20,deployment,recommendationservice,191,86,2,,,
2026-08-30 00:57:20,deployment,redis-cart,15,32,1,,,
2026-08-30 00:57:20,deployment,shippingservice,35,16,2,,,
2026-08-30 00:57:20,autoscaler,customdas-cpu-queue-autoscaler-adservice,3,60,1,,,
2026-08-30 00:57:20,autoscaler,customdas-cpu-queue-autoscaler-cartservice,0,60,1,,,
2026-08-30 00:57:20,autoscaler,customdas-cpu-queue-autoscaler-checkoutservice,7,60,1,,,
2026-08-30 00:57:20,autoscaler,customdas-cpu-queue-autoscaler-currencyservice,7,60,1,,,
2026-08-30 00:57:20,autoscaler,customdas-cpu-queue-autoscaler-emailservice,4,60,1,,,
2026-08-30 00:57:20,autoscaler,customdas-cpu-queue-autoscaler-frontend,6,60,1,,,
2026-08-30 00:57:20,autoscaler,customdas-cpu-queue-autoscaler-paymentservice,3,60,1,,,
2026-08-30 00:57:20,autoscaler,customdas-cpu-queue-autoscaler-productcatalogservice,7,60,1,,,
2026-08-30 00:57:20,autoscaler,customdas-cpu-queue-autoscaler-recommendationservice,3,60,1,,,
2026-08-30 00:57:20,autoscaler,customdas-cpu-queue-autoscaler-shippingservice,3,60,1,,,
2026-08-30 00:57:20,node,ze-master-node,2319,4146,,58.0,52.2,
2026-08-30 00:57:20,node,ze-worker-node,2325,1914,,58.1,24.1,
2026-08-30 00:57:27,deployment,adservice,43,94,1,,,
2026-08-30 00:57:27,deployment,cartservice,195,80,2,,,
2026-08-30 00:57:27,deployment,checkoutservice,20,12,1,,,
2026-08-30 00:57:27,deployment,currencyservice,266,123,2,,,
2026-08-30 00:57:27,deployment,emailservice,19,40,1,,,
2026-08-30 00:57:27,deployment,frontend,556,88,7,,,
2026-08-30 00:57:27,http_p95_latency,frontend,,,,,,145.3
2026-08-30 00:57:27,deployment,paymentservice,11,31,1,,,
2026-08-30 00:57:27,deployment,productcatalogservice,295,41,5,,,
2026-08-30 00:57:27,deployment,recommendationservice,191,86,2,,,
2026-08-30 00:57:27,deployment,redis-cart,15,32,1,,,
2026-08-30 00:57:27,deployment,shippingservice,35,16,2,,,
2026-08-30 00:57:27,autoscaler,customdas-cpu-queue-autoscaler-adservice,3,60,1,,,
2026-08-30 00:57:27,autoscaler,customdas-cpu-queue-autoscaler-cartservice,0,60,1,,,
2026-08-30 00:57:27,autoscaler,customdas-cpu-queue-autoscaler-checkoutservice,7,60,1,,,
2026-08-30 00:57:27,autoscaler,customdas-cpu-queue-autoscaler-currencyservice,7,60,1,,,
2026-08-30 00:57:27,autoscaler,customdas-cpu-queue-autoscaler-emailservice,4,60,1,,,
2026-08-30 00:57:27,autoscaler,customdas-cpu-queue-autoscaler-frontend,6,60,1,,,
2026-08-30 00:57:27,autoscaler,customdas-cpu-queue-autoscaler-paymentservice,3,60,1,,,
2026-08-30 00:57:27,autoscaler,customdas-cpu-queue-autoscaler-productcatalogservice,7,60,1,,,
2026-08-30 00:57:27,autoscaler,customdas-cpu-queue-autoscaler-recommendationservice,3,60,1,,,
2026-08-30 00:57:27,autoscaler,customdas-cpu-queue-autoscaler-shippingservice,3,60,1,,,
2026-08-30 00:57:27,node,ze-master-node,2319,4146,,58.0,52.2,
2026-08-30 00:57:27,node,ze-worker-node,2325,1914,,58.1,24.1,
2026-08-30 00:57:36,deployment,adservice,42,94,1,,,
2026-08-30 00:57:36,deployment,cartservice,187,80,2,,,
2026-08-30 00:57:36,deployment,checkoutservice,28,12,1,,,
2026-08-30 00:57:36,deployment,currencyservice,259,126,2,,,
2026-08-30 00:57:36,deployment,emailservice,16,40,1,,,
2026-08-30 00:57:36,deployment,frontend,555,88,7,,,
2026-08-30 00:57:36,http_p95_latency,frontend,,,,,,145.3
2026-08-30 00:57:36,deployment,paymentservice,9,31,1,,,
2026-08-30 00:57:36,deployment,productcatalogservice,298,43,5,,,
2026-08-30 00:57:36,deployment,recommendationservice,185,89,2,,,
2026-08-30 00:57:36,deployment,redis-cart,14,32,1,,,
2026-08-30 00:57:36,deployment,shippingservice,37,16,2,,,
2026-08-30 00:57:36,autoscaler,customdas-cpu-queue-autoscaler-adservice,4,60,1,,,
2026-08-30 00:57:36,autoscaler,customdas-cpu-queue-autoscaler-cartservice,3,60,1,,,
2026-08-30 00:57:36,autoscaler,customdas-cpu-queue-autoscaler-checkoutservice,2,60,1,,,
2026-08-30 00:57:36,autoscaler,customdas-cpu-queue-autoscaler-currencyservice,3,60,1,,,
2026-08-30 00:57:36,autoscaler,customdas-cpu-queue-autoscaler-emailservice,5,60,1,,,
2026-08-30 00:57:36,autoscaler,customdas-cpu-queue-autoscaler-frontend,7,60,1,,,
2026-08-30 00:57:36,autoscaler,customdas-cpu-queue-autoscaler-paymentservice,4,60,1,,,
2026-08-30 00:57:36,autoscaler,customdas-cpu-queue-autoscaler-productcatalogservice,7,60,1,,,
2026-08-30 00:57:36,autoscaler,customdas-cpu-queue-autoscaler-recommendationservice,4,60,1,,,
2026-08-30 00:57:36,autoscaler,customdas-cpu-queue-autoscaler-shippingservice,6,60,1,,,
2026-08-30 00:57:36,node,ze-master-node,2258,4155,,56.5,52.3,
2026-08-30 00:57:36,node,ze-worker-node,2212,1914,,55.3,24.1,
2026-08-30 00:57:43,deployment,adservice,42,94,1,,,
2026-08-30 00:57:43,deployment,cartservice,84,45,1,,,
2026-08-30 00:57:43,deployment,checkoutservice,28,12,1,,,
2026-08-30 00:57:43,deployment,currencyservice,259,126,2,,,
2026-08-30 00:57:43,deployment,emailservice,16,40,1,,,
2026-08-30 00:57:43,deployment,frontend,555,88,7,,,
2026-08-30 00:57:43,http_p95_latency,frontend,,,,,,170.3
2026-08-30 00:57:43,deployment,paymentservice,9,31,1,,,
2026-08-30 00:57:43,deployment,productcatalogservice,298,43,5,,,
2026-08-30 00:57:43,deployment,recommendationservice,185,89,2,,,
2026-08-30 00:57:43,deployment,redis-cart,14,32,1,,,
2026-08-30 00:57:43,deployment,shippingservice,16,9,1,,,
2026-08-30 00:57:43,autoscaler,customdas-cpu-queue-autoscaler-adservice,4,60,1,,,
2026-08-30 00:57:43,autoscaler,customdas-cpu-queue-autoscaler-cartservice,3,60,1,,,
2026-08-30 00:57:43,autoscaler,customdas-cpu-queue-autoscaler-checkoutservice,2,60,1,,,
2026-08-30 00:57:43,autoscaler,customdas-cpu-queue-autoscaler-currencyservice,3,60,1,,,
2026-08-30 00:57:43,autoscaler,customdas-cpu-queue-autoscaler-emailservice,5,60,1,,,
2026-08-30 00:57:43,autoscaler,customdas-cpu-queue-autoscaler-frontend,7,60,1,,,
2026-08-30 00:57:43,autoscaler,customdas-cpu-queue-autoscaler-paymentservice,4,60,1,,,
2026-08-30 00:57:43,autoscaler,customdas-cpu-queue-autoscaler-productcatalogservice,7,60,1,,,
2026-08-30 00:57:43,autoscaler,customdas-cpu-queue-autoscaler-recommendationservice,4,60,1,,,
2026-08-30 00:57:43,autoscaler,customdas-cpu-queue-autoscaler-shippingservice,6,60,1,,,
2026-08-30 00:57:43,node,ze-master-node,2258,4155,,56.5,52.3,
2026-08-30 00:57:43,node,ze-worker-node,2212,1914,,55.3,24.1,
2026-08-30 00:57:50,deployment,adservice,42,94,1,,,
2026-08-30 00:57:50,deployment,cartservice,77,45,1,,,
2026-08-30 00:57:50,deployment,checkoutservice,25,12,1,,,
2026-08-30 00:57:50,deployment,currencyservice,257,122,2,,,
2026-08-30 00:57:50,deployment,emailservice,17,40,1,,,
2026-08-30 00:57:50,deployment,frontend,524,90,7,,,
2026-08-30 00:57:50,http_p95_latency,frontend,,,,,,170.3
2026-08-30 00:57:50,deployment,paymentservice,9,30,1,,,
2026-08-30 00:57:50,deployment,productcatalogservice,236,33,4,,,
2026-08-30 00:57:50,deployment,recommendationservice,186,86,2,,,
2026-08-30 00:57:50,deployment,redis-cart,14,32,1,,,
2026-08-30 00:57:50,deployment,shippingservice,16,9,1,,,
2026-08-30 00:57:50,autoscaler,customdas-cpu-queue-autoscaler-adservice,6,60,1,,,
2026-08-30 00:57:50,autoscaler,customdas-cpu-queue-autoscaler-cartservice,10,60,1,,,
2026-08-30 00:57:50,autoscaler,customdas-cpu-queue-autoscaler-checkoutservice,3,60,1,,,
2026-08-30 00:57:50,autoscaler,customdas-cpu-queue-autoscaler-currencyservice,3,60,1,,,
2026-08-30 00:57:50,autoscaler,customdas-cpu-queue-autoscaler-emailservice,3,60,1,,,
2026-08-30 00:57:50,autoscaler,customdas-cpu-queue-autoscaler-frontend,7,60,1,,,
2026-08-30 00:57:50,autoscaler,customdas-cpu-queue-autoscaler-paymentservice,3,60,1,,,
2026-08-30 00:57:50,autoscaler,customdas-cpu-queue-autoscaler-productcatalogservice,3,60,1,,,
2026-08-30 00:57:50,autoscaler,customdas-cpu-queue-autoscaler-recommendationservice,2,60,1,,,
2026-08-30 00:57:50,autoscaler,customdas-cpu-queue-autoscaler-shippingservice,0,60,1,,,
2026-08-30 00:57:50,node,ze-master-node,2273,4114,,56.8,51.8,
2026-08-30 00:57:50,node,ze-worker-node,2276,1869,,56.9,23.5,
2026-08-30 00:57:57,deployment,adservice,42,94,1,,,
2026-08-30 00:57:57,deployment,cartservice,77,45,1,,,
2026-08-30 00:57:57,deployment,checkoutservice,25,12,1,,,
2026-08-30 00:57:57,deployment,currencyservice,257,122,2,,,
2026-08-30 00:57:57,deployment,emailservice,17,40,1,,,
2026-08-30 00:57:57,deployment,frontend,524,90,7,,,
2026-08-30 00:57:57,http_p95_latency,frontend,,,,,,175.9
2026-08-30 00:57:57,deployment,paymentservice,9,30,1,,,
2026-08-30 00:57:57,deployment,productcatalogservice,236,33,4,,,
2026-08-30 00:57:57,deployment,recommendationservice,186,86,2,,,
2026-08-30 00:57:57,deployment,redis-cart,14,32,1,,,
2026-08-30 00:57:57,deployment,shippingservice,16,9,1,,,
2026-08-30 00:57:57,autoscaler,customdas-cpu-queue-autoscaler-adservice,6,60,1,,,
2026-08-30 00:57:57,autoscaler,customdas-cpu-queue-autoscaler-cartservice,10,60,1,,,
2026-08-30 00:57:57,autoscaler,customdas-cpu-queue-autoscaler-checkoutservice,3,60,1,,,
2026-08-30 00:57:57,autoscaler,customdas-cpu-queue-autoscaler-currencyservice,3,60,1,,,
2026-08-30 00:57:57,autoscaler,customdas-cpu-queue-autoscaler-emailservice,3,60,1,,,
2026-08-30 00:57:57,autoscaler,customdas-cpu-queue-autoscaler-frontend,7,60,1,,,
2026-08-30 00:57:57,autoscaler,customdas-cpu-queue-autoscaler-paymentservice,3,60,1,,,
2026-08-30 00:57:57,autoscaler,customdas-cpu-queue-autoscaler-productcatalogservice,3,60,1,,,
2026-08-30 00:57:57,autoscaler,customdas-cpu-queue-autoscaler-recommendationservice,2,60,1,,,
2026-08-30 00:57:57,autoscaler,customdas-cpu-queue-autoscaler-shippingservice,0,60,1,,,
2026-08-30 00:57:57,node,ze-master-node,2273,4114,,56.8,51.8,
2026-08-30 00:57:57,node,ze-worker-node,2276,1869,,56.9,23.5,
2026-08-30 00:58:05,deployment,adservice,40,94,1,,,
2026-08-30 00:58:05,deployment,cartservice,114,45,1,,,
2026-08-30 00:58:05,deployment,checkoutservice,26,12,1,,,
2026-08-30 00:58:05,deployment,currencyservice,241,123,2,,,
2026-08-30 00:58:05,deployment,emailservice,15,40,1,,,
2026-08-30 00:58:05,deployment,frontend,516,90,7,,,
2026-08-30 00:58:05,http_p95_latency,frontend,,,,,,175.9
2026-08-30 00:58:05,deployment,paymentservice,10,31,1,,,
2026-08-30 00:58:05,deployment,productcatalogservice,251,33,4,,,
2026-08-30 00:58:05,deployment,recommendationservice,180,86,2,,,
2026-08-30 00:58:05,deployment,redis-cart,14,32,1,,,
2026-08-30 00:58:05,deployment,shippingservice,23,9,1,,,
2026-08-30 00:58:05,autoscaler,customdas-cpu-queue-autoscaler-adservice,0,60,1,,,
2026-08-30 00:58:05,autoscaler,customdas-cpu-queue-autoscaler-cartservice,0,60,1,,,
2026-08-30 00:58:05,autoscaler,customdas-cpu-queue-autoscaler-checkoutservice,6,60,1,,,
2026-08-30 00:58:05,autoscaler,customdas-cpu-queue-autoscaler-currencyservice,6,60,1,,,
2026-08-30 00:58:05,autoscaler,customdas-cpu-queue-autoscaler-emailservice,3,60,1,,,
2026-08-30 00:58:05,autoscaler,customdas-cpu-queue-autoscaler-frontend,6,60,1,,,
2026-08-30 00:58:05,autoscaler,customdas-cpu-queue-autoscaler-paymentservice,5,60,1,,,
2026-08-30 00:58:05,autoscaler,customdas-cpu-queue-autoscaler-productcatalogservice,12,60,1,,,
2026-08-30 00:58:05,autoscaler,customdas-cpu-queue-autoscaler-recommendationservice,2,60,1,,,
2026-08-30 00:58:05,autoscaler,customdas-cpu-queue-autoscaler-shippingservice,5,60,1,,,
2026-08-30 00:58:05,node,ze-master-node,2247,4113,,56.2,51.8,
2026-08-30 00:58:05,node,ze-worker-node,2126,1867,,53.1,23.5,
2026-08-30 00:58:12,deployment,adservice,40,94,1,,,
2026-08-30 00:58:12,deployment,cartservice,114,45,1,,,
2026-08-30 00:58:12,deployment,checkoutservice,26,12,1,,,
2026-08-30 00:58:12,deployment,currencyservice,241,123,2,,,
2026-08-30 00:58:12,deployment,emailservice,15,40,1,,,
2026-08-30 00:58:12,deployment,frontend,516,90,7,,,
2026-08-30 00:58:12,http_p95_latency,frontend,,,,,,197.1
2026-08-30 00:58:12,deployment,paymentservice,10,31,1,,,
2026-08-30 00:58:12,deployment,productcatalogservice,251,33,4,,,
2026-08-30 00:58:12,deployment,recommendationservice,180,86,2,,,
2026-08-30 00:58:12,deployment,redis-cart,14,32,1,,,
2026-08-30 00:58:12,deployment,shippingservice,23,9,1,,,
2026-08-30 00:58:12,autoscaler,customdas-cpu-queue-autoscaler-adservice,0,60,1,,,
2026-08-30 00:58:12,autoscaler,customdas-cpu-queue-autoscaler-cartservice,0,60,1,,,
2026-08-30 00:58:12,autoscaler,customdas-cpu-queue-autoscaler-checkoutservice,6,60,1,,,
2026-08-30 00:58:12,autoscaler,customdas-cpu-queue-autoscaler-currencyservice,6,60,1,,,
2026-08-30 00:58:12,autoscaler,customdas-cpu-queue-autoscaler-emailservice,3,60,1,,,
2026-08-30 00:58:12,autoscaler,customdas-cpu-queue-autoscaler-frontend,6,60,1,,,
2026-08-30 00:58:12,autoscaler,customdas-cpu-queue-autoscaler-paymentservice,5,60,1,,,
2026-08-30 00:58:12,autoscaler,customdas-cpu-queue-autoscaler-productcatalogservice,12,60,1,,,
2026-08-30 00:58:12,autoscaler,customdas-cpu-queue-autoscaler-recommendationservice,2,60,1,,,
2026-08-30 00:58:12,autoscaler,customdas-cpu-queue-autoscaler-shippingservice,5,60,1,,,
2026-08-30 00:58:12,node,ze-master-node,2247,4113,,56.2,51.8,
2026-08-30 00:58:12,node,ze-worker-node,2126,1867,,53.1,23.5,
2026-08-30 00:58:19,deployment,adservice,40,94,1,,,
2026-08-30 00:58:19,deployment,cartservice,122,45,1,,,
2026-08-30 00:58:19,deployment,checkoutservice,26,12,1,,,
2026-08-30 00:58:19,deployment,currencyservice,252,125,2,,,
2026-08-30 00:58:19,deployment,emailservice,17,40,1,,,
2026-08-30 00:58:19,deployment,frontend,526,90,7,,,
2026-08-30 00:58:19,http_p95_latency,frontend,,,,,,197.1
2026-08-30 00:58:19,deployment,paymentservice,10,31,1,,,
2026-08-30 00:58:19,deployment,productcatalogservice,276,33,4,,,
2026-08-30 00:58:19,deployment,recommendationservice,180,86,2,,,
2026-08-30 00:58:19,deployment,redis-cart,13,32,1,,,
2026-08-30 00:58:19,deployment,shippingservice,23,9,1,,,
2026-08-30 00:58:19,autoscaler,customdas-cpu-queue-autoscaler-adservice,6,60,1,,,
2026-08-30 00:58:19,autoscaler,customdas-cpu-queue-autoscaler-cartservice,5,60,1,,,
2026-08-30 00:58:19,autoscaler,customdas-cpu-queue-autoscaler-checkoutservice,0,60,1,,,
2026-08-30 00:58:19,autoscaler,customdas-cpu-queue-autoscaler-currencyservice,0,60,1,,,
2026-08-30 00:58:19,autoscaler,customdas-cpu-queue-autoscaler-emailservice,3,60,1,,,
2026-08-30 00:58:19,autoscaler,customdas-cpu-queue-autoscaler-frontend,4,60,1,,,
2026-08-30 00:58:19,autoscaler,customdas-cpu-queue-autoscaler-paymentservice,0,60,1,,,
2026-08-30 00:58:19,autoscaler,customdas-cpu-queue-autoscaler-productcatalogservice,5,60,1,,,
2026-08-30 00:58:19,autoscaler,customdas-cpu-queue-autoscaler-recommendationservice,6,60,1,,,
2026-08-30 00:58:19,autoscaler,customdas-cpu-queue-autoscaler-shippingservice,3,60,1,,,
2026-08-30 00:58:19,node,ze-master-node,2183,4089,,54.6,51.5,
2026-08-30 00:58:19,node,ze-worker-node,2105,1856,,52.6,23.4,
2026-08-30 00:58:28,deployment,adservice,40,94,1,,,
2026-08-30 00:58:28,deployment,cartservice,122,45,1,,,
2026-08-30 00:58:28,deployment,checkoutservice,26,12,1,,,
2026-08-30 00:58:28,deployment,currencyservice,252,125,2,,,
2026-08-30 00:58:28,deployment,emailservice,17,40,1,,,
2026-08-30 00:58:28,deployment,frontend,526,90,7,,,
2026-08-30 00:58:28,http_p95_latency,frontend,,,,,,227.3
2026-08-30 00:58:28,deployment,paymentservice,10,31,1,,,
2026-08-30 00:58:28,deployment,productcatalogservice,276,33,4,,,
2026-08-30 00:58:28,deployment,recommendationservice,180,86,2,,,
2026-08-30 00:58:28,deployment,redis-cart,13,32,1,,,
2026-08-30 00:58:28,deployment,shippingservice,23,9,1,,,
2026-08-30 00:58:28,autoscaler,customdas-cpu-queue-autoscaler-adservice,6,60,1,,,
2026-08-30 00:58:28,autoscaler,customdas-cpu-queue-autoscaler-cartservice,5,60,1,,,
2026-08-30 00:58:28,autoscaler,customdas-cpu-queue-autoscaler-checkoutservice,0,60,1,,,
2026-08-30 00:58:28,autoscaler,customdas-cpu-queue-autoscaler-currencyservice,0,60,1,,,
2026-08-30 00:58:28,autoscaler,customdas-cpu-queue-autoscaler-emailservice,3,60,1,,,
2026-08-30 00:58:28,autoscaler,customdas-cpu-queue-autoscaler-frontend,4,60,1,,,
2026-08-30 00:58:28,autoscaler,customdas-cpu-queue-autoscaler-paymentservice,0,60,1,,,
2026-08-30 00:58:28,autoscaler,customdas-cpu-queue-autoscaler-productcatalogservice,5,60,1,,,
2026-08-30 00:58:28,autoscaler,customdas-cpu-queue-autoscaler-recommendationservice,6,60,1,,,
2026-08-30 00:58:28,autoscaler,customdas-cpu-queue-autoscaler-shippingservice,3,60,1,,,
2026-08-30 00:58:28,node,ze-master-node,2183,4089,,54.6,51.5,
2026-08-30 00:58:28,node,ze-worker-node,2105,1856,,52.6,23.4,
2026-08-30 00:58:36,deployment,adservice,37,94,1,,,
2026-08-30 00:58:36,deployment,cartservice,93,45,1,,,
2026-08-30 00:58:36,deployment,checkoutservice,27,12,1,,,
2026-08-30 00:58:36,deployment,currencyservice,252,125,2,,,
2026-08-30 00:58:36,deployment,emailservice,20,40,1,,,
2026-08-30 00:58:36,deployment,frontend,525,88,7,,,
2026-08-30 00:58:36,http_p95_latency,frontend,,,,,,227.3
2026-08-30 00:58:36,deployment,paymentservice,11,31,1,,,
2026-08-30 00:58:36,deployment,productcatalogservice,281,36,4,,,
2026-08-30 00:58:36,deployment,recommendationservice,186,86,2,,,
2026-08-30 00:58:36,deployment,redis-cart,14,32,1,,,
2026-08-30 00:58:36,deployment,shippingservice,27,9,1,,,
2026-08-30 00:58:36,autoscaler,customdas-cpu-queue-autoscaler-adservice,5,60,1,,,
2026-08-30 00:58:36,autoscaler,customdas-cpu-queue-autoscaler-cartservice,5,60,1,,,
2026-08-30 00:58:36,autoscaler,customdas-cpu-queue-autoscaler-checkoutservice,7,60,1,,,
2026-08-30 00:58:36,autoscaler,customdas-cpu-queue-autoscaler-currencyservice,7,60,1,,,
2026-08-30 00:58:36,autoscaler,customdas-cpu-queue-autoscaler-emailservice,5,60,1,,,
2026-08-30 00:58:36,autoscaler,customdas-cpu-queue-autoscaler-frontend,11,60,1,,,
2026-08-30 00:58:36,autoscaler,customdas-cpu-queue-autoscaler-paymentservice,7,60,1,,,
2026-08-30 00:58:36,autoscaler,customdas-cpu-queue-autoscaler-productcatalogservice,7,60,1,,,
2026-08-30 00:58:36,autoscaler,customdas-cpu-queue-autoscaler-recommendationservice,4,60,1,,,
2026-08-30 00:58:36,autoscaler,customdas-cpu-queue-autoscaler-shippingservice,5,60,1,,,
2026-08-30 00:58:36,node,ze-master-node,2187,4100,,54.7,51.6,
2026-08-30 00:58:36,node,ze-worker-node,2095,1861,,52.4,23.4,
2026-08-30 00:58:43,deployment,adservice,37,94,1,,,
2026-08-30 00:58:43,deployment,cartservice,93,45,1,,,
2026-08-30 00:58:43,deployment,checkoutservice,27,12,1,,,
2026-08-30 00:58:43,deployment,currencyservice,252,125,2,,,
2026-08-30 00:58:43,deployment,emailservice,20,40,1,,,
2026-08-30 00:58:43,deployment,frontend,525,88,7,,,
2026-08-30 00:58:43,http_p95_latency,frontend,,,,,,279.3
2026-08-30 00:58:43,deployment,paymentservice,11,31,1,,,
2026-08-30 00:58:43,deployment,productcatalogservice,281,36,4,,,
2026-08-30 00:58:43,deployment,recommendationservice,186,86,2,,,
2026-08-30 00:58:43,deployment,redis-cart,14,32,1,,,
2026-08-30 00:58:43,deployment,shippingservice,27,9,1,,,
2026-08-30 00:58:43,autoscaler,customdas-cpu-queue-autoscaler-adservice,5,60,1,,,
2026-08-30 00:58:43,autoscaler,customdas-cpu-queue-autoscaler-cartservice,5,60,1,,,
2026-08-30 00:58:43,autoscaler,customdas-cpu-queue-autoscaler-checkoutservice,7,60,1,,,
2026-08-30 00:58:43,autoscaler,customdas-cpu-queue-autoscaler-currencyservice,7,60,1,,,
2026-08-30 00:58:43,autoscaler,customdas-cpu-queue-autoscaler-emailservice,5,60,1,,,
2026-08-30 00:58:43,autoscaler,customdas-cpu-queue-autoscaler-frontend,11,60,1,,,
2026-08-30 00:58:43,autoscaler,customdas-cpu-queue-autoscaler-paymentservice,7,60,1,,,
2026-08-30 00:58:43,autoscaler,customdas-cpu-queue-autoscaler-productcatalogservice,7,60,1,,,
2026-08-30 00:58:43,autoscaler,customdas-cpu-queue-autoscaler-recommendationservice,4,60,1,,,
2026-08-30 00:58:43,autoscaler,customdas-cpu-queue-autoscaler-shippingservice,5,60,1,,,
2026-08-30 00:58:43,node,ze-master-node,2187,4100,,54.7,51.6,
2026-08-30 00:58:43,node,ze-worker-node,2095,1861,,52.4,23.4,
2026-08-30 00:58:51,deployment,adservice,39,94,1,,,
2026-08-30 00:58:51,deployment,cartservice,86,45,1,,,
2026-08-30 00:58:51,deployment,checkoutservice,26,12,1,,,
2026-08-30 00:58:51,deployment,currencyservice,250,124,2,,,
2026-08-30 00:58:51,deployment,emailservice,18,40,1,,,
2026-08-30 00:58:51,deployment,frontend,412,78,6,,,
2026-08-30 00:58:51,http_p95_latency,frontend,,,,,,279.3
2026-08-30 00:58:51,deployment,paymentservice,10,31,1,,,
2026-08-30 00:58:51,deployment,productcatalogservice,274,33,4,,,
2026-08-30 00:58:51,deployment,recommendationservice,187,86,2,,,
2026-08-30 00:58:51,deployment,redis-cart,14,32,1,,,
2026-08-30 00:58:51,deployment,shippingservice,23,9,1,,,
2026-08-30 00:58:51,autoscaler,customdas-cpu-queue-autoscaler-adservice,0,60,1,,,
2026-08-30 00:58:51,autoscaler,customdas-cpu-queue-autoscaler-cartservice,5,60,1,,,
2026-08-30 00:58:51,autoscaler,customdas-cpu-queue-autoscaler-checkoutservice,4,60,1,,,
2026-08-30 00:58:51,autoscaler,customdas-cpu-queue-autoscaler-currencyservice,0,60,1,,,
2026-08-30 00:58:51,autoscaler,customdas-cpu-queue-autoscaler-emailservice,4,60,1,,,
2026-08-30 00:58:51,autoscaler,customdas-cpu-queue-autoscaler-frontend,9,60,1,,,
2026-08-30 00:58:51,autoscaler,customdas-cpu-queue-autoscaler-paymentservice,1,60,1,,,
2026-08-30 00:58:51,autoscaler,customdas-cpu-queue-autoscaler-productcatalogservice,4,60,1,,,
2026-08-30 00:58:51,autoscaler,customdas-cpu-queue-autoscaler-recommendationservice,5,60,1,,,
2026-08-30 00:58:51,autoscaler,customdas-cpu-queue-autoscaler-shippingservice,3,60,1,,,
2026-08-30 00:58:51,node,ze-master-node,2119,4087,,53.0,51.5,
2026-08-30 00:58:51,node,ze-worker-node,2131,1858,,53.3,23.4,
2026-08-30 00:58:58,deployment,adservice,39,94,1,,,
2026-08-30 00:58:58,deployment,cartservice,86,45,1,,,
2026-08-30 00:58:58,deployment,checkoutservice,26,12,1,,,
2026-08-30 00:58:58,deployment,currencyservice,250,124,2,,,
2026-08-30 00:58:58,deployment,emailservice,18,40,1,,,
2026-08-30 00:58:58,deployment,frontend,412,78,6,,,
2026-08-30 00:58:58,http_p95_latency,frontend,,,,,,710.4
2026-08-30 00:58:58,deployment,paymentservice,10,31,1,,,
2026-08-30 00:58:58,deployment,productcatalogservice,274,33,4,,,
2026-08-30 00:58:58,deployment,recommendationservice,187,86,2,,,
2026-08-30 00:58:58,deployment,redis-cart,14,32,1,,,
2026-08-30 00:58:58,deployment,shippingservice,23,9,1,,,
2026-08-30 00:58:58,autoscaler,customdas-cpu-queue-autoscaler-adservice,0,60,1,,,
2026-08-30 00:58:58,autoscaler,customdas-cpu-queue-autoscaler-cartservice,5,60,1,,,
2026-08-30 00:58:58,autoscaler,customdas-cpu-queue-autoscaler-checkoutservice,4,60,1,,,
2026-08-30 00:58:58,autoscaler,customdas-cpu-queue-autoscaler-currencyservice,0,60,1,,,
2026-08-30 00:58:58,autoscaler,customdas-cpu-queue-autoscaler-emailservice,4,60,1,,,
2026-08-30 00:58:58,autoscaler,customdas-cpu-queue-autoscaler-frontend,9,60,1,,,
2026-08-30 00:58:58,autoscaler,customdas-cpu-queue-autoscaler-paymentservice,1,60,1,,,
2026-08-30 00:58:58,autoscaler,customdas-cpu-queue-autoscaler-productcatalogservice,4,60,1,,,
2026-08-30 00:58:58,autoscaler,customdas-cpu-queue-autoscaler-recommendationservice,5,60,1,,,
2026-08-30 00:58:58,autoscaler,customdas-cpu-queue-autoscaler-shippingservice,3,60,1,,,
2026-08-30 00:58:58,node,ze-master-node,2119,4087,,53.0,51.5,
2026-08-30 00:58:58,node,ze-worker-node,2131,1858,,53.3,23.4,
2026-08-30 00:59:06,deployment,adservice,41,94,1,,,
2026-08-30 00:59:06,deployment,cartservice,75,45,1,,,
2026-08-30 00:59:06,deployment,checkoutservice,27,12,1,,,
2026-08-30 00:59:06,deployment,currencyservice,253,125,2,,,
2026-08-30 00:59:06,deployment,emailservice,13,40,1,,,
2026-08-30 00:59:06,deployment,frontend,479,78,6,,,
2026-08-30 00:59:06,http_p95_latency,frontend,,,,,,710.4
2026-08-30 00:59:06,deployment,paymentservice,10,31,1,,,
2026-08-30 00:59:06,deployment,productcatalogservice,263,34,4,,,
2026-08-30 00:59:06,deployment,recommendationservice,187,86,2,,,
2026-08-30 00:59:06,deployment,redis-cart,14,32,1,,,
2026-08-30 00:59:06,deployment,shippingservice,23,9,1,,,
2026-08-30 00:59:06,autoscaler,customdas-cpu-queue-autoscaler-adservice,4,60,1,,,
2026-08-30 00:59:06,autoscaler,customdas-cpu-queue-autoscaler-cartservice,0,60,1,,,
2026-08-30 00:59:06,autoscaler,customdas-cpu-queue-autoscaler-checkoutservice,5,60,1,,,
2026-08-30 00:59:06,autoscaler,customdas-cpu-queue-autoscaler-currencyservice,9,60,1,,,
2026-08-30 00:59:06,autoscaler,customdas-cpu-queue-autoscaler-emailservice,3,60,1,,,
2026-08-30 00:59:06,autoscaler,customdas-cpu-queue-autoscaler-frontend,9,60,1,,,
2026-08-30 00:59:06,autoscaler,customdas-cpu-queue-autoscaler-paymentservice,2,60,1,,,
2026-08-30 00:59:06,autoscaler,customdas-cpu-queue-autoscaler-productcatalogservice,4,60,1,,,
2026-08-30 00:59:06,autoscaler,customdas-cpu-queue-autoscaler-recommendationservice,5,60,1,,,
2026-08-30 00:59:06,autoscaler,customdas-cpu-queue-autoscaler-shippingservice,3,60,1,,,
2026-08-30 00:59:06,node,ze-master-node,2227,4099,,55.7,51.6,
2026-08-30 00:59:06,node,ze-worker-node,2176,1847,,54.4,23.3,
2026-08-30 00:59:13,deployment,adservice,41,94,1,,,
2026-08-30 00:59:13,deployment,cartservice,75,45,1,,,
2026-08-30 00:59:13,deployment,checkoutservice,27,12,1,,,
2026-08-30 00:59:13,deployment,currencyservice,253,125,2,,,
2026-08-30 00:59:13,deployment,emailservice,13,40,1,,,
2026-08-30 00:59:13,deployment,frontend,479,78,6,,,
2026-08-30 00:59:13,http_p95_latency,frontend,,,,,,866.6
2026-08-30 00:59:13,deployment,paymentservice,10,31,1,,,
2026-08-30 00:59:13,deployment,productcatalogservice,263,34,4,,,
2026-08-30 00:59:13,deployment,recommendationservice,187,86,2,,,
2026-08-30 00:59:13,deployment,redis-cart,14,32,1,,,
2026-08-30 00:59:13,deployment,shippingservice,23,9,1,,,
2026-08-30 00:59:13,autoscaler,customdas-cpu-queue-autoscaler-adservice,4,60,1,,,
2026-08-30 00:59:13,autoscaler,customdas-cpu-queue-autoscaler-cartservice,0,60,1,,,
2026-08-30 00:59:13,autoscaler,customdas-cpu-queue-autoscaler-checkoutservice,5,60,1,,,
2026-08-30 00:59:13,autoscaler,customdas-cpu-queue-autoscaler-currencyservice,9,60,1,,,
2026-08-30 00:59:13,autoscaler,customdas-cpu-queue-autoscaler-emailservice,3,60,1,,,
2026-08-30 00:59:13,autoscaler,customdas-cpu-queue-autoscaler-frontend,9,60,1,,,
2026-08-30 00:59:13,autoscaler,customdas-cpu-queue-autoscaler-paymentservice,2,60,1,,,
2026-08-30 00:59:13,autoscaler,customdas-cpu-queue-autoscaler-productcatalogservice,4,60,1,,,
2026-08-30 00:59:13,autoscaler,customdas-cpu-queue-autoscaler-recommendationservice,5,60,1,,,
2026-08-30 00:59:13,autoscaler,customdas-cpu-queue-autoscaler-shippingservice,3,60,1,,,
2026-08-30 00:59:13,node,ze-master-node,2227,4099,,55.7,51.6,
2026-08-30 00:59:13,node,ze-worker-node,2176,1847,,54.4,23.3,
2026-08-30 00:59:21,deployment,adservice,44,94,1,,,
2026-08-30 00:59:21,deployment,cartservice,101,45,1,,,
2026-08-30 00:59:21,deployment,checkoutservice,26,12,1,,,
2026-08-30 00:59:21,deployment,currencyservice,266,124,2,,,
2026-08-30 00:59:21,deployment,emailservice,20,40,1,,,
2026-08-30 00:59:21,deployment,frontend,560,78,6,,,
2026-08-30 00:59:21,http_p95_latency,frontend,,,,,,866.6
2026-08-30 00:59:21,deployment,paymentservice,11,31,1,,,
2026-08-30 00:59:21,deployment,productcatalogservice,300,34,4,,,
2026-08-30 00:59:21,deployment,recommendationservice,193,87,2,,,
2026-08-30 00:59:21,deployment,redis-cart,15,32,1,,,
2026-08-30 00:59:21,deployment,shippingservice,26,9,1,,,
2026-08-30 00:59:21,autoscaler,customdas-cpu-queue-autoscaler-adservice,5,60,1,,,
2026-08-30 00:59:21,autoscaler,customdas-cpu-queue-autoscaler-cartservice,7,60,1,,,
2026-08-30 00:59:21,autoscaler,customdas-cpu-queue-autoscaler-checkoutservice,3,60,1,,,
2026-08-30 00:59:21,autoscaler,customdas-cpu-queue-autoscaler-currencyservice,4,60,1,,,
2026-08-30 00:59:21,autoscaler,customdas-cpu-queue-autoscaler-emailservice,3,60,1,,,
2026-08-30 00:59:21,autoscaler,customdas-cpu-queue-autoscaler-frontend,8,60,1,,,
2026-08-30 00:59:21,autoscaler,customdas-cpu-queue-autoscaler-paymentservice,7,60,1,,,
2026-08-30 00:59:21,autoscaler,customdas-cpu-queue-autoscaler-productcatalogservice,6,60,1,,,
2026-08-30 00:59:21,autoscaler,customdas-cpu-queue-autoscaler-recommendationservice,5,60,1,,,
2026-08-30 00:59:21,autoscaler,customdas-cpu-queue-autoscaler-shippingservice,2,60,1,,,
2026-08-30 00:59:21,node,ze-master-node,2269,4093,,56.7,51.5,
2026-08-30 00:59:21,node,ze-worker-node,2192,1850,,54.8,23.3,
2026-08-30 00:59:28,deployment,adservice,44,94,1,,,
2026-08-30 00:59:28,deployment,cartservice,101,45,1,,,
2026-08-30 00:59:28,deployment,checkoutservice,26,12,1,,,
2026-08-30 00:59:28,deployment,currencyservice,266,124,2,,,
2026-08-30 00:59:28,deployment,emailservice,20,40,1,,,
2026-08-30 00:59:28,deployment,frontend,560,78,6,,,
2026-08-30 00:59:28,http_p95_latency,frontend,,,,,,838.5
2026-08-30 00:59:28,deployment,paymentservice,11,31,1,,,
2026-08-30 00:59:28,deployment,productcatalogservice,300,34,4,,,
2026-08-30 00:59:28,deployment,recommendationservice,193,87,2,,,
2026-08-30 00:59:28,deployment,redis-cart,15,32,1,,,
2026-08-30 00:59:28,deployment,shippingservice,26,9,1,,,
2026-08-30 00:59:28,autoscaler,customdas-cpu-queue-autoscaler-adservice,5,60,1,,,
2026-08-30 00:59:28,autoscaler,customdas-cpu-queue-autoscaler-cartservice,7,60,1,,,
2026-08-30 00:59:28,autoscaler,customdas-cpu-queue-autoscaler-checkoutservice,3,60,1,,,
2026-08-30 00:59:28,autoscaler,customdas-cpu-queue-autoscaler-currencyservice,4,60,1,,,
2026-08-30 00:59:28,autoscaler,customdas-cpu-queue-autoscaler-emailservice,3,60,1,,,
2026-08-30 00:59:28,autoscaler,customdas-cpu-queue-autoscaler-frontend,8,60,1,,,
2026-08-30 00:59:28,autoscaler,customdas-cpu-queue-autoscaler-paymentservice,7,60,1,,,
2026-08-30 00:59:28,autoscaler,customdas-cpu-queue-autoscaler-productcatalogservice,6,60,1,,,
2026-08-30 00:59:28,autoscaler,customdas-cpu-queue-autoscaler-recommendationservice,5,60,1,,,
2026-08-30 00:59:28,autoscaler,customdas-cpu-queue-autoscaler-shippingservice,2,60,1,,,
2026-08-30 00:59:28,node,ze-master-node,2269,4093,,56.7,51.5,
2026-08-30 00:59:28,node,ze-worker-node,2192,1850,,54.8,23.3,
2026-08-30 00:59:35,deployment,adservice,47,94,1,,,
2026-08-30 00:59:35,deployment,cartservice,111,45,1,,,
2026-08-30 00:59:35,deployment,checkoutservice,24,12,1,,,
2026-08-30 00:59:35,deployment,currencyservice,280,124,2,,,
2026-08-30 00:59:35,deployment,emailservice,20,40,1,,,
2026-08-30 00:59:35,deployment,frontend,582,80,6,,,
2026-08-30 00:59:35,http_p95_latency,frontend,,,,,,838.5
2026-08-30 00:59:35,deployment,paymentservice,9,31,1,,,
2026-08-30 00:59:35,deployment,productcatalogservice,308,34,4,,,
2026-08-30 00:59:35,deployment,recommendationservice,203,87,2,,,
2026-08-30 00:59:35,deployment,redis-cart,16,32,1,,,
2026-08-30 00:59:35,deployment,shippingservice,26,9,1,,,
2026-08-30 00:59:35,autoscaler,customdas-cpu-queue-autoscaler-adservice,3,60,1,,,
2026-08-30 00:59:35,autoscaler,customdas-cpu-queue-autoscaler-cartservice,4,60,1,,,
2026-08-30 00:59:35,autoscaler,customdas-cpu-queue-autoscaler-checkoutservice,3,60,1,,,
2026-08-30 00:59:35,autoscaler,customdas-cpu-queue-autoscaler-currencyservice,0,60,1,,,
2026-08-30 00:59:35,autoscaler,customdas-cpu-queue-autoscaler-emailservice,4,60,1,,,
2026-08-30 00:59:35,autoscaler,customdas-cpu-queue-autoscaler-frontend,14,60,1,,,
2026-08-30 00:59:35,autoscaler,customdas-cpu-queue-autoscaler-paymentservice,1,60,1,,,
2026-08-30 00:59:35,autoscaler,customdas-cpu-queue-autoscaler-productcatalogservice,4,60,1,,,
2026-08-30 00:59:35,autoscaler,customdas-cpu-queue-autoscaler-recommendationservice,4,60,1,,,
2026-08-30 00:59:35,autoscaler,customdas-cpu-queue-autoscaler-shippingservice,3,60,1,,,
2026-08-30 00:59:35,node,ze-master-node,2316,4106,,57.9,51.7,
2026-08-30 00:59:35,node,ze-worker-node,2273,1843,,56.8,23.2,
2026-08-30 00:59:43,deployment,adservice,47,94,1,,,
2026-08-30 00:59:43,deployment,cartservice,111,45,1,,,
2026-08-30 00:59:43,deployment,checkoutservice,24,12,1,,,
2026-08-30 00:59:43,deployment,currencyservice,280,124,2,,,
2026-08-30 00:59:43,deployment,emailservice,20,40,1,,,
2026-08-30 00:59:43,deployment,frontend,582,80,6,,,
2026-08-30 00:59:43,http_p95_latency,frontend,,,,,,393.4
2026-08-30 00:59:43,deployment,paymentservice,9,31,1,,,
2026-08-30 00:59:43,deployment,productcatalogservice,308,34,4,,,
2026-08-30 00:59:43,deployment,recommendationservice,203,87,2,,,
2026-08-30 00:59:43,deployment,redis-cart,16,32,1,,,
2026-08-30 00:59:43,deployment,shippingservice,26,9,1,,,
2026-08-30 00:59:43,autoscaler,customdas-cpu-queue-autoscaler-adservice,3,60,1,,,
2026-08-30 00:59:43,autoscaler,customdas-cpu-queue-autoscaler-cartservice,4,60,1,,,
2026-08-30 00:59:43,autoscaler,customdas-cpu-queue-autoscaler-checkoutservice,3,60,1,,,
2026-08-30 00:59:43,autoscaler,customdas-cpu-queue-autoscaler-currencyservice,0,60,1,,,
2026-08-30 00:59:43,autoscaler,customdas-cpu-queue-autoscaler-emailservice,4,60,1,,,
2026-08-30 00:59:43,autoscaler,customdas-cpu-queue-autoscaler-frontend,14,60,1,,,
2026-08-30 00:59:43,autoscaler,customdas-cpu-queue-autoscaler-paymentservice,1,60,1,,,
2026-08-30 00:59:43,autoscaler,customdas-cpu-queue-autoscaler-productcatalogservice,4,60,1,,,
2026-08-30 00:59:43,autoscaler,customdas-cpu-queue-autoscaler-recommendationservice,4,60,1,,,
2026-08-30 00:59:43,autoscaler,customdas-cpu-queue-autoscaler-shippingservice,3,60,1,,,
2026-08-30 00:59:43,node,ze-master-node,2316,4106,,57.9,51.7,
2026-08-30 00:59:43,node,ze-worker-node,2273,1843,,56.8,23.2,
2026-08-30 00:59:53,deployment,adservice,50,94,1,,,
2026-08-30 00:59:53,deployment,cartservice,104,45,2,,,
2026-08-30 00:59:53,deployment,checkoutservice,25,12,1,,,
2026-08-30 00:59:53,deployment,currencyservice,278,125,2,,,
2026-08-30 00:59:53,deployment,emailservice,16,40,1,,,
2026-08-30 00:59:53,deployment,frontend,589,80,6,,,
2026-08-30 00:59:53,http_p95_latency,frontend,,,,,,393.4
2026-08-30 00:59:53,deployment,paymentservice,11,31,1,,,
2026-08-30 00:59:53,deployment,productcatalogservice,313,33,5,,,
2026-08-30 00:59:53,deployment,recommendationservice,214,87,2,,,
2026-08-30 00:59:53,deployment,redis-cart,16,32,1,,,
2026-08-30 00:59:53,deployment,shippingservice,23,9,1,,,
2026-08-30 00:59:53,autoscaler,customdas-cpu-queue-autoscaler-adservice,3,60,1,,,
2026-08-30 00:59:53,autoscaler,customdas-cpu-queue-autoscaler-cartservice,4,60,1,,,
2026-08-30 00:59:53,autoscaler,customdas-cpu-queue-autoscaler-checkoutservice,5,60,1,,,
2026-08-30 00:59:53,autoscaler,customdas-cpu-queue-autoscaler-currencyservice,3,60,1,,,
2026-08-30 00:59:53,autoscaler,customdas-cpu-queue-autoscaler-emailservice,0,60,1,,,
2026-08-30 00:59:53,autoscaler,customdas-cpu-queue-autoscaler-frontend,10,60,1,,,
2026-08-30 00:59:53,autoscaler,customdas-cpu-queue-autoscaler-paymentservice,6,60,1,,,
2026-08-30 00:59:53,autoscaler,customdas-cpu-queue-autoscaler-productcatalogservice,7,60,1,,,
2026-08-30 00:59:53,autoscaler,customdas-cpu-queue-autoscaler-recommendationservice,3,60,1,,,
2026-08-30 00:59:53,autoscaler,customdas-cpu-queue-autoscaler-shippingservice,3,60,1,,,
2026-08-30 00:59:53,node,ze-master-node,2373,4107,,59.3,51.7,
2026-08-30 00:59:53,node,ze-worker-node,2325,1859,,58.1,23.4,
2026-08-30 01:00:01,deployment,adservice,50,94,1,,,
2026-08-30 01:00:01,deployment,cartservice,104,45,2,,,
2026-08-30 01:00:01,deployment,checkoutservice,25,12,1,,,
2026-08-30 01:00:01,deployment,currencyservice,278,125,2,,,
2026-08-30 01:00:01,deployment,emailservice,16,40,1,,,
2026-08-30 01:00:01,deployment,frontend,589,80,6,,,
2026-08-30 01:00:01,http_p95_latency,frontend,,,,,,428.5
2026-08-30 01:00:01,deployment,paymentservice,11,31,1,,,
2026-08-30 01:00:01,deployment,productcatalogservice,313,33,5,,,
2026-08-30 01:00:01,deployment,recommendationservice,214,87,2,,,
2026-08-30 01:00:01,deployment,redis-cart,16,32,1,,,
2026-08-30 01:00:01,deployment,shippingservice,23,9,1,,,
2026-08-30 01:00:01,autoscaler,customdas-cpu-queue-autoscaler-adservice,3,60,1,,,
2026-08-30 01:00:01,autoscaler,customdas-cpu-queue-autoscaler-cartservice,4,60,1,,,
2026-08-30 01:00:01,autoscaler,customdas-cpu-queue-autoscaler-checkoutservice,5,60,1,,,
2026-08-30 01:00:01,autoscaler,customdas-cpu-queue-autoscaler-currencyservice,3,60,1,,,
2026-08-30 01:00:01,autoscaler,customdas-cpu-queue-autoscaler-emailservice,0,60,1,,,
2026-08-30 01:00:01,autoscaler,customdas-cpu-queue-autoscaler-frontend,10,60,1,,,
2026-08-30 01:00:01,autoscaler,customdas-cpu-queue-autoscaler-paymentservice,6,60,1,,,
2026-08-30 01:00:01,autoscaler,customdas-cpu-queue-autoscaler-productcatalogservice,7,60,1,,,
2026-08-30 01:00:01,autoscaler,customdas-cpu-queue-autoscaler-recommendationservice,3,60,1,,,
2026-08-30 01:00:01,autoscaler,customdas-cpu-queue-autoscaler-shippingservice,3,60,1,,,
2026-08-30 01:00:01,node,ze-master-node,2373,4107,,59.3,51.7,
2026-08-30 01:00:01,node,ze-worker-node,2325,1859,,58.1,23.4,
2026-08-30 01:00:09,deployment,adservice,48,94,1,,,
2026-08-30 01:00:09,deployment,cartservice,138,59,2,,,
2026-08-30 01:00:09,deployment,checkoutservice,32,12,1,,,
2026-08-30 01:00:09,deployment,currencyservice,300,124,2,,,
2026-08-30 01:00:09,deployment,emailservice,16,40,1,,,
2026-08-30 01:00:09,deployment,frontend,616,80,6,,,
2026-08-30 01:00:09,http_p95_latency,frontend,,,,,,428.5
2026-08-30 01:00:09,deployment,paymentservice,8,30,1,,,
2026-08-30 01:00:09,deployment,productcatalogservice,394,42,5,,,
2026-08-30 01:00:09,deployment,recommendationservice,226,87,2,,,
2026-08-30 01:00:09,deployment,redis-cart,45,32,1,,,
2026-08-30 01:00:09,deployment,shippingservice,29,9,1,,,
2026-08-30 01:00:09,autoscaler,customdas-cpu-queue-autoscaler-adservice,0,60,1,,,
2026-08-30 01:00:09,autoscaler,customdas-cpu-queue-autoscaler-cartservice,3,60,1,,,
2026-08-30 01:00:09,autoscaler,customdas-cpu-queue-autoscaler-checkoutservice,0,60,1,,,
2026-08-30 01:00:09,autoscaler,customdas-cpu-queue-autoscaler-currencyservice,7,60,1,,,
2026-08-30 01:00:09,autoscaler,customdas-cpu-queue-autoscaler-emailservice,4,60,1,,,
2026-08-30 01:00:09,autoscaler,customdas-cpu-queue-autoscaler-frontend,6,60,1,,,
2026-08-30 01:00:09,autoscaler,customdas-cpu-queue-autoscaler-paymentservice,3,60,1,,,
2026-08-30 01:00:09,autoscaler,customdas-cpu-queue-autoscaler-productcatalogservice,5,60,1,,,
2026-08-30 01:00:09,autoscaler,customdas-cpu-queue-autoscaler-recommendationservice,3,60,1,,,
2026-08-30 01:00:09,autoscaler,customdas-cpu-queue-autoscaler-shippingservice,0,60,1,,,
2026-08-30 01:00:09,node,ze-master-node,2460,4118,,61.5,51.9,
2026-08-30 01:00:09,node,ze-worker-node,2568,1883,,64.2,23.7,
2026-08-30 01:00:18,deployment,adservice,48,94,1,,,
2026-08-30 01:00:18,deployment,cartservice,96,59,2,,,
2026-08-30 01:00:18,deployment,checkoutservice,23,12,1,,,
2026-08-30 01:00:18,deployment,currencyservice,275,125,2,,,
2026-08-30 01:00:18,deployment,emailservice,14,40,1,,,
2026-08-30 01:00:18,deployment,frontend,625,80,6,,,
2026-08-30 01:00:18,http_p95_latency,frontend,,,,,,658.5
2026-08-30 01:00:18,deployment,paymentservice,10,31,1,,,
2026-08-30 01:00:18,deployment,productcatalogservice,362,41,5,,,
2026-08-30 01:00:18,deployment,recommendationservice,223,87,2,,,
2026-08-30 01:00:18,deployment,redis-cart,17,32,1,,,
2026-08-30 01:00:18,deployment,shippingservice,23,9,2,,,
2026-08-30 01:00:18,autoscaler,customdas-cpu-queue-autoscaler-adservice,4,60,1,,,
2026-08-30 01:00:18,autoscaler,customdas-cpu-queue-autoscaler-cartservice,4,60,1,,,
2026-08-30 01:00:18,autoscaler,customdas-cpu-queue-autoscaler-checkoutservice,4,60,1,,,
2026-08-30 01:00:18,autoscaler,customdas-cpu-queue-autoscaler-currencyservice,5,60,1,,,
2026-08-30 01:00:18,autoscaler,customdas-cpu-queue-autoscaler-emailservice,3,60,1,,,
2026-08-30 01:00:18,autoscaler,customdas-cpu-queue-autoscaler-frontend,2,60,1,,,
2026-08-30 01:00:18,autoscaler,customdas-cpu-queue-autoscaler-paymentservice,3,60,1,,,
2026-08-30 01:00:18,autoscaler,customdas-cpu-queue-autoscaler-productcatalogservice,6,60,1,,,
2026-08-30 01:00:18,autoscaler,customdas-cpu-queue-autoscaler-recommendationservice,4,60,1,,,
2026-08-30 01:00:18,autoscaler,customdas-cpu-queue-autoscaler-shippingservice,4,60,1,,,
2026-08-30 01:00:18,node,ze-master-node,2683,4043,,67.1,50.9,
2026-08-30 01:00:18,node,ze-worker-node,2569,1908,,64.2,24.0,
2026-08-30 01:00:26,deployment,adservice,54,94,1,,,
2026-08-30 01:00:26,deployment,cartservice,96,59,2,,,
2026-08-30 01:00:26,deployment,checkoutservice,23,12,1,,,
2026-08-30 01:00:26,deployment,currencyservice,275,125,2,,,
2026-08-30 01:00:26,deployment,emailservice,14,40,1,,,
2026-08-30 01:00:26,deployment,frontend,625,80,6,,,
2026-08-30 01:00:26,http_p95_latency,frontend,,,,,,732.8
2026-08-30 01:00:26,deployment,paymentservice,10,31,1,,,
2026-08-30 01:00:26,deployment,productcatalogservice,362,41,5,,,
2026-08-30 01:00:26,deployment,recommendationservice,223,87,2,,,
2026-08-30 01:00:26,deployment,redis-cart,17,32,1,,,
2026-08-30 01:00:26,deployment,shippingservice,23,9,2,,,
2026-08-30 01:00:26,autoscaler,customdas-cpu-queue-autoscaler-adservice,4,60,1,,,
2026-08-30 01:00:26,autoscaler,customdas-cpu-queue-autoscaler-cartservice,4,60,1,,,
2026-08-30 01:00:26,autoscaler,customdas-cpu-queue-autoscaler-checkoutservice,4,60,1,,,
2026-08-30 01:00:26,autoscaler,customdas-cpu-queue-autoscaler-currencyservice,5,60,1,,,
2026-08-30 01:00:26,autoscaler,customdas-cpu-queue-autoscaler-emailservice,3,60,1,,,
2026-08-30 01:00:26,autoscaler,customdas-cpu-queue-autoscaler-frontend,2,60,1,,,
2026-08-30 01:00:26,autoscaler,customdas-cpu-queue-autoscaler-paymentservice,3,60,1,,,
2026-08-30 01:00:26,autoscaler,customdas-cpu-queue-autoscaler-productcatalogservice,6,60,1,,,
2026-08-30 01:00:26,autoscaler,customdas-cpu-queue-autoscaler-recommendationservice,4,60,1,,,
2026-08-30 01:00:26,autoscaler,customdas-cpu-queue-autoscaler-shippingservice,4,60,1,,,
2026-08-30 01:00:26,node,ze-master-node,2683,4043,,67.1,50.9,
2026-08-30 01:00:26,node,ze-worker-node,2569,1908,,64.2,24.0,
2026-08-30 01:00:34,deployment,adservice,53,94,1,,,
2026-08-30 01:00:34,deployment,cartservice,310,80,2,,,
2026-08-30 01:00:34,deployment,checkoutservice,30,12,2,,,
2026-08-30 01:00:34,deployment,currencyservice,296,125,2,,,
2026-08-30 01:00:34,deployment,emailservice,14,40,1,,,
2026-08-30 01:00:34,deployment,frontend,632,80,6,,,
2026-08-30 01:00:34,http_p95_latency,frontend,,,,,,732.8
2026-08-30 01:00:34,deployment,paymentservice,9,30,1,,,
2026-08-30 01:00:34,deployment,productcatalogservice,354,41,5,,,
2026-08-30 01:00:34,deployment,recommendationservice,230,87,3,,,
2026-08-30 01:00:34,deployment,redis-cart,17,32,1,,,
2026-08-30 01:00:34,deployment,shippingservice,47,16,2,,,
2026-08-30 01:00:34,autoscaler,customdas-cpu-queue-autoscaler-adservice,3,60,1,,,
2026-08-30 01:00:34,autoscaler,customdas-cpu-queue-autoscaler-cartservice,5,60,1,,,
2026-08-30 01:00:34,autoscaler,customdas-cpu-queue-autoscaler-checkoutservice,3,60,1,,,
2026-08-30 01:00:34,autoscaler,customdas-cpu-queue-autoscaler-currencyservice,5,60,1,,,
2026-08-30 01:00:34,autoscaler,customdas-cpu-queue-autoscaler-emailservice,0,60,1,,,
2026-08-30 01:00:34,autoscaler,customdas-cpu-queue-autoscaler-frontend,2,60,1,,,
2026-08-30 01:00:34,autoscaler,customdas-cpu-queue-autoscaler-paymentservice,3,60,1,,,
2026-08-30 01:00:34,autoscaler,customdas-cpu-queue-autoscaler-productcatalogservice,0,60,1,,,
2026-08-30 01:00:34,autoscaler,customdas-cpu-queue-autoscaler-recommendationservice,0,60,1,,,
2026-08-30 01:00:34,autoscaler,customdas-cpu-queue-autoscaler-shippingservice,3,60,1,,,
2026-08-30 01:00:34,node,ze-master-node,2307,4052,,57.7,51.0,
2026-08-30 01:00:34,node,ze-worker-node,2656,1918,,66.4,24.2,
2026-08-30 01:00:42,deployment,adservice,53,94,1,,,
2026-08-30 01:00:42,deployment,cartservice,310,80,2,,,
2026-08-30 01:00:42,deployment,checkoutservice,30,12,2,,,
2026-08-30 01:00:42,deployment,currencyservice,296,125,2,,,
2026-08-30 01:00:42,deployment,emailservice,14,40,1,,,
2026-08-30 01:00:42,deployment,frontend,632,80,7,,,
2026-08-30 01:00:42,http_p95_latency,frontend,,,,,,674.3
2026-08-30 01:00:42,deployment,paymentservice,9,30,1,,,
2026-08-30 01:00:42,deployment,productcatalogservice,354,41,5,,,
2026-08-30 01:00:42,deployment,recommendationservice,230,87,3,,,
2026-08-30 01:00:42,deployment,redis-cart,17,32,1,,,
2026-08-30 01:00:42,deployment,shippingservice,47,16,2,,,
2026-08-30 01:00:42,autoscaler,customdas-cpu-queue-autoscaler-adservice,3,60,1,,,
2026-08-30 01:00:42,autoscaler,customdas-cpu-queue-autoscaler-cartservice,5,60,1,,,
2026-08-30 01:00:42,autoscaler,customdas-cpu-queue-autoscaler-checkoutservice,3,60,1,,,
2026-08-30 01:00:42,autoscaler,customdas-cpu-queue-autoscaler-currencyservice,5,60,1,,,
2026-08-30 01:00:42,autoscaler,customdas-cpu-queue-autoscaler-emailservice,0,60,1,,,
2026-08-30 01:00:42,autoscaler,customdas-cpu-queue-autoscaler-frontend,2,60,1,,,
2026-08-30 01:00:42,autoscaler,customdas-cpu-queue-autoscaler-paymentservice,3,60,1,,,
2026-08-30 01:00:42,autoscaler,customdas-cpu-queue-autoscaler-productcatalogservice,0,60,1,,,
2026-08-30 01:00:42,autoscaler,customdas-cpu-queue-autoscaler-recommendationservice,0,60,1,,,
2026-08-30 01:00:42,autoscaler,customdas-cpu-queue-autoscaler-shippingservice,3,60,1,,,
2026-08-30 01:00:42,node,ze-master-node,2307,4052,,57.7,51.0,
2026-08-30 01:00:42,node,ze-worker-node,2656,1918,,66.4,24.2,
2026-08-30 01:00:49,deployment,adservice,50,94,1,,,
2026-08-30 01:00:49,deployment,cartservice,205,78,2,,,
2026-08-30 01:00:49,deployment,checkoutservice,49,20,2,,,
2026-08-30 01:00:49,deployment,currencyservice,282,125,2,,,
2026-08-30 01:00:49,deployment,emailservice,14,40,1,,,
2026-08-30 01:00:49,deployment,frontend,640,86,7,,,
2026-08-30 01:00:49,http_p95_latency,frontend,,,,,,674.3
2026-08-30 01:00:49,deployment,paymentservice,11,31,1,,,
2026-08-30 01:00:49,deployment,productcatalogservice,354,41,5,,,
2026-08-30 01:00:49,deployment,recommendationservice,295,126,3,,,
2026-08-30 01:00:49,deployment,redis-cart,16,32,1,,,
2026-08-30 01:00:49,deployment,shippingservice,41,16,2,,,
2026-08-30 01:00:49,autoscaler,customdas-cpu-queue-autoscaler-adservice,5,60,1,,,
2026-08-30 01:00:49,autoscaler,customdas-cpu-queue-autoscaler-cartservice,5,60,1,,,
2026-08-30 01:00:49,autoscaler,customdas-cpu-queue-autoscaler-checkoutservice,4,60,1,,,
2026-08-30 01:00:49,autoscaler,customdas-cpu-queue-autoscaler-currencyservice,0,60,1,,,
2026-08-30 01:00:49,autoscaler,customdas-cpu-queue-autoscaler-emailservice,4,60,1,,,
2026-08-30 01:00:49,autoscaler,customdas-cpu-queue-autoscaler-frontend,6,60,1,,,
2026-08-30 01:00:49,autoscaler,customdas-cpu-queue-autoscaler-paymentservice,3,60,1,,,
2026-08-30 01:00:49,autoscaler,customdas-cpu-queue-autoscaler-productcatalogservice,5,60,1,,,
2026-08-30 01:00:49,autoscaler,customdas-cpu-queue-autoscaler-recommendationservice,3,60,1,,,
2026-08-30 01:00:49,autoscaler,customdas-cpu-queue-autoscaler-shippingservice,2,60,1,,,
2026-08-30 01:00:49,node,ze-master-node,2532,4112,,63.3,51.8,
2026-08-30 01:00:49,node,ze-worker-node,2619,1932,,65.5,24.3,
2026-08-30 01:00:57,deployment,adservice,50,94,1,,,
2026-08-30 01:00:57,deployment,cartservice,205,78,2,,,
2026-08-30 01:00:57,deployment,checkoutservice,49,20,2,,,
2026-08-30 01:00:57,deployment,currencyservice,282,125,2,,,
2026-08-30 01:00:57,deployment,emailservice,14,40,1,,,
2026-08-30 01:00:57,deployment,frontend,640,86,7,,,
2026-08-30 01:00:57,http_p95_latency,frontend,,,,,,374.4
2026-08-30 01:00:57,deployment,paymentservice,11,31,1,,,
2026-08-30 01:00:57,deployment,productcatalogservice,354,41,5,,,
2026-08-30 01:00:57,deployment,recommendationservice,295,126,3,,,
2026-08-30 01:00:57,deployment,redis-cart,16,32,1,,,
2026-08-30 01:00:57,deployment,shippingservice,41,16,2,,,
2026-08-30 01:00:57,autoscaler,customdas-cpu-queue-autoscaler-adservice,5,60,1,,,
2026-08-30 01:00:57,autoscaler,customdas-cpu-queue-autoscaler-cartservice,5,60,1,,,
2026-08-30 01:00:57,autoscaler,customdas-cpu-queue-autoscaler-checkoutservice,4,60,1,,,
2026-08-30 01:00:57,autoscaler,customdas-cpu-queue-autoscaler-currencyservice,0,60,1,,,
2026-08-30 01:00:57,autoscaler,customdas-cpu-queue-autoscaler-emailservice,4,60,1,,,
2026-08-30 01:00:57,autoscaler,customdas-cpu-queue-autoscaler-frontend,6,60,1,,,
2026-08-30 01:00:57,autoscaler,customdas-cpu-queue-autoscaler-paymentservice,3,60,1,,,
2026-08-30 01:00:57,autoscaler,customdas-cpu-queue-autoscaler-productcatalogservice,5,60,1,,,
2026-08-30 01:00:57,autoscaler,customdas-cpu-queue-autoscaler-recommendationservice,3,60,1,,,
2026-08-30 01:00:57,autoscaler,customdas-cpu-queue-autoscaler-shippingservice,2,60,1,,,
2026-08-30 01:00:57,node,ze-master-node,2532,4112,,63.3,51.8,
2026-08-30 01:00:57,node,ze-worker-node,2619,1932,,65.5,24.3,
2026-08-30 01:01:04,deployment,adservice,58,94,1,,,
2026-08-30 01:01:04,deployment,cartservice,180,79,2,,,
2026-08-30 01:01:04,deployment,checkoutservice,37,21,2,,,
2026-08-30 01:01:04,deployment,currencyservice,324,123,2,,,
2026-08-30 01:01:04,deployment,emailservice,10,40,1,,,
2026-08-30 01:01:04,deployment,frontend,752,89,7,,,
2026-08-30 01:01:04,http_p95_latency,frontend,,,,,,374.4
2026-08-30 01:01:04,deployment,paymentservice,9,31,1,,,
2026-08-30 01:01:04,deployment,productcatalogservice,380,41,5,,,
2026-08-30 01:01:04,deployment,recommendationservice,264,130,3,,,
2026-08-30 01:01:04,deployment,redis-cart,17,32,1,,,
2026-08-30 01:01:04,deployment,shippingservice,39,16,2,,,
2026-08-30 01:01:04,autoscaler,customdas-cpu-queue-autoscaler-adservice,0,60,1,,,
2026-08-30 01:01:04,autoscaler,customdas-cpu-queue-autoscaler-cartservice,3,60,1,,,
2026-08-30 01:01:04,autoscaler,customdas-cpu-queue-autoscaler-checkoutservice,4,60,1,,,
2026-08-30 01:01:04,autoscaler,customdas-cpu-queue-autoscaler-currencyservice,5,60,1,,,
2026-08-30 01:01:04,autoscaler,customdas-cpu-queue-autoscaler-emailservice,2,60,1,,,
2026-08-30 01:01:04,autoscaler,customdas-cpu-queue-autoscaler-frontend,6,60,1,,,
2026-08-30 01:01:04,autoscaler,customdas-cpu-queue-autoscaler-paymentservice,5,60,1,,,
2026-08-30 01:01:04,autoscaler,customdas-cpu-queue-autoscaler-productcatalogservice,8,60,1,,,
2026-08-30 01:01:04,autoscaler,customdas-cpu-queue-autoscaler-recommendationservice,5,60,1,,,
2026-08-30 01:01:04,autoscaler,customdas-cpu-queue-autoscaler-shippingservice,2,60,1,,,
2026-08-30 01:01:04,node,ze-master-node,2582,4128,,64.5,52.0,
2026-08-30 01:01:04,node,ze-worker-node,2753,1921,,68.8,24.2,
2026-08-30 01:01:14,deployment,adservice,58,94,1,,,
2026-08-30 01:01:14,deployment,cartservice,180,79,2,,,
2026-08-30 01:01:14,deployment,checkoutservice,37,21,2,,,
2026-08-30 01:01:14,deployment,currencyservice,324,123,2,,,
2026-08-30 01:01:14,deployment,emailservice,10,40,1,,,
2026-08-30 01:01:14,deployment,frontend,752,89,7,,,
2026-08-30 01:01:14,http_p95_latency,frontend,,,,,,246.0
2026-08-30 01:01:14,deployment,paymentservice,9,31,1,,,
2026-08-30 01:01:14,deployment,productcatalogservice,380,41,6,,,
2026-08-30 01:01:14,deployment,recommendationservice,264,130,3,,,
2026-08-30 01:01:14,deployment,redis-cart,17,32,1,,,
2026-08-30 01:01:14,deployment,shippingservice,39,16,2,,,
2026-08-30 01:01:14,autoscaler,customdas-cpu-queue-autoscaler-adservice,0,60,1,,,
2026-08-30 01:01:14,autoscaler,customdas-cpu-queue-autoscaler-cartservice,3,60,1,,,
2026-08-30 01:01:14,autoscaler,customdas-cpu-queue-autoscaler-checkoutservice,4,60,1,,,
2026-08-30 01:01:14,autoscaler,customdas-cpu-queue-autoscaler-currencyservice,5,60,1,,,
2026-08-30 01:01:14,autoscaler,customdas-cpu-queue-autoscaler-emailservice,2,60,1,,,
2026-08-30 01:01:14,autoscaler,customdas-cpu-queue-autoscaler-frontend,6,60,1,,,
2026-08-30 01:01:14,autoscaler,customdas-cpu-queue-autoscaler-paymentservice,5,60,1,,,
2026-08-30 01:01:14,autoscaler,customdas-cpu-queue-autoscaler-productcatalogservice,8,60,1,,,
2026-08-30 01:01:14,autoscaler,customdas-cpu-queue-autoscaler-recommendationservice,5,60,1,,,
2026-08-30 01:01:14,autoscaler,customdas-cpu-queue-autoscaler-shippingservice,2,60,1,,,
2026-08-30 01:01:14,node,ze-master-node,2582,4128,,64.5,52.0,
2026-08-30 01:01:14,node,ze-worker-node,2753,1921,,68.8,24.2,
2026-08-30 01:01:23,deployment,adservice,63,94,1,,,
2026-08-30 01:01:23,deployment,cartservice,199,79,2,,,
2026-08-30 01:01:23,deployment,checkoutservice,45,21,2,,,
2026-08-30 01:01:23,deployment,currencyservice,326,124,2,,,
2026-08-30 01:01:23,deployment,emailservice,16,40,1,,,
2026-08-30 01:01:23,deployment,frontend,715,90,7,,,
2026-08-30 01:01:23,http_p95_latency,frontend,,,,,,246.0
2026-08-30 01:01:23,deployment,paymentservice,11,31,1,,,
2026-08-30 01:01:23,deployment,productcatalogservice,388,41,6,,,
2026-08-30 01:01:23,deployment,recommendationservice,263,128,3,,,
2026-08-30 01:01:23,deployment,redis-cart,19,32,1,,,
2026-08-30 01:01:23,deployment,shippingservice,45,16,2,,,
2026-08-30 01:01:23,autoscaler,customdas-cpu-queue-autoscaler-adservice,4,60,1,,,
2026-08-30 01:01:23,autoscaler,customdas-cpu-queue-autoscaler-cartservice,0,60,1,,,
2026-08-30 01:01:23,autoscaler,customdas-cpu-queue-autoscaler-checkoutservice,3,60,1,,,
2026-08-30 01:01:23,autoscaler,customdas-cpu-queue-autoscaler-currencyservice,2,60,1,,,
2026-08-30 01:01:23,autoscaler,customdas-cpu-queue-autoscaler-emailservice,3,60,1,,,
2026-08-30 01:01:23,autoscaler,customdas-cpu-queue-autoscaler-frontend,7,60,1,,,
2026-08-30 01:01:23,autoscaler,customdas-cpu-queue-autoscaler-paymentservice,2,60,1,,,
2026-08-30 01:01:23,autoscaler,customdas-cpu-queue-autoscaler-productcatalogservice,6,60,1,,,
2026-08-30 01:01:23,autoscaler,customdas-cpu-queue-autoscaler-recommendationservice,4,60,1,,,
2026-08-30 01:01:23,autoscaler,customdas-cpu-queue-autoscaler-shippingservice,2,60,1,,,
2026-08-30 01:01:23,node,ze-master-node,2722,4062,,68.0,51.2,
2026-08-30 01:01:23,node,ze-worker-node,2787,1931,,69.7,24.3,
2026-08-30 01:01:31,deployment,adservice,63,94,1,,,
2026-08-30 01:01:31,deployment,cartservice,199,79,2,,,
2026-08-30 01:01:31,deployment,checkoutservice,45,21,2,,,
2026-08-30 01:01:31,deployment,currencyservice,326,124,2,,,
2026-08-30 01:01:31,deployment,emailservice,16,40,1,,,
2026-08-30 01:01:31,deployment,frontend,715,90,8,,,
2026-08-30 01:01:31,http_p95_latency,frontend,,,,,,225.6
2026-08-30 01:01:31,deployment,paymentservice,11,31,1,,,
2026-08-30 01:01:31,deployment,productcatalogservice,388,41,6,,,
2026-08-30 01:01:31,deployment,recommendationservice,263,128,3,,,
2026-08-30 01:01:31,deployment,redis-cart,19,32,1,,,
2026-08-30 01:01:31,deployment,shippingservice,45,16,2,,,
2026-08-30 01:01:31,autoscaler,customdas-cpu-queue-autoscaler-adservice,4,60,1,,,
2026-08-30 01:01:31,autoscaler,customdas-cpu-queue-autoscaler-cartservice,0,60,1,,,
2026-08-30 01:01:31,autoscaler,customdas-cpu-queue-autoscaler-checkoutservice,3,60,1,,,
2026-08-30 01:01:31,autoscaler,customdas-cpu-queue-autoscaler-currencyservice,2,60,1,,,
2026-08-30 01:01:31,autoscaler,customdas-cpu-queue-autoscaler-emailservice,3,60,1,,,
2026-08-30 01:01:31,autoscaler,customdas-cpu-queue-autoscaler-frontend,11,60,1,,,
2026-08-30 01:01:31,autoscaler,customdas-cpu-queue-autoscaler-paymentservice,6,60,1,,,
2026-08-30 01:01:31,autoscaler,customdas-cpu-queue-autoscaler-productcatalogservice,5,60,1,,,
2026-08-30 01:01:31,autoscaler,customdas-cpu-queue-autoscaler-recommendationservice,4,60,1,,,
2026-08-30 01:01:31,autoscaler,customdas-cpu-queue-autoscaler-shippingservice,2,60,1,,,
2026-08-30 01:01:31,node,ze-master-node,2729,4076,,68.2,51.3,
2026-08-30 01:01:31,node,ze-worker-node,2729,1953,,68.2,24.6,
2026-08-30 01:01:40,deployment,adservice,56,94,1,,,
2026-08-30 01:01:40,deployment,cartservice,224,84,2,,,
2026-08-30 01:01:40,deployment,checkoutservice,49,21,2,,,
2026-08-30 01:01:40,deployment,currencyservice,325,125,2,,,
2026-08-30 01:01:40,deployment,emailservice,14,40,1,,,
2026-08-30 01:01:40,deployment,frontend,729,91,8,,,
2026-08-30 01:01:40,http_p95_latency,frontend,,,,,,225.6
2026-08-30 01:01:40,deployment,paymentservice,10,30,1,,,
2026-08-30 01:01:40,deployment,productcatalogservice,408,49,6,,,
2026-08-30 01:01:40,deployment,recommendationservice,258,128,3,,,
2026-08-30 01:01:40,deployment,redis-cart,19,32,1,,,
2026-08-30 01:01:40,deployment,shippingservice,43,16,2,,,
2026-08-30 01:01:40,autoscaler,customdas-cpu-queue-autoscaler-adservice,4,60,1,,,
2026-08-30 01:01:40,autoscaler,customdas-cpu-queue-autoscaler-cartservice,3,60,1,,,
2026-08-30 01:01:40,autoscaler,customdas-cpu-queue-autoscaler-checkoutservice,2,60,1,,,
2026-08-30 01:01:40,autoscaler,customdas-cpu-queue-autoscaler-currencyservice,4,60,1,,,
2026-08-30 01:01:40,autoscaler,customdas-cpu-queue-autoscaler-emailservice,0,60,1,,,
2026-08-30 01:01:40,autoscaler,customdas-cpu-queue-autoscaler-frontend,11,60,1,,,
2026-08-30 01:01:40,autoscaler,customdas-cpu-queue-autoscaler-paymentservice,6,60,1,,,
2026-08-30 01:01:40,autoscaler,customdas-cpu-queue-autoscaler-productcatalogservice,5,60,1,,,
2026-08-30 01:01:40,autoscaler,customdas-cpu-queue-autoscaler-recommendationservice,4,60,1,,,
2026-08-30 01:01:40,autoscaler,customdas-cpu-queue-autoscaler-shippingservice,2,60,1,,,
2026-08-30 01:01:40,node,ze-master-node,2729,4076,,68.2,51.3,
2026-08-30 01:01:40,node,ze-worker-node,2729,1953,,68.2,24.6,
2026-08-30 01:01:49,deployment,adservice,56,94,1,,,
2026-08-30 01:01:49,deployment,cartservice,227,83,2,,,
2026-08-30 01:01:49,deployment,checkoutservice,45,21,2,,,
2026-08-30 01:01:49,deployment,currencyservice,325,125,2,,,
2026-08-30 01:01:49,deployment,emailservice,17,40,1,,,
2026-08-30 01:01:49,deployment,frontend,696,100,8,,,
2026-08-30 01:01:49,http_p95_latency,frontend,,,,,,209.0
2026-08-30 01:01:49,deployment,paymentservice,14,31,1,,,
2026-08-30 01:01:49,deployment,productcatalogservice,402,50,6,,,
2026-08-30 01:01:49,deployment,recommendationservice,264,128,3,,,
2026-08-30 01:01:49,deployment,redis-cart,19,32,1,,,
2026-08-30 01:01:49,deployment,shippingservice,43,16,2,,,
2026-08-30 01:01:49,autoscaler,customdas-cpu-queue-autoscaler-adservice,3,60,1,,,
2026-08-30 01:01:49,autoscaler,customdas-cpu-queue-autoscaler-cartservice,3,60,1,,,
2026-08-30 01:01:49,autoscaler,customdas-cpu-queue-autoscaler-checkoutservice,3,60,1,,,
2026-08-30 01:01:49,autoscaler,customdas-cpu-queue-autoscaler-currencyservice,2,60,1,,,
2026-08-30 01:01:49,autoscaler,customdas-cpu-queue-autoscaler-emailservice,3,60,1,,,
2026-08-30 01:01:49,autoscaler,customdas-cpu-queue-autoscaler-frontend,0,60,1,,,
2026-08-30 01:01:49,autoscaler,customdas-cpu-queue-autoscaler-paymentservice,0,60,1,,,
2026-08-30 01:01:49,autoscaler,customdas-cpu-queue-autoscaler-productcatalogservice,6,60,1,,,
2026-08-30 01:01:49,autoscaler,customdas-cpu-queue-autoscaler-recommendationservice,4,60,1,,,
2026-08-30 01:01:49,autoscaler,customdas-cpu-queue-autoscaler-shippingservice,3,60,1,,,
2026-08-30 01:01:49,node,ze-master-node,2667,4078,,66.7,51.4,
2026-08-30 01:01:49,node,ze-worker-node,2844,1959,,71.1,24.7,
2026-08-30 01:01:57,deployment,adservice,56,94,1,,,
2026-08-30 01:01:57,deployment,cartservice,227,83,2,,,
2026-08-30 01:01:57,deployment,checkoutservice,45,21,2,,,
2026-08-30 01:01:57,deployment,currencyservice,325,125,2,,,
2026-08-30 01:01:57,deployment,emailservice,17,40,1,,,
2026-08-30 01:01:57,deployment,frontend,696,100,8,,,
2026-08-30 01:01:57,http_p95_latency,frontend,,,,,,203.0
2026-08-30 01:01:57,deployment,paymentservice,14,31,1,,,
2026-08-30 01:01:57,deployment,productcatalogservice,402,50,6,,,
2026-08-30 01:01:57,deployment,recommendationservice,264,128,3,,,
2026-08-30 01:01:57,deployment,redis-cart,19,32,1,,,
2026-08-30 01:01:57,deployment,shippingservice,43,16,2,,,
2026-08-30 01:01:57,autoscaler,customdas-cpu-queue-autoscaler-adservice,3,60,1,,,
2026-08-30 01:01:57,autoscaler,customdas-cpu-queue-autoscaler-cartservice,3,60,1,,,
2026-08-30 01:01:57,autoscaler,customdas-cpu-queue-autoscaler-checkoutservice,3,60,1,,,
2026-08-30 01:01:57,autoscaler,customdas-cpu-queue-autoscaler-currencyservice,2,60,1,,,
2026-08-30 01:01:57,autoscaler,customdas-cpu-queue-autoscaler-emailservice,3,60,1,,,
2026-08-30 01:01:57,autoscaler,customdas-cpu-queue-autoscaler-frontend,0,60,1,,,
2026-08-30 01:01:57,autoscaler,customdas-cpu-queue-autoscaler-paymentservice,0,60,1,,,
2026-08-30 01:01:57,autoscaler,customdas-cpu-queue-autoscaler-productcatalogservice,6,60,1,,,
2026-08-30 01:01:57,autoscaler,customdas-cpu-queue-autoscaler-recommendationservice,4,60,1,,,
2026-08-30 01:01:57,autoscaler,customdas-cpu-queue-autoscaler-shippingservice,3,60,1,,,
2026-08-30 01:01:57,node,ze-master-node,2667,4078,,66.7,51.4,
2026-08-30 01:01:57,node,ze-worker-node,2844,1959,,71.1,24.7,
2026-08-30 01:02:06,deployment,adservice,58,94,1,,,
2026-08-30 01:02:06,deployment,cartservice,207,83,2,,,
2026-08-30 01:02:06,deployment,checkoutservice,41,21,2,,,
2026-08-30 01:02:06,deployment,currencyservice,326,123,2,,,
2026-08-30 01:02:06,deployment,emailservice,13,40,1,,,
2026-08-30 01:02:06,deployment,frontend,755,101,8,,,
2026-08-30 01:02:06,http_p95_latency,frontend,,,,,,203.0
2026-08-30 01:02:06,deployment,paymentservice,9,31,1,,,
2026-08-30 01:02:06,deployment,productcatalogservice,398,49,6,,,
2026-08-30 01:02:06,deployment,recommendationservice,247,128,3,,,
2026-08-30 01:02:06,deployment,redis-cart,19,32,1,,,
2026-08-30 01:02:06,deployment,shippingservice,44,16,2,,,
2026-08-30 01:02:06,autoscaler,customdas-cpu-queue-autoscaler-adservice,4,60,1,,,
2026-08-30 01:02:06,autoscaler,customdas-cpu-queue-autoscaler-cartservice,2,60,1,,,
2026-08-30 01:02:06,autoscaler,customdas-cpu-queue-autoscaler-checkoutservice,6,60,1,,,
2026-08-30 01:02:06,autoscaler,customdas-cpu-queue-autoscaler-currencyservice,2,60,1,,,
2026-08-30 01:02:06,autoscaler,customdas-cpu-queue-autoscaler-emailservice,3,60,1,,,
2026-08-30 01:02:06,autoscaler,customdas-cpu-queue-autoscaler-frontend,10,60,1,,,
2026-08-30 01:02:06,autoscaler,customdas-cpu-queue-autoscaler-paymentservice,3,60,1,,,
2026-08-30 01:02:06,autoscaler,customdas-cpu-queue-autoscaler-productcatalogservice,6,60,1,,,
2026-08-30 01:02:06,autoscaler,customdas-cpu-queue-autoscaler-recommendationservice,0,60,1,,,
2026-08-30 01:02:06,autoscaler,customdas-cpu-queue-autoscaler-shippingservice,3,60,1,,,
2026-08-30 01:02:06,node,ze-master-node,2571,4100,,64.3,51.6,
2026-08-30 01:02:06,node,ze-worker-node,2731,1962,,68.3,24.7,
2026-08-30 01:02:16,deployment,adservice,58,94,1,,,
2026-08-30 01:02:16,deployment,cartservice,207,83,2,,,
2026-08-30 01:02:16,deployment,checkoutservice,41,21,2,,,
2026-08-30 01:02:16,deployment,currencyservice,326,123,2,,,
2026-08-30 01:02:16,deployment,emailservice,13,40,1,,,
2026-08-30 01:02:16,deployment,frontend,755,101,8,,,
2026-08-30 01:02:16,http_p95_latency,frontend,,,,,,220.7
2026-08-30 01:02:16,deployment,paymentservice,9,31,1,,,
2026-08-30 01:02:16,deployment,productcatalogservice,398,49,6,,,
2026-08-30 01:02:16,deployment,recommendationservice,247,128,3,,,
2026-08-30 01:02:16,deployment,redis-cart,19,32,1,,,
2026-08-30 01:02:16,deployment,shippingservice,44,16,2,,,
2026-08-30 01:02:16,autoscaler,customdas-cpu-queue-autoscaler-adservice,4,60,1,,,
2026-08-30 01:02:16,autoscaler,customdas-cpu-queue-autoscaler-cartservice,2,60,1,,,
2026-08-30 01:02:16,autoscaler,customdas-cpu-queue-autoscaler-checkoutservice,6,60,1,,,
2026-08-30 01:02:16,autoscaler,customdas-cpu-queue-autoscaler-currencyservice,2,60,1,,,
2026-08-30 01:02:16,autoscaler,customdas-cpu-queue-autoscaler-emailservice,3,60,1,,,
2026-08-30 01:02:16,autoscaler,customdas-cpu-queue-autoscaler-frontend,10,60,1,,,
2026-08-30 01:02:16,autoscaler,customdas-cpu-queue-autoscaler-paymentservice,3,60,1,,,
2026-08-30 01:02:16,autoscaler,customdas-cpu-queue-autoscaler-productcatalogservice,6,60,1,,,
2026-08-30 01:02:16,autoscaler,customdas-cpu-queue-autoscaler-recommendationservice,0,60,1,,,
2026-08-30 01:02:16,autoscaler,customdas-cpu-queue-autoscaler-shippingservice,3,60,1,,,
2026-08-30 01:02:16,node,ze-master-node,2571,4100,,64.3,51.6,
2026-08-30 01:02:16,node,ze-worker-node,2731,1962,,68.3,24.7,
2026-08-30 01:02:24,deployment,adservice,61,94,1,,,
2026-08-30 01:02:24,deployment,cartservice,192,84,2,,,
2026-08-30 01:02:24,deployment,checkoutservice,47,21,2,,,
2026-08-30 01:02:24,deployment,currencyservice,326,125,2,,,
2026-08-30 01:02:24,deployment,emailservice,17,40,1,,,
2026-08-30 01:02:24,deployment,frontend,748,102,8,,,
2026-08-30 01:02:24,http_p95_latency,frontend,,,,,,220.7
2026-08-30 01:02:24,deployment,paymentservice,10,31,1,,,
2026-08-30 01:02:24,deployment,productcatalogservice,411,49,6,,,
2026-08-30 01:02:24,deployment,recommendationservice,256,128,3,,,
2026-08-30 01:02:24,deployment,redis-cart,45,32,1,,,
2026-08-30 01:02:24,deployment,shippingservice,43,16,2,,,
2026-08-30 01:02:24,autoscaler,customdas-cpu-queue-autoscaler-adservice,2,60,1,,,
2026-08-30 01:02:24,autoscaler,customdas-cpu-queue-autoscaler-cartservice,2,60,1,,,
2026-08-30 01:02:24,autoscaler,customdas-cpu-queue-autoscaler-checkoutservice,3,60,1,,,
2026-08-30 01:02:24,autoscaler,customdas-cpu-queue-autoscaler-currencyservice,2,60,1,,,
2026-08-30 01:02:24,autoscaler,customdas-cpu-queue-autoscaler-emailservice,3,60,1,,,
2026-08-30 01:02:24,autoscaler,customdas-cpu-queue-autoscaler-frontend,6,60,1,,,
2026-08-30 01:02:24,autoscaler,customdas-cpu-queue-autoscaler-paymentservice,4,60,1,,,
2026-08-30 01:02:24,autoscaler,customdas-cpu-queue-autoscaler-productcatalogservice,5,60,1,,,
2026-08-30 01:02:24,autoscaler,customdas-cpu-queue-autoscaler-recommendationservice,3,60,1,,,
2026-08-30 01:02:24,autoscaler,customdas-cpu-queue-autoscaler-shippingservice,3,60,1,,,
2026-08-30 01:02:24,node,ze-master-node,2577,4083,,64.4,51.4,
2026-08-30 01:02:24,node,ze-worker-node,2950,1952,,73.8,24.6,
2026-08-30 01:02:34,deployment,adservice,59,94,1,,,
2026-08-30 01:02:34,deployment,cartservice,189,83,2,,,
2026-08-30 01:02:34,deployment,checkoutservice,43,21,2,,,
2026-08-30 01:02:34,deployment,currencyservice,340,126,2,,,
2026-08-30 01:02:34,deployment,emailservice,15,40,1,,,
2026-08-30 01:02:34,deployment,frontend,766,102,8,,,
2026-08-30 01:02:34,http_p95_latency,frontend,,,,,,234.7
2026-08-30 01:02:34,deployment,paymentservice,11,31,1,,,
2026-08-30 01:02:34,deployment,productcatalogservice,413,49,6,,,
2026-08-30 01:02:34,deployment,recommendationservice,277,128,3,,,
2026-08-30 01:02:34,deployment,redis-cart,18,32,1,,,
2026-08-30 01:02:34,deployment,shippingservice,43,16,2,,,
2026-08-30 01:02:34,autoscaler,customdas-cpu-queue-autoscaler-adservice,2,60,1,,,
2026-08-30 01:02:34,autoscaler,customdas-cpu-queue-autoscaler-cartservice,4,60,1,,,
2026-08-30 01:02:34,autoscaler,customdas-cpu-queue-autoscaler-checkoutservice,0,60,1,,,
2026-08-30 01:02:34,autoscaler,customdas-cpu-queue-autoscaler-currencyservice,3,60,1,,,
2026-08-30 01:02:34,autoscaler,customdas-cpu-queue-autoscaler-emailservice,3,60,1,,,
2026-08-30 01:02:34,autoscaler,customdas-cpu-queue-autoscaler-frontend,8,60,1,,,
2026-08-30 01:02:34,autoscaler,customdas-cpu-queue-autoscaler-paymentservice,3,60,1,,,
2026-08-30 01:02:34,autoscaler,customdas-cpu-queue-autoscaler-productcatalogservice,4,60,1,,,
2026-08-30 01:02:34,autoscaler,customdas-cpu-queue-autoscaler-recommendationservice,3,60,1,,,
2026-08-30 01:02:34,autoscaler,customdas-cpu-queue-autoscaler-shippingservice,3,60,1,,,
2026-08-30 01:02:34,node,ze-master-node,2897,4120,,72.4,51.9,
2026-08-30 01:02:34,node,ze-worker-node,2778,1954,,69.5,24.6,
2026-08-30 01:02:42,deployment,adservice,59,94,1,,,
2026-08-30 01:02:42,deployment,cartservice,189,83,2,,,
2026-08-30 01:02:42,deployment,checkoutservice,43,21,2,,,
2026-08-30 01:02:42,deployment,currencyservice,340,126,2,,,
2026-08-30 01:02:42,deployment,emailservice,15,40,1,,,
2026-08-30 01:02:42,deployment,frontend,766,102,8,,,
2026-08-30 01:02:42,http_p95_latency,frontend,,,,,,258.0
2026-08-30 01:02:42,deployment,paymentservice,11,31,1,,,
2026-08-30 01:02:42,deployment,productcatalogservice,413,49,6,,,
2026-08-30 01:02:42,deployment,recommendationservice,277,128,3,,,
2026-08-30 01:02:42,deployment,redis-cart,18,32,1,,,
2026-08-30 01:02:42,deployment,shippingservice,43,16,2,,,
2026-08-30 01:02:42,autoscaler,customdas-cpu-queue-autoscaler-adservice,2,60,1,,,
2026-08-30 01:02:42,autoscaler,customdas-cpu-queue-autoscaler-cartservice,4,60,1,,,
2026-08-30 01:02:42,autoscaler,customdas-cpu-queue-autoscaler-checkoutservice,0,60,1,,,
2026-08-30 01:02:42,autoscaler,customdas-cpu-queue-autoscaler-currencyservice,3,60,1,,,
2026-08-30 01:02:42,autoscaler,customdas-cpu-queue-autoscaler-emailservice,3,60,1,,,
2026-08-30 01:02:42,autoscaler,customdas-cpu-queue-autoscaler-frontend,8,60,1,,,
2026-08-30 01:02:42,autoscaler,customdas-cpu-queue-autoscaler-paymentservice,3,60,1,,,
2026-08-30 01:02:42,autoscaler,customdas-cpu-queue-autoscaler-productcatalogservice,4,60,1,,,
2026-08-30 01:02:42,autoscaler,customdas-cpu-queue-autoscaler-recommendationservice,3,60,1,,,
2026-08-30 01:02:42,autoscaler,customdas-cpu-queue-autoscaler-shippingservice,3,60,1,,,
2026-08-30 01:02:42,node,ze-master-node,2897,4120,,72.4,51.9,
2026-08-30 01:02:42,node,ze-worker-node,2778,1954,,69.5,24.6,
2026-08-30 01:02:50,deployment,adservice,57,94,1,,,
2026-08-30 01:02:50,deployment,cartservice,202,83,2,,,
2026-08-30 01:02:50,deployment,checkoutservice,55,22,2,,,
2026-08-30 01:02:50,deployment,currencyservice,322,126,2,,,
2026-08-30 01:02:50,deployment,emailservice,15,40,1,,,
2026-08-30 01:02:50,deployment,frontend,760,102,8,,,
2026-08-30 01:02:50,http_p95_latency,frontend,,,,,,258.0
2026-08-30 01:02:50,deployment,paymentservice,11,30,1,,,
2026-08-30 01:02:50,deployment,productcatalogservice,406,51,6,,,
2026-08-30 01:02:50,deployment,recommendationservice,268,128,3,,,
2026-08-30 01:02:50,deployment,redis-cart,18,32,1,,,
2026-08-30 01:02:50,deployment,shippingservice,42,16,2,,,
2026-08-30 01:02:50,autoscaler,customdas-cpu-queue-autoscaler-adservice,3,60,1,,,
2026-08-30 01:02:50,autoscaler,customdas-cpu-queue-autoscaler-cartservice,2,60,1,,,
2026-08-30 01:02:50,autoscaler,customdas-cpu-queue-autoscaler-checkoutservice,2,60,1,,,
2026-08-30 01:02:50,autoscaler,customdas-cpu-queue-autoscaler-currencyservice,5,60,1,,,
2026-08-30 01:02:50,autoscaler,customdas-cpu-queue-autoscaler-emailservice,2,60,1,,,
2026-08-30 01:02:50,autoscaler,customdas-cpu-queue-autoscaler-frontend,7,60,1,,,
2026-08-30 01:02:50,autoscaler,customdas-cpu-queue-autoscaler-paymentservice,3,60,1,,,
2026-08-30 01:02:50,autoscaler,customdas-cpu-queue-autoscaler-productcatalogservice,0,60,1,,,
2026-08-30 01:02:50,autoscaler,customdas-cpu-queue-autoscaler-recommendationservice,5,60,1,,,
2026-08-30 01:02:50,autoscaler,customdas-cpu-queue-autoscaler-shippingservice,4,60,1,,,
2026-08-30 01:02:50,node,ze-master-node,2679,4137,,67.0,52.1,
2026-08-30 01:02:50,node,ze-worker-node,2755,1952,,68.9,24.6,
2026-08-30 01:02:57,deployment,adservice,57,94,1,,,
2026-08-30 01:02:57,deployment,cartservice,202,83,2,,,
2026-08-30 01:02:57,deployment,checkoutservice,55,22,2,,,
2026-08-30 01:02:57,deployment,currencyservice,322,126,2,,,
2026-08-30 01:02:57,deployment,emailservice,15,40,1,,,
2026-08-30 01:02:57,deployment,frontend,760,102,8,,,
2026-08-30 01:02:57,http_p95_latency,frontend,,,,,,241.0
2026-08-30 01:02:57,deployment,paymentservice,11,30,1,,,
2026-08-30 01:02:57,deployment,productcatalogservice,406,51,6,,,
2026-08-30 01:02:57,deployment,recommendationservice,268,128,3,,,
2026-08-30 01:02:57,deployment,redis-cart,18,32,1,,,
2026-08-30 01:02:57,deployment,shippingservice,42,16,2,,,
2026-08-30 01:02:57,autoscaler,customdas-cpu-queue-autoscaler-adservice,3,60,1,,,
2026-08-30 01:02:57,autoscaler,customdas-cpu-queue-autoscaler-cartservice,2,60,1,,,
2026-08-30 01:02:57,autoscaler,customdas-cpu-queue-autoscaler-checkoutservice,2,60,1,,,
2026-08-30 01:02:57,autoscaler,customdas-cpu-queue-autoscaler-currencyservice,5,60,1,,,
2026-08-30 01:02:57,autoscaler,customdas-cpu-queue-autoscaler-emailservice,2,60,1,,,
2026-08-30 01:02:57,autoscaler,customdas-cpu-queue-autoscaler-frontend,7,60,1,,,
2026-08-30 01:02:57,autoscaler,customdas-cpu-queue-autoscaler-paymentservice,3,60,1,,,
2026-08-30 01:02:57,autoscaler,customdas-cpu-queue-autoscaler-productcatalogservice,0,60,1,,,
2026-08-30 01:02:57,autoscaler,customdas-cpu-queue-autoscaler-recommendationservice,5,60,1,,,
2026-08-30 01:02:57,autoscaler,customdas-cpu-queue-autoscaler-shippingservice,4,60,1,,,
2026-08-30 01:02:57,node,ze-master-node,2679,4137,,67.0,52.1,
2026-08-30 01:02:57,node,ze-worker-node,2755,1952,,68.9,24.6,
2026-08-30 01:03:06,deployment,adservice,53,94,1,,,
2026-08-30 01:03:06,deployment,cartservice,206,83,2,,,
2026-08-30 01:03:06,deployment,checkoutservice,48,21,2,,,
2026-08-30 01:03:06,deployment,currencyservice,310,124,2,,,
2026-08-30 01:03:06,deployment,emailservice,14,40,1,,,
2026-08-30 01:03:06,deployment,frontend,699,102,8,,,
2026-08-30 01:03:06,http_p95_latency,frontend,,,,,,241.0
2026-08-30 01:03:06,deployment,paymentservice,10,31,1,,,
2026-08-30 01:03:06,deployment,productcatalogservice,377,49,6,,,
2026-08-30 01:03:06,deployment,recommendationservice,239,128,3,,,
2026-08-30 01:03:06,deployment,redis-cart,17,32,1,,,
2026-08-30 01:03:06,deployment,shippingservice,40,17,2,,,
2026-08-30 01:03:06,autoscaler,customdas-cpu-queue-autoscaler-adservice,3,60,1,,,
2026-08-30 01:03:06,autoscaler,customdas-cpu-queue-autoscaler-cartservice,3,60,1,,,
2026-08-30 01:03:06,autoscaler,customdas-cpu-queue-autoscaler-checkoutservice,4,60,1,,,
2026-08-30 01:03:06,autoscaler,customdas-cpu-queue-autoscaler-currencyservice,5,60,1,,,
2026-08-30 01:03:06,autoscaler,customdas-cpu-queue-autoscaler-emailservice,2,60,1,,,
2026-08-30 01:03:06,autoscaler,customdas-cpu-queue-autoscaler-frontend,7,60,1,,,
2026-08-30 01:03:06,autoscaler,customdas-cpu-queue-autoscaler-paymentservice,2,60,1,,,
2026-08-30 01:03:06,autoscaler,customdas-cpu-queue-autoscaler-productcatalogservice,8,60,1,,,
2026-08-30 01:03:06,autoscaler,customdas-cpu-queue-autoscaler-recommendationservice,2,60,1,,,
2026-08-30 01:03:06,autoscaler,customdas-cpu-queue-autoscaler-shippingservice,4,60,1,,,
2026-08-30 01:03:06,node,ze-master-node,2602,4133,,65.0,52.0,
2026-08-30 01:03:06,node,ze-worker-node,2670,1956,,66.8,24.6,
2026-08-30 01:03:16,deployment,adservice,53,94,1,,,
2026-08-30 01:03:16,deployment,cartservice,206,83,2,,,
2026-08-30 01:03:16,deployment,checkoutservice,48,21,2,,,
2026-08-30 01:03:16,deployment,currencyservice,310,124,2,,,
2026-08-30 01:03:16,deployment,emailservice,14,40,1,,,
2026-08-30 01:03:16,deployment,frontend,699,102,8,,,
2026-08-30 01:03:16,http_p95_latency,frontend,,,,,,224.2
2026-08-30 01:03:16,deployment,paymentservice,10,31,1,,,
2026-08-30 01:03:16,deployment,productcatalogservice,377,49,6,,,
2026-08-30 01:03:16,deployment,recommendationservice,239,128,3,,,
2026-08-30 01:03:16,deployment,redis-cart,17,32,1,,,
2026-08-30 01:03:16,deployment,shippingservice,40,17,2,,,
2026-08-30 01:03:16,autoscaler,customdas-cpu-queue-autoscaler-adservice,3,60,1,,,
2026-08-30 01:03:16,autoscaler,customdas-cpu-queue-autoscaler-cartservice,3,60,1,,,
2026-08-30 01:03:16,autoscaler,customdas-cpu-queue-autoscaler-checkoutservice,4,60,1,,,
2026-08-30 01:03:16,autoscaler,customdas-cpu-queue-autoscaler-currencyservice,5,60,1,,,
2026-08-30 01:03:16,autoscaler,customdas-cpu-queue-autoscaler-emailservice,2,60,1,,,
2026-08-30 01:03:16,autoscaler,customdas-cpu-queue-autoscaler-frontend,7,60,1,,,
2026-08-30 01:03:16,autoscaler,customdas-cpu-queue-autoscaler-paymentservice,2,60,1,,,
2026-08-30 01:03:16,autoscaler,customdas-cpu-queue-autoscaler-productcatalogservice,8,60,1,,,
2026-08-30 01:03:16,autoscaler,customdas-cpu-queue-autoscaler-recommendationservice,2,60,1,,,
2026-08-30 01:03:16,autoscaler,customdas-cpu-queue-autoscaler-shippingservice,1,60,1,,,
2026-08-30 01:03:16,node,ze-master-node,2548,4129,,63.7,52.0,
2026-08-30 01:03:16,node,ze-worker-node,2752,1955,,68.8,24.6,
2026-08-30 01:03:24,deployment,adservice,56,94,1,,,
2026-08-30 01:03:24,deployment,cartservice,197,84,2,,,
2026-08-30 01:03:24,deployment,checkoutservice,39,22,2,,,
2026-08-30 01:03:24,deployment,currencyservice,323,125,2,,,
2026-08-30 01:03:24,deployment,emailservice,15,40,1,,,
2026-08-30 01:03:24,deployment,frontend,708,103,8,,,
2026-08-30 01:03:24,http_p95_latency,frontend,,,,,,224.2
2026-08-30 01:03:24,deployment,paymentservice,11,33,1,,,
2026-08-30 01:03:24,deployment,productcatalogservice,372,52,6,,,
2026-08-30 01:03:24,deployment,recommendationservice,237,128,3,,,
2026-08-30 01:03:24,deployment,redis-cart,18,32,1,,,
2026-08-30 01:03:24,deployment,shippingservice,37,17,2,,,
2026-08-30 01:03:24,autoscaler,customdas-cpu-queue-autoscaler-adservice,4,60,1,,,
2026-08-30 01:03:24,autoscaler,customdas-cpu-queue-autoscaler-cartservice,2,60,1,,,
2026-08-30 01:03:24,autoscaler,customdas-cpu-queue-autoscaler-checkoutservice,1,60,1,,,
2026-08-30 01:03:24,autoscaler,customdas-cpu-queue-autoscaler-currencyservice,3,60,1,,,
2026-08-30 01:03:24,autoscaler,customdas-cpu-queue-autoscaler-emailservice,2,60,1,,,
2026-08-30 01:03:24,autoscaler,customdas-cpu-queue-autoscaler-frontend,6,60,1,,,
2026-08-30 01:03:24,autoscaler,customdas-cpu-queue-autoscaler-paymentservice,5,60,1,,,
2026-08-30 01:03:24,autoscaler,customdas-cpu-queue-autoscaler-productcatalogservice,0,60,1,,,
2026-08-30 01:03:24,autoscaler,customdas-cpu-queue-autoscaler-recommendationservice,5,60,1,,,
2026-08-30 01:03:24,autoscaler,customdas-cpu-queue-autoscaler-shippingservice,1,60,1,,,
2026-08-30 01:03:24,node,ze-master-node,2548,4129,,63.7,52.0,
2026-08-30 01:03:24,node,ze-worker-node,2752,1955,,68.8,24.6,
2026-08-30 01:03:35,deployment,adservice,57,94,1,,,
2026-08-30 01:03:35,deployment,cartservice,179,83,2,,,
2026-08-30 01:03:35,deployment,checkoutservice,36,22,2,,,
2026-08-30 01:03:35,deployment,currencyservice,322,126,2,,,
2026-08-30 01:03:35,deployment,emailservice,14,40,1,,,
2026-08-30 01:03:35,deployment,frontend,599,91,7,,,
2026-08-30 01:03:35,http_p95_latency,frontend,,,,,,184.5
2026-08-30 01:03:35,deployment,paymentservice,9,32,1,,,
2026-08-30 01:03:35,deployment,productcatalogservice,376,49,6,,,
2026-08-30 01:03:35,deployment,recommendationservice,243,128,3,,,
2026-08-30 01:03:35,deployment,redis-cart,18,32,1,,,
2026-08-30 01:03:35,deployment,shippingservice,40,16,2,,,
2026-08-30 01:03:35,autoscaler,customdas-cpu-queue-autoscaler-adservice,0,60,1,,,
2026-08-30 01:03:35,autoscaler,customdas-cpu-queue-autoscaler-cartservice,3,60,1,,,
2026-08-30 01:03:35,autoscaler,customdas-cpu-queue-autoscaler-checkoutservice,3,60,1,,,
2026-08-30 01:03:35,autoscaler,customdas-cpu-queue-autoscaler-currencyservice,2,60,1,,,
2026-08-30 01:03:35,autoscaler,customdas-cpu-queue-autoscaler-emailservice,2,60,1,,,
2026-08-30 01:03:35,autoscaler,customdas-cpu-queue-autoscaler-frontend,7,60,1,,,
2026-08-30 01:03:35,autoscaler,customdas-cpu-queue-autoscaler-paymentservice,4,60,1,,,
2026-08-30 01:03:35,autoscaler,customdas-cpu-queue-autoscaler-productcatalogservice,13,60,1,,,
2026-08-30 01:03:35,autoscaler,customdas-cpu-queue-autoscaler-recommendationservice,1,60,1,,,
2026-08-30 01:03:35,autoscaler,customdas-cpu-queue-autoscaler-shippingservice,3,60,1,,,
2026-08-30 01:03:35,node,ze-master-node,2613,4135,,65.3,52.1,
2026-08-30 01:03:35,node,ze-worker-node,2622,1944,,65.5,24.5,
2026-08-30 01:03:43,deployment,adservice,57,94,1,,,
2026-08-30 01:03:43,deployment,cartservice,179,83,2,,,
2026-08-30 01:03:43,deployment,checkoutservice,36,22,2,,,
2026-08-30 01:03:43,deployment,currencyservice,322,126,2,,,
2026-08-30 01:03:43,deployment,emailservice,14,40,1,,,
2026-08-30 01:03:43,deployment,frontend,599,91,7,,,
2026-08-30 01:03:43,http_p95_latency,frontend,,,,,,226.5
2026-08-30 01:03:43,deployment,paymentservice,9,32,1,,,
2026-08-30 01:03:43,deployment,productcatalogservice,376,49,6,,,
2026-08-30 01:03:43,deployment,recommendationservice,243,128,3,,,
2026-08-30 01:03:43,deployment,redis-cart,18,32,1,,,
2026-08-30 01:03:43,deployment,shippingservice,40,16,2,,,
2026-08-30 01:03:43,autoscaler,customdas-cpu-queue-autoscaler-adservice,0,60,1,,,
2026-08-30 01:03:43,autoscaler,customdas-cpu-queue-autoscaler-cartservice,3,60,1,,,
2026-08-30 01:03:43,autoscaler,customdas-cpu-queue-autoscaler-checkoutservice,3,60,1,,,
2026-08-30 01:03:43,autoscaler,customdas-cpu-queue-autoscaler-currencyservice,2,60,1,,,
2026-08-30 01:03:43,autoscaler,customdas-cpu-queue-autoscaler-emailservice,2,60,1,,,
2026-08-30 01:03:43,autoscaler,customdas-cpu-queue-autoscaler-frontend,7,60,1,,,
2026-08-30 01:03:43,autoscaler,customdas-cpu-queue-autoscaler-paymentservice,4,60,1,,,
2026-08-30 01:03:43,autoscaler,customdas-cpu-queue-autoscaler-productcatalogservice,13,60,1,,,
2026-08-30 01:03:43,autoscaler,customdas-cpu-queue-autoscaler-recommendationservice,1,60,1,,,
2026-08-30 01:03:43,autoscaler,customdas-cpu-queue-autoscaler-shippingservice,3,60,1,,,
2026-08-30 01:03:43,node,ze-master-node,2613,4135,,65.3,52.1,
2026-08-30 01:03:43,node,ze-worker-node,2622,1944,,65.5,24.5,
2026-08-30 01:03:50,deployment,adservice,57,94,1,,,
2026-08-30 01:03:50,deployment,cartservice,174,83,2,,,
2026-08-30 01:03:50,deployment,checkoutservice,44,22,2,,,
2026-08-30 01:03:50,deployment,currencyservice,321,126,2,,,
2026-08-30 01:03:50,deployment,emailservice,17,40,1,,,
2026-08-30 01:03:50,deployment,frontend,672,91,7,,,
2026-08-30 01:03:50,http_p95_latency,frontend,,,,,,226.5
2026-08-30 01:03:50,deployment,paymentservice,13,31,1,,,
2026-08-30 01:03:50,deployment,productcatalogservice,387,49,6,,,
2026-08-30 01:03:50,deployment,recommendationservice,252,128,3,,,
2026-08-30 01:03:50,deployment,redis-cart,17,32,1,,,
2026-08-30 01:03:50,deployment,shippingservice,42,17,2,,,
2026-08-30 01:03:50,autoscaler,customdas-cpu-queue-autoscaler-adservice,3,60,1,,,
2026-08-30 01:03:50,autoscaler,customdas-cpu-queue-autoscaler-cartservice,3,60,1,,,
2026-08-30 01:03:50,autoscaler,customdas-cpu-queue-autoscaler-checkoutservice,4,60,1,,,
2026-08-30 01:03:50,autoscaler,customdas-cpu-queue-autoscaler-currencyservice,5,60,1,,,
2026-08-30 01:03:50,autoscaler,customdas-cpu-queue-autoscaler-emailservice,1,60,1,,,
2026-08-30 01:03:50,autoscaler,customdas-cpu-queue-autoscaler-frontend,8,60,1,,,
2026-08-30 01:03:50,autoscaler,customdas-cpu-queue-autoscaler-paymentservice,4,60,1,,,
2026-08-30 01:03:50,autoscaler,customdas-cpu-queue-autoscaler-productcatalogservice,7,60,1,,,
2026-08-30 01:03:50,autoscaler,customdas-cpu-queue-autoscaler-recommendationservice,5,60,1,,,
2026-08-30 01:03:50,autoscaler,customdas-cpu-queue-autoscaler-shippingservice,3,60,1,,,
2026-08-30 01:03:50,node,ze-master-node,2829,4109,,70.7,51.7,
2026-08-30 01:03:50,node,ze-worker-node,2641,1939,,66.0,24.4,
2026-08-30 01:03:58,deployment,adservice,57,94,1,,,
2026-08-30 01:03:58,deployment,cartservice,174,83,2,,,
2026-08-30 01:03:58,deployment,checkoutservice,44,22,2,,,
2026-08-30 01:03:58,deployment,currencyservice,321,126,2,,,
2026-08-30 01:03:58,deployment,emailservice,17,40,1,,,
2026-08-30 01:03:58,deployment,frontend,672,91,7,,,
2026-08-30 01:03:58,http_p95_latency,frontend,,,,,,230.0
2026-08-30 01:03:58,deployment,paymentservice,13,31,1,,,
2026-08-30 01:03:58,deployment,productcatalogservice,387,49,6,,,
2026-08-30 01:03:58,deployment,recommendationservice,252,128,3,,,
2026-08-30 01:03:58,deployment,redis-cart,17,32,1,,,
2026-08-30 01:03:58,deployment,shippingservice,42,17,2,,,
2026-08-30 01:03:58,autoscaler,customdas-cpu-queue-autoscaler-adservice,3,60,1,,,
2026-08-30 01:03:58,autoscaler,customdas-cpu-queue-autoscaler-cartservice,3,60,1,,,
2026-08-30 01:03:58,autoscaler,customdas-cpu-queue-autoscaler-checkoutservice,4,60,1,,,
2026-08-30 01:03:58,autoscaler,customdas-cpu-queue-autoscaler-currencyservice,5,60,1,,,
2026-08-30 01:03:58,autoscaler,customdas-cpu-queue-autoscaler-emailservice,1,60,1,,,
2026-08-30 01:03:58,autoscaler,customdas-cpu-queue-autoscaler-frontend,8,60,1,,,
2026-08-30 01:03:58,autoscaler,customdas-cpu-queue-autoscaler-paymentservice,4,60,1,,,
2026-08-30 01:03:58,autoscaler,customdas-cpu-queue-autoscaler-productcatalogservice,7,60,1,,,
2026-08-30 01:03:58,autoscaler,customdas-cpu-queue-autoscaler-recommendationservice,5,60,1,,,
2026-08-30 01:03:58,autoscaler,customdas-cpu-queue-autoscaler-shippingservice,3,60,1,,,
2026-08-30 01:03:58,node,ze-master-node,2829,4109,,70.7,51.7,
2026-08-30 01:03:58,node,ze-worker-node,2641,1939,,66.0,24.4,
2026-08-30 01:04:07,deployment,adservice,51,94,1,,,
2026-08-30 01:04:07,deployment,cartservice,170,83,2,,,
2026-08-30 01:04:07,deployment,checkoutservice,42,22,2,,,
2026-08-30 01:04:07,deployment,currencyservice,317,126,2,,,
2026-08-30 01:04:07,deployment,emailservice,17,40,1,,,
2026-08-30 01:04:07,deployment,frontend,658,92,7,,,
2026-08-30 01:04:07,http_p95_latency,frontend,,,,,,230.0
2026-08-30 01:04:07,deployment,paymentservice,12,31,1,,,
2026-08-30 01:04:07,deployment,productcatalogservice,358,49,6,,,
2026-08-30 01:04:07,deployment,recommendationservice,238,128,3,,,
2026-08-30 01:04:07,deployment,redis-cart,18,32,1,,,
2026-08-30 01:04:07,deployment,shippingservice,45,17,2,,,
2026-08-30 01:04:07,autoscaler,customdas-cpu-queue-autoscaler-adservice,4,60,1,,,
2026-08-30 01:04:07,autoscaler,customdas-cpu-queue-autoscaler-cartservice,7,60,1,,,
2026-08-30 01:04:07,autoscaler,customdas-cpu-queue-autoscaler-checkoutservice,5,60,1,,,
2026-08-30 01:04:07,autoscaler,customdas-cpu-queue-autoscaler-currencyservice,0,60,1,,,
2026-08-30 01:04:07,autoscaler,customdas-cpu-queue-autoscaler-emailservice,4,60,1,,,
2026-08-30 01:04:07,autoscaler,customdas-cpu-queue-autoscaler-frontend,0,60,1,,,
2026-08-30 01:04:07,autoscaler,customdas-cpu-queue-autoscaler-paymentservice,3,60,1,,,
2026-08-30 01:04:07,autoscaler,customdas-cpu-queue-autoscaler-productcatalogservice,6,60,1,,,
2026-08-30 01:04:07,autoscaler,customdas-cpu-queue-autoscaler-recommendationservice,7,60,1,,,
2026-08-30 01:04:07,autoscaler,customdas-cpu-queue-autoscaler-shippingservice,6,60,1,,,
2026-08-30 01:04:07,node,ze-master-node,2623,4128,,65.6,52.0,
2026-08-30 01:04:07,node,ze-worker-node,2480,1933,,62.0,24.3,
2026-08-30 01:04:15,deployment,adservice,51,94,1,,,
2026-08-30 01:04:15,deployment,cartservice,170,83,2,,,
2026-08-30 01:04:15,deployment,checkoutservice,42,22,2,,,
2026-08-30 01:04:15,deployment,currencyservice,317,126,2,,,
2026-08-30 01:04:15,deployment,emailservice,17,40,1,,,
2026-08-30 01:04:15,deployment,frontend,658,92,7,,,
2026-08-30 01:04:15,http_p95_latency,frontend,,,,,,243.9
2026-08-30 01:04:15,deployment,paymentservice,12,31,1,,,
2026-08-30 01:04:15,deployment,productcatalogservice,358,49,6,,,
2026-08-30 01:04:15,deployment,recommendationservice,238,128,3,,,
2026-08-30 01:04:15,deployment,redis-cart,18,32,1,,,
2026-08-30 01:04:15,deployment,shippingservice,45,17,2,,,
2026-08-30 01:04:15,autoscaler,customdas-cpu-queue-autoscaler-adservice,4,60,1,,,
2026-08-30 01:04:15,autoscaler,customdas-cpu-queue-autoscaler-cartservice,7,60,1,,,
2026-08-30 01:04:15,autoscaler,customdas-cpu-queue-autoscaler-checkoutservice,5,60,1,,,
2026-08-30 01:04:15,autoscaler,customdas-cpu-queue-autoscaler-currencyservice,0,60,1,,,
2026-08-30 01:04:15,autoscaler,customdas-cpu-queue-autoscaler-emailservice,4,60,1,,,
2026-08-30 01:04:15,autoscaler,customdas-cpu-queue-autoscaler-frontend,0,60,1,,,
2026-08-30 01:04:15,autoscaler,customdas-cpu-queue-autoscaler-paymentservice,3,60,1,,,
2026-08-30 01:04:15,autoscaler,customdas-cpu-queue-autoscaler-productcatalogservice,6,60,1,,,
2026-08-30 01:04:15,autoscaler,customdas-cpu-queue-autoscaler-recommendationservice,7,60,1,,,
2026-08-30 01:04:15,autoscaler,customdas-cpu-queue-autoscaler-shippingservice,6,60,1,,,
2026-08-30 01:04:15,node,ze-master-node,2623,4128,,65.6,52.0,
2026-08-30 01:04:15,node,ze-worker-node,2480,1933,,62.0,24.3,
2026-08-30 01:04:23,deployment,adservice,48,94,1,,,
2026-08-30 01:04:23,deployment,cartservice,162,83,2,,,
2026-08-30 01:04:23,deployment,checkoutservice,41,22,2,,,
2026-08-30 01:04:23,deployment,currencyservice,295,125,2,,,
2026-08-30 01:04:23,deployment,emailservice,15,40,1,,,
2026-08-30 01:04:23,deployment,frontend,607,92,7,,,
2026-08-30 01:04:23,http_p95_latency,frontend,,,,,,243.9
2026-08-30 01:04:23,deployment,paymentservice,12,31,1,,,
2026-08-30 01:04:23,deployment,productcatalogservice,342,49,6,,,
2026-08-30 01:04:23,deployment,recommendationservice,215,128,3,,,
2026-08-30 01:04:23,deployment,redis-cart,34,34,1,,,
2026-08-30 01:04:23,deployment,shippingservice,37,17,2,,,
2026-08-30 01:04:23,autoscaler,customdas-cpu-queue-autoscaler-adservice,5,60,1,,,
2026-08-30 01:04:23,autoscaler,customdas-cpu-queue-autoscaler-cartservice,2,60,1,,,
2026-08-30 01:04:23,autoscaler,customdas-cpu-queue-autoscaler-checkoutservice,3,60,1,,,
2026-08-30 01:04:23,autoscaler,customdas-cpu-queue-autoscaler-currencyservice,7,60,1,,,
2026-08-30 01:04:23,autoscaler,customdas-cpu-queue-autoscaler-emailservice,3,60,1,,,
2026-08-30 01:04:23,autoscaler,customdas-cpu-queue-autoscaler-frontend,10,60,1,,,
2026-08-30 01:04:23,autoscaler,customdas-cpu-queue-autoscaler-paymentservice,4,60,1,,,
2026-08-30 01:04:23,autoscaler,customdas-cpu-queue-autoscaler-productcatalogservice,0,60,1,,,
2026-08-30 01:04:23,autoscaler,customdas-cpu-queue-autoscaler-recommendationservice,3,60,1,,,
2026-08-30 01:04:23,autoscaler,customdas-cpu-queue-autoscaler-shippingservice,3,60,1,,,
2026-08-30 01:04:23,node,ze-master-node,2419,4121,,60.5,51.9,
2026-08-30 01:04:23,node,ze-worker-node,2303,1931,,57.6,24.3,
2026-08-30 01:04:31,deployment,adservice,48,94,1,,,
2026-08-30 01:04:31,deployment,cartservice,162,83,2,,,
2026-08-30 01:04:31,deployment,checkoutservice,41,22,2,,,
2026-08-30 01:04:31,deployment,currencyservice,295,125,2,,,
2026-08-30 01:04:31,deployment,emailservice,15,40,1,,,
2026-08-30 01:04:31,deployment,frontend,607,92,7,,,
2026-08-30 01:04:31,http_p95_latency,frontend,,,,,,224.4
2026-08-30 01:04:31,deployment,paymentservice,12,31,1,,,
2026-08-30 01:04:31,deployment,productcatalogservice,342,49,6,,,
2026-08-30 01:04:31,deployment,recommendationservice,150,87,2,,,
2026-08-30 01:04:31,deployment,redis-cart,34,34,1,,,
2026-08-30 01:04:31,deployment,shippingservice,37,17,2,,,
2026-08-30 01:04:31,autoscaler,customdas-cpu-queue-autoscaler-adservice,5,60,1,,,
2026-08-30 01:04:31,autoscaler,customdas-cpu-queue-autoscaler-cartservice,2,60,1,,,
2026-08-30 01:04:31,autoscaler,customdas-cpu-queue-autoscaler-checkoutservice,3,60,1,,,
2026-08-30 01:04:31,autoscaler,customdas-cpu-queue-autoscaler-currencyservice,7,60,1,,,
2026-08-30 01:04:31,autoscaler,customdas-cpu-queue-autoscaler-emailservice,3,60,1,,,
2026-08-30 01:04:31,autoscaler,customdas-cpu-queue-autoscaler-frontend,10,60,1,,,
2026-08-30 01:04:31,autoscaler,customdas-cpu-queue-autoscaler-paymentservice,4,60,1,,,
2026-08-30 01:04:31,autoscaler,customdas-cpu-queue-autoscaler-productcatalogservice,0,60,1,,,
2026-08-30 01:04:31,autoscaler,customdas-cpu-queue-autoscaler-recommendationservice,3,60,1,,,
2026-08-30 01:04:31,autoscaler,customdas-cpu-queue-autoscaler-shippingservice,3,60,1,,,
2026-08-30 01:04:31,node,ze-master-node,2419,4121,,60.5,51.9,
2026-08-30 01:04:31,node,ze-worker-node,2303,1931,,57.6,24.3,
2026-08-30 01:04:38,deployment,adservice,49,94,1,,,
2026-08-30 01:04:38,deployment,cartservice,173,83,2,,,
2026-08-30 01:04:38,deployment,checkoutservice,42,22,2,,,
2026-08-30 01:04:38,deployment,currencyservice,290,125,2,,,
2026-08-30 01:04:38,deployment,emailservice,14,40,1,,,
2026-08-30 01:04:38,deployment,frontend,594,92,7,,,
2026-08-30 01:04:38,http_p95_latency,frontend,,,,,,224.4
2026-08-30 01:04:38,deployment,paymentservice,10,31,1,,,
2026-08-30 01:04:38,deployment,productcatalogservice,296,41,5,,,
2026-08-30 01:04:38,deployment,recommendationservice,172,87,2,,,
2026-08-30 01:04:38,deployment,redis-cart,34,32,1,,,
2026-08-30 01:04:38,deployment,shippingservice,38,16,2,,,
2026-08-30 01:04:38,autoscaler,customdas-cpu-queue-autoscaler-adservice,3,60,1,,,
2026-08-30 01:04:38,autoscaler,customdas-cpu-queue-autoscaler-cartservice,4,60,1,,,
2026-08-30 01:04:38,autoscaler,customdas-cpu-queue-autoscaler-checkoutservice,5,60,1,,,
2026-08-30 01:04:38,autoscaler,customdas-cpu-queue-autoscaler-currencyservice,2,60,1,,,
2026-08-30 01:04:38,autoscaler,customdas-cpu-queue-autoscaler-emailservice,3,60,1,,,
2026-08-30 01:04:38,autoscaler,customdas-cpu-queue-autoscaler-frontend,5,60,1,,,
2026-08-30 01:04:38,autoscaler,customdas-cpu-queue-autoscaler-paymentservice,4,60,1,,,
2026-08-30 01:04:38,autoscaler,customdas-cpu-queue-autoscaler-productcatalogservice,13,60,1,,,
2026-08-30 01:04:38,autoscaler,customdas-cpu-queue-autoscaler-recommendationservice,3,60,1,,,
2026-08-30 01:04:38,autoscaler,customdas-cpu-queue-autoscaler-shippingservice,2,60,1,,,
2026-08-30 01:04:38,node,ze-master-node,2612,4083,,65.3,51.4,
2026-08-30 01:04:38,node,ze-worker-node,2380,1947,,59.5,24.5,
2026-08-30 01:04:49,deployment,adservice,49,94,1,,,
2026-08-30 01:04:49,deployment,cartservice,164,83,2,,,
2026-08-30 01:04:49,deployment,checkoutservice,43,22,2,,,
2026-08-30 01:04:49,deployment,currencyservice,295,125,2,,,
2026-08-30 01:04:49,deployment,emailservice,20,40,1,,,
2026-08-30 01:04:49,deployment,frontend,613,92,7,,,
2026-08-30 01:04:49,http_p95_latency,frontend,,,,,,229.2
2026-08-30 01:04:49,deployment,paymentservice,15,31,1,,,
2026-08-30 01:04:49,deployment,productcatalogservice,331,41,5,,,
2026-08-30 01:04:49,deployment,recommendationservice,201,87,2,,,
2026-08-30 01:04:49,deployment,redis-cart,16,32,1,,,
2026-08-30 01:04:49,deployment,shippingservice,41,16,2,,,
2026-08-30 01:04:49,autoscaler,customdas-cpu-queue-autoscaler-adservice,3,60,1,,,
2026-08-30 01:04:49,autoscaler,customdas-cpu-queue-autoscaler-cartservice,3,60,1,,,
2026-08-30 01:04:49,autoscaler,customdas-cpu-queue-autoscaler-checkoutservice,3,60,1,,,
2026-08-30 01:04:49,autoscaler,customdas-cpu-queue-autoscaler-currencyservice,2,60,1,,,
2026-08-30 01:04:49,autoscaler,customdas-cpu-queue-autoscaler-emailservice,4,60,1,,,
2026-08-30 01:04:49,autoscaler,customdas-cpu-queue-autoscaler-frontend,5,60,1,,,
2026-08-30 01:04:49,autoscaler,customdas-cpu-queue-autoscaler-paymentservice,3,60,1,,,
2026-08-30 01:04:49,autoscaler,customdas-cpu-queue-autoscaler-productcatalogservice,5,60,1,,,
2026-08-30 01:04:49,autoscaler,customdas-cpu-queue-autoscaler-recommendationservice,5,60,1,,,
2026-08-30 01:04:49,autoscaler,customdas-cpu-queue-autoscaler-shippingservice,5,60,1,,,
2026-08-30 01:04:49,node,ze-master-node,2548,4065,,63.7,51.2,
2026-08-30 01:04:49,node,ze-worker-node,2525,1938,,63.1,24.4,
2026-08-30 01:04:57,deployment,adservice,49,94,1,,,
2026-08-30 01:04:57,deployment,cartservice,164,83,2,,,
2026-08-30 01:04:57,deployment,checkoutservice,43,22,2,,,
2026-08-30 01:04:57,deployment,currencyservice,295,125,2,,,
2026-08-30 01:04:57,deployment,emailservice,20,40,1,,,
2026-08-30 01:04:57,deployment,frontend,613,92,7,,,
2026-08-30 01:04:57,http_p95_latency,frontend,,,,,,218.8
2026-08-30 01:04:57,deployment,paymentservice,15,31,1,,,
2026-08-30 01:04:57,deployment,productcatalogservice,331,41,5,,,
2026-08-30 01:04:57,deployment,recommendationservice,201,87,2,,,
2026-08-30 01:04:57,deployment,redis-cart,16,32,1,,,
2026-08-30 01:04:57,deployment,shippingservice,41,16,2,,,
2026-08-30 01:04:57,autoscaler,customdas-cpu-queue-autoscaler-adservice,3,60,1,,,
2026-08-30 01:04:57,autoscaler,customdas-cpu-queue-autoscaler-cartservice,3,60,1,,,
2026-08-30 01:04:57,autoscaler,customdas-cpu-queue-autoscaler-checkoutservice,3,60,1,,,
2026-08-30 01:04:57,autoscaler,customdas-cpu-queue-autoscaler-currencyservice,2,60,1,,,
2026-08-30 01:04:57,autoscaler,customdas-cpu-queue-autoscaler-emailservice,4,60,1,,,
2026-08-30 01:04:57,autoscaler,customdas-cpu-queue-autoscaler-frontend,5,60,1,,,
2026-08-30 01:04:57,autoscaler,customdas-cpu-queue-autoscaler-paymentservice,3,60,1,,,
2026-08-30 01:04:57,autoscaler,customdas-cpu-queue-autoscaler-productcatalogservice,5,60,1,,,
2026-08-30 01:04:57,autoscaler,customdas-cpu-queue-autoscaler-recommendationservice,5,60,1,,,
2026-08-30 01:04:57,autoscaler,customdas-cpu-queue-autoscaler-shippingservice,5,60,1,,,
2026-08-30 01:04:57,node,ze-master-node,2548,4065,,63.7,51.2,
2026-08-30 01:04:57,node,ze-worker-node,2525,1938,,63.1,24.4,
2026-08-30 01:05:07,deployment,adservice,47,94,1,,,
2026-08-30 01:05:07,deployment,cartservice,158,83,2,,,
2026-08-30 01:05:07,deployment,checkoutservice,43,22,2,,,
2026-08-30 01:05:07,deployment,currencyservice,283,124,2,,,
2026-08-30 01:05:07,deployment,emailservice,17,40,1,,,
2026-08-30 01:05:07,deployment,frontend,570,92,7,,,
2026-08-30 01:05:07,http_p95_latency,frontend,,,,,,218.8
2026-08-30 01:05:07,deployment,paymentservice,10,31,1,,,
2026-08-30 01:05:07,deployment,productcatalogservice,331,41,5,,,
2026-08-30 01:05:07,deployment,recommendationservice,206,87,2,,,
2026-08-30 01:05:07,deployment,redis-cart,16,32,1,,,
2026-08-30 01:05:07,deployment,shippingservice,36,17,2,,,
2026-08-30 01:05:07,autoscaler,customdas-cpu-queue-autoscaler-adservice,4,60,1,,,
2026-08-30 01:05:07,autoscaler,customdas-cpu-queue-autoscaler-cartservice,6,60,1,,,
2026-08-30 01:05:07,autoscaler,customdas-cpu-queue-autoscaler-checkoutservice,3,60,1,,,
2026-08-30 01:05:07,autoscaler,customdas-cpu-queue-autoscaler-currencyservice,2,60,1,,,
2026-08-30 01:05:07,autoscaler,customdas-cpu-queue-autoscaler-emailservice,2,60,1,,,
2026-08-30 01:05:07,autoscaler,customdas-cpu-queue-autoscaler-frontend,7,60,1,,,
2026-08-30 01:05:07,autoscaler,customdas-cpu-queue-autoscaler-paymentservice,3,60,1,,,
2026-08-30 01:05:07,autoscaler,customdas-cpu-queue-autoscaler-productcatalogservice,0,60,1,,,
2026-08-30 01:05:07,autoscaler,customdas-cpu-queue-autoscaler-recommendationservice,0,60,1,,,
2026-08-30 01:05:07,autoscaler,customdas-cpu-queue-autoscaler-shippingservice,3,60,1,,,
2026-08-30 01:05:07,node,ze-master-node,2378,4082,,59.5,51.4,
2026-08-30 01:05:07,node,ze-worker-node,2327,1948,,58.2,24.5,
2026-08-30 01:05:16,deployment,adservice,47,94,1,,,
2026-08-30 01:05:16,deployment,cartservice,158,83,2,,,
2026-08-30 01:05:16,deployment,checkoutservice,43,22,2,,,
2026-08-30 01:05:16,deployment,currencyservice,283,124,2,,,
2026-08-30 01:05:16,deployment,emailservice,17,40,1,,,
2026-08-30 01:05:16,deployment,frontend,570,92,7,,,
2026-08-30 01:05:16,http_p95_latency,frontend,,,,,,210.3
2026-08-30 01:05:16,deployment,paymentservice,10,31,1,,,
2026-08-30 01:05:16,deployment,productcatalogservice,331,41,5,,,
2026-08-30 01:05:16,deployment,recommendationservice,206,87,2,,,
2026-08-30 01:05:16,deployment,redis-cart,16,32,1,,,
2026-08-30 01:05:16,deployment,shippingservice,36,17,2,,,
2026-08-30 01:05:16,autoscaler,customdas-cpu-queue-autoscaler-adservice,4,60,1,,,
2026-08-30 01:05:16,autoscaler,customdas-cpu-queue-autoscaler-cartservice,6,60,1,,,
2026-08-30 01:05:16,autoscaler,customdas-cpu-queue-autoscaler-checkoutservice,3,60,1,,,
2026-08-30 01:05:16,autoscaler,customdas-cpu-queue-autoscaler-currencyservice,2,60,1,,,
2026-08-30 01:05:16,autoscaler,customdas-cpu-queue-autoscaler-emailservice,2,60,1,,,
2026-08-30 01:05:16,autoscaler,customdas-cpu-queue-autoscaler-frontend,7,60,1,,,
2026-08-30 01:05:16,autoscaler,customdas-cpu-queue-autoscaler-paymentservice,3,60,1,,,
2026-08-30 01:05:16,autoscaler,customdas-cpu-queue-autoscaler-productcatalogservice,0,60,1,,,
2026-08-30 01:05:16,autoscaler,customdas-cpu-queue-autoscaler-recommendationservice,0,60,1,,,
2026-08-30 01:05:16,autoscaler,customdas-cpu-queue-autoscaler-shippingservice,3,60,1,,,
2026-08-30 01:05:16,node,ze-master-node,2378,4082,,59.5,51.4,
2026-08-30 01:05:16,node,ze-worker-node,2327,1948,,58.2,24.5,
2026-08-30 01:05:23,deployment,adservice,46,94,1,,,
2026-08-30 01:05:23,deployment,cartservice,179,83,2,,,
2026-08-30 01:05:23,deployment,checkoutservice,34,22,2,,,
2026-08-30 01:05:23,deployment,currencyservice,286,125,2,,,
2026-08-30 01:05:23,deployment,emailservice,17,40,1,,,
2026-08-30 01:05:23,deployment,frontend,583,92,7,,,
2026-08-30 01:05:23,http_p95_latency,frontend,,,,,,210.3
2026-08-30 01:05:23,deployment,paymentservice,10,31,1,,,
2026-08-30 01:05:23,deployment,productcatalogservice,319,41,5,,,
2026-08-30 01:05:23,deployment,recommendationservice,206,87,2,,,
2026-08-30 01:05:23,deployment,redis-cart,16,32,1,,,
2026-08-30 01:05:23,deployment,shippingservice,39,17,2,,,
2026-08-30 01:05:23,autoscaler,customdas-cpu-queue-autoscaler-adservice,3,60,1,,,
2026-08-30 01:05:23,autoscaler,customdas-cpu-queue-autoscaler-cartservice,0,60,1,,,
2026-08-30 01:05:23,autoscaler,customdas-cpu-queue-autoscaler-checkoutservice,2,60,1,,,
2026-08-30 01:05:23,autoscaler,customdas-cpu-queue-autoscaler-currencyservice,4,60,1,,,
2026-08-30 01:05:23,autoscaler,customdas-cpu-queue-autoscaler-emailservice,2,60,1,,,
2026-08-30 01:05:23,autoscaler,customdas-cpu-queue-autoscaler-frontend,9,60,1,,,
2026-08-30 01:05:23,autoscaler,customdas-cpu-queue-autoscaler-paymentservice,6,60,1,,,
2026-08-30 01:05:23,autoscaler,customdas-cpu-queue-autoscaler-productcatalogservice,8,60,1,,,
2026-08-30 01:05:23,autoscaler,customdas-cpu-queue-autoscaler-recommendationservice,6,60,1,,,
2026-08-30 01:05:23,autoscaler,customdas-cpu-queue-autoscaler-shippingservice,6,60,1,,,
2026-08-30 01:05:23,node,ze-master-node,2427,4076,,60.7,51.3,
2026-08-30 01:05:23,node,ze-worker-node,2427,1936,,60.7,24.4,
2026-08-30 01:05:31,deployment,adservice,46,94,1,,,
2026-08-30 01:05:31,deployment,cartservice,179,83,2,,,
2026-08-30 01:05:31,deployment,checkoutservice,34,22,2,,,
2026-08-30 01:05:31,deployment,currencyservice,286,125,2,,,
2026-08-30 01:05:31,deployment,emailservice,17,40,1,,,
2026-08-30 01:05:31,deployment,frontend,583,92,7,,,
2026-08-30 01:05:31,http_p95_latency,frontend,,,,,,198.2
2026-08-30 01:05:31,deployment,paymentservice,10,31,1,,,
2026-08-30 01:05:31,deployment,productcatalogservice,319,41,5,,,
2026-08-30 01:05:31,deployment,recommendationservice,206,87,2,,,
2026-08-30 01:05:31,deployment,redis-cart,16,32,1,,,
2026-08-30 01:05:31,deployment,shippingservice,39,17,2,,,
2026-08-30 01:05:31,autoscaler,customdas-cpu-queue-autoscaler-adservice,4,60,1,,,
2026-08-30 01:05:31,autoscaler,customdas-cpu-queue-autoscaler-cartservice,5,60,1,,,
2026-08-30 01:05:31,autoscaler,customdas-cpu-queue-autoscaler-checkoutservice,4,60,1,,,
2026-08-30 01:05:31,autoscaler,customdas-cpu-queue-autoscaler-currencyservice,3,60,1,,,
2026-08-30 01:05:31,autoscaler,customdas-cpu-queue-autoscaler-emailservice,3,60,1,,,
2026-08-30 01:05:31,autoscaler,customdas-cpu-queue-autoscaler-frontend,4,60,1,,,
2026-08-30 01:05:31,autoscaler,customdas-cpu-queue-autoscaler-paymentservice,3,60,1,,,
2026-08-30 01:05:31,autoscaler,customdas-cpu-queue-autoscaler-productcatalogservice,7,60,1,,,
2026-08-30 01:05:31,autoscaler,customdas-cpu-queue-autoscaler-recommendationservice,3,60,1,,,
2026-08-30 01:05:31,autoscaler,customdas-cpu-queue-autoscaler-shippingservice,4,60,1,,,
2026-08-30 01:05:31,node,ze-master-node,2360,4087,,59.0,51.5,
2026-08-30 01:05:31,node,ze-worker-node,2378,1941,,59.5,24.4,
2026-08-30 01:05:41,deployment,adservice,46,94,1,,,
2026-08-30 01:05:41,deployment,cartservice,178,83,2,,,
2026-08-30 01:05:41,deployment,checkoutservice,44,22,2,,,
2026-08-30 01:05:41,deployment,currencyservice,288,126,2,,,
2026-08-30 01:05:41,deployment,emailservice,18,40,1,,,
2026-08-30 01:05:41,deployment,frontend,511,80,6,,,
2026-08-30 01:05:41,http_p95_latency,frontend,,,,,,198.2
2026-08-30 01:05:41,deployment,paymentservice,11,31,1,,,
2026-08-30 01:05:41,deployment,productcatalogservice,333,41,5,,,
2026-08-30 01:05:41,deployment,recommendationservice,206,87,2,,,
2026-08-30 01:05:41,deployment,redis-cart,16,32,1,,,
2026-08-30 01:05:41,deployment,shippingservice,38,17,2,,,
2026-08-30 01:05:41,autoscaler,customdas-cpu-queue-autoscaler-adservice,4,60,1,,,
2026-08-30 01:05:41,autoscaler,customdas-cpu-queue-autoscaler-cartservice,5,60,1,,,
2026-08-30 01:05:41,autoscaler,customdas-cpu-queue-autoscaler-checkoutservice,4,60,1,,,
2026-08-30 01:05:41,autoscaler,customdas-cpu-queue-autoscaler-currencyservice,3,60,1,,,
2026-08-30 01:05:41,autoscaler,customdas-cpu-queue-autoscaler-emailservice,3,60,1,,,
2026-08-30 01:05:41,autoscaler,customdas-cpu-queue-autoscaler-frontend,4,60,1,,,
2026-08-30 01:05:41,autoscaler,customdas-cpu-queue-autoscaler-paymentservice,3,60,1,,,
2026-08-30 01:05:41,autoscaler,customdas-cpu-queue-autoscaler-productcatalogservice,7,60,1,,,
2026-08-30 01:05:41,autoscaler,customdas-cpu-queue-autoscaler-recommendationservice,3,60,1,,,
2026-08-30 01:05:41,autoscaler,customdas-cpu-queue-autoscaler-shippingservice,4,60,1,,,
2026-08-30 01:05:41,node,ze-master-node,2360,4087,,59.0,51.5,
2026-08-30 01:05:41,node,ze-worker-node,2378,1941,,59.5,24.4,
2026-08-30 01:05:50,deployment,adservice,47,94,1,,,
2026-08-30 01:05:50,deployment,cartservice,172,83,2,,,
2026-08-30 01:05:50,deployment,checkoutservice,37,22,2,,,
2026-08-30 01:05:50,deployment,currencyservice,278,127,2,,,
2026-08-30 01:05:50,deployment,emailservice,16,40,1,,,
2026-08-30 01:05:50,deployment,frontend,533,80,6,,,
2026-08-30 01:05:50,http_p95_latency,frontend,,,,,,190.2
2026-08-30 01:05:50,deployment,paymentservice,9,31,1,,,
2026-08-30 01:05:50,deployment,productcatalogservice,321,42,5,,,
2026-08-30 01:05:50,deployment,recommendationservice,203,87,2,,,
2026-08-30 01:05:50,deployment,redis-cart,16,32,1,,,
2026-08-30 01:05:50,deployment,shippingservice,37,17,2,,,
2026-08-30 01:05:50,autoscaler,customdas-cpu-queue-autoscaler-adservice,4,60,1,,,
2026-08-30 01:05:50,autoscaler,customdas-cpu-queue-autoscaler-cartservice,3,60,1,,,
2026-08-30 01:05:50,autoscaler,customdas-cpu-queue-autoscaler-checkoutservice,7,60,1,,,
2026-08-30 01:05:50,autoscaler,customdas-cpu-queue-autoscaler-currencyservice,3,60,1,,,
2026-08-30 01:05:50,autoscaler,customdas-cpu-queue-autoscaler-emailservice,4,60,1,,,
2026-08-30 01:05:50,autoscaler,customdas-cpu-queue-autoscaler-frontend,16,60,1,,,
2026-08-30 01:05:50,autoscaler,customdas-cpu-queue-autoscaler-paymentservice,3,60,1,,,
2026-08-30 01:05:50,autoscaler,customdas-cpu-queue-autoscaler-productcatalogservice,5,60,1,,,
2026-08-30 01:05:50,autoscaler,customdas-cpu-queue-autoscaler-recommendationservice,3,60,1,,,
2026-08-30 01:05:50,autoscaler,customdas-cpu-queue-autoscaler-shippingservice,2,60,1,,,
2026-08-30 01:05:50,node,ze-master-node,2327,4060,,58.2,51.1,
2026-08-30 01:05:50,node,ze-worker-node,2426,1939,,60.7,24.4,
2026-08-30 01:05:58,deployment,adservice,47,94,1,,,
2026-08-30 01:05:58,deployment,cartservice,172,83,2,,,
2026-08-30 01:05:58,deployment,checkoutservice,37,22,2,,,
2026-08-30 01:05:58,deployment,currencyservice,278,127,2,,,
2026-08-30 01:05:58,deployment,emailservice,16,40,1,,,
2026-08-30 01:05:58,deployment,frontend,533,80,6,,,
2026-08-30 01:05:58,http_p95_latency,frontend,,,,,,188.2
2026-08-30 01:05:58,deployment,paymentservice,9,31,1,,,
2026-08-30 01:05:58,deployment,productcatalogservice,321,42,5,,,
2026-08-30 01:05:58,deployment,recommendationservice,203,87,2,,,
2026-08-30 01:05:58,deployment,redis-cart,16,32,1,,,
2026-08-30 01:05:58,deployment,shippingservice,37,17,2,,,
2026-08-30 01:05:58,autoscaler,customdas-cpu-queue-autoscaler-adservice,4,60,1,,,
2026-08-30 01:05:58,autoscaler,customdas-cpu-queue-autoscaler-cartservice,3,60,1,,,
2026-08-30 01:05:58,autoscaler,customdas-cpu-queue-autoscaler-checkoutservice,7,60,1,,,
2026-08-30 01:05:58,autoscaler,customdas-cpu-queue-autoscaler-currencyservice,3,60,1,,,
2026-08-30 01:05:58,autoscaler,customdas-cpu-queue-autoscaler-emailservice,4,60,1,,,
2026-08-30 01:05:58,autoscaler,customdas-cpu-queue-autoscaler-frontend,16,60,1,,,
2026-08-30 01:05:58,autoscaler,customdas-cpu-queue-autoscaler-paymentservice,3,60,1,,,
2026-08-30 01:05:58,autoscaler,customdas-cpu-queue-autoscaler-productcatalogservice,5,60,1,,,
2026-08-30 01:05:58,autoscaler,customdas-cpu-queue-autoscaler-recommendationservice,3,60,1,,,
2026-08-30 01:05:58,autoscaler,customdas-cpu-queue-autoscaler-shippingservice,2,60,1,,,
2026-08-30 01:05:58,node,ze-master-node,2327,4060,,58.2,51.1,
2026-08-30 01:05:58,node,ze-worker-node,2426,1939,,60.7,24.4,
2026-08-30 01:06:06,deployment,adservice,37,94,1,,,
2026-08-30 01:06:06,deployment,cartservice,146,83,2,,,
2026-08-30 01:06:06,deployment,checkoutservice,29,22,2,,,
2026-08-30 01:06:06,deployment,currencyservice,278,127,2,,,
2026-08-30 01:06:06,deployment,emailservice,14,40,1,,,
2026-08-30 01:06:06,deployment,frontend,497,80,6,,,
2026-08-30 01:06:06,http_p95_latency,frontend,,,,,,188.2
2026-08-30 01:06:06,deployment,paymentservice,11,31,1,,,
2026-08-30 01:06:06,deployment,productcatalogservice,290,41,5,,,
2026-08-30 01:06:06,deployment,recommendationservice,185,88,2,,,
2026-08-30 01:06:06,deployment,redis-cart,15,32,1,,,
2026-08-30 01:06:06,deployment,shippingservice,30,17,2,,,
2026-08-30 01:06:06,autoscaler,customdas-cpu-queue-autoscaler-adservice,3,60,1,,,
2026-08-30 01:06:06,autoscaler,customdas-cpu-queue-autoscaler-cartservice,3,60,1,,,
2026-08-30 01:06:06,autoscaler,customdas-cpu-queue-autoscaler-checkoutservice,2,60,1,,,
2026-08-30 01:06:06,autoscaler,customdas-cpu-queue-autoscaler-currencyservice,3,60,1,,,
2026-08-30 01:06:06,autoscaler,customdas-cpu-queue-autoscaler-emailservice,3,60,1,,,
2026-08-30 01:06:06,autoscaler,customdas-cpu-queue-autoscaler-frontend,0,60,1,,,
2026-08-30 01:06:06,autoscaler,customdas-cpu-queue-autoscaler-paymentservice,3,60,1,,,
2026-08-30 01:06:06,autoscaler,customdas-cpu-queue-autoscaler-productcatalogservice,5,60,1,,,
2026-08-30 01:06:06,autoscaler,customdas-cpu-queue-autoscaler-recommendationservice,4,60,1,,,
2026-08-30 01:06:06,autoscaler,customdas-cpu-queue-autoscaler-shippingservice,2,60,1,,,
2026-08-30 01:06:06,node,ze-master-node,2142,4076,,53.5,51.3,
2026-08-30 01:06:06,node,ze-worker-node,2208,1941,,55.2,24.4,
2026-08-30 01:06:13,deployment,adservice,37,94,1,,,
2026-08-30 01:06:13,deployment,cartservice,146,83,2,,,
2026-08-30 01:06:13,deployment,checkoutservice,29,22,2,,,
2026-08-30 01:06:13,deployment,currencyservice,278,127,2,,,
2026-08-30 01:06:13,deployment,emailservice,14,40,1,,,
2026-08-30 01:06:13,deployment,frontend,497,80,6,,,
2026-08-30 01:06:13,http_p95_latency,frontend,,,,,,187.1
2026-08-30 01:06:13,deployment,paymentservice,11,31,1,,,
2026-08-30 01:06:13,deployment,productcatalogservice,290,41,5,,,
2026-08-30 01:06:13,deployment,recommendationservice,185,88,2,,,
2026-08-30 01:06:13,deployment,redis-cart,15,32,1,,,
2026-08-30 01:06:13,deployment,shippingservice,30,17,2,,,
2026-08-30 01:06:13,autoscaler,customdas-cpu-queue-autoscaler-adservice,3,60,1,,,
2026-08-30 01:06:13,autoscaler,customdas-cpu-queue-autoscaler-cartservice,3,60,1,,,
2026-08-30 01:06:13,autoscaler,customdas-cpu-queue-autoscaler-checkoutservice,2,60,1,,,
2026-08-30 01:06:13,autoscaler,customdas-cpu-queue-autoscaler-currencyservice,3,60,1,,,
2026-08-30 01:06:13,autoscaler,customdas-cpu-queue-autoscaler-emailservice,3,60,1,,,
2026-08-30 01:06:13,autoscaler,customdas-cpu-queue-autoscaler-frontend,0,60,1,,,
2026-08-30 01:06:13,autoscaler,customdas-cpu-queue-autoscaler-paymentservice,3,60,1,,,
2026-08-30 01:06:13,autoscaler,customdas-cpu-queue-autoscaler-productcatalogservice,5,60,1,,,
2026-08-30 01:06:13,autoscaler,customdas-cpu-queue-autoscaler-recommendationservice,4,60,1,,,
2026-08-30 01:06:13,autoscaler,customdas-cpu-queue-autoscaler-shippingservice,2,60,1,,,
2026-08-30 01:06:13,node,ze-master-node,2142,4076,,53.5,51.3,
2026-08-30 01:06:13,node,ze-worker-node,2208,1941,,55.2,24.4,
2026-08-30 01:06:21,deployment,adservice,40,94,1,,,
2026-08-30 01:06:21,deployment,cartservice,138,83,2,,,
2026-08-30 01:06:21,deployment,checkoutservice,31,22,2,,,
2026-08-30 01:06:21,deployment,currencyservice,264,128,2,,,
2026-08-30 01:06:21,deployment,emailservice,14,40,1,,,
2026-08-30 01:06:21,deployment,frontend,508,80,6,,,
2026-08-30 01:06:21,http_p95_latency,frontend,,,,,,187.1
2026-08-30 01:06:21,deployment,paymentservice,11,31,1,,,
2026-08-30 01:06:21,deployment,productcatalogservice,294,41,5,,,
2026-08-30 01:06:21,deployment,recommendationservice,179,87,2,,,
2026-08-30 01:06:21,deployment,redis-cart,14,32,1,,,
2026-08-30 01:06:21,deployment,shippingservice,16,9,1,,,
2026-08-30 01:06:21,autoscaler,customdas-cpu-queue-autoscaler-adservice,4,60,1,,,
2026-08-30 01:06:21,autoscaler,customdas-cpu-queue-autoscaler-cartservice,4,60,1,,,
2026-08-30 01:06:21,autoscaler,customdas-cpu-queue-autoscaler-checkoutservice,2,60,1,,,
2026-08-30 01:06:21,autoscaler,customdas-cpu-queue-autoscaler-currencyservice,3,60,1,,,
2026-08-30 01:06:21,autoscaler,customdas-cpu-queue-autoscaler-emailservice,5,60,1,,,
2026-08-30 01:06:21,autoscaler,customdas-cpu-queue-autoscaler-frontend,7,60,1,,,
2026-08-30 01:06:21,autoscaler,customdas-cpu-queue-autoscaler-paymentservice,5,60,1,,,
2026-08-30 01:06:21,autoscaler,customdas-cpu-queue-autoscaler-productcatalogservice,8,60,1,,,
2026-08-30 01:06:21,autoscaler,customdas-cpu-queue-autoscaler-recommendationservice,6,60,1,,,
2026-08-30 01:06:21,autoscaler,customdas-cpu-queue-autoscaler-shippingservice,4,60,1,,,
2026-08-30 01:06:21,node,ze-master-node,2169,4067,,54.2,51.2,
2026-08-30 01:06:21,node,ze-worker-node,2204,1933,,55.1,24.3,
2026-08-30 01:06:30,deployment,adservice,40,94,1,,,
2026-08-30 01:06:30,deployment,cartservice,138,83,2,,,
2026-08-30 01:06:30,deployment,checkoutservice,11,12,1,,,
2026-08-30 01:06:30,deployment,currencyservice,264,128,2,,,
2026-08-30 01:06:30,deployment,emailservice,14,40,1,,,
2026-08-30 01:06:30,deployment,frontend,508,80,6,,,
2026-08-30 01:06:30,http_p95_latency,frontend,,,,,,178.3
2026-08-30 01:06:30,deployment,paymentservice,11,31,1,,,
2026-08-30 01:06:30,deployment,productcatalogservice,294,41,5,,,
2026-08-30 01:06:30,deployment,recommendationservice,179,87,2,,,
2026-08-30 01:06:30,deployment,redis-cart,14,32,1,,,
2026-08-30 01:06:30,deployment,shippingservice,16,9,1,,,
2026-08-30 01:06:30,autoscaler,customdas-cpu-queue-autoscaler-adservice,4,60,1,,,
2026-08-30 01:06:30,autoscaler,customdas-cpu-queue-autoscaler-cartservice,4,60,1,,,
2026-08-30 01:06:30,autoscaler,customdas-cpu-queue-autoscaler-checkoutservice,2,60,1,,,
2026-08-30 01:06:30,autoscaler,customdas-cpu-queue-autoscaler-currencyservice,3,60,1,,,
2026-08-30 01:06:30,autoscaler,customdas-cpu-queue-autoscaler-emailservice,5,60,1,,,
2026-08-30 01:06:30,autoscaler,customdas-cpu-queue-autoscaler-frontend,7,60,1,,,
2026-08-30 01:06:30,autoscaler,customdas-cpu-queue-autoscaler-paymentservice,5,60,1,,,
2026-08-30 01:06:30,autoscaler,customdas-cpu-queue-autoscaler-productcatalogservice,8,60,1,,,
2026-08-30 01:06:30,autoscaler,customdas-cpu-queue-autoscaler-recommendationservice,6,60,1,,,
2026-08-30 01:06:30,autoscaler,customdas-cpu-queue-autoscaler-shippingservice,4,60,1,,,
2026-08-30 01:06:30,node,ze-master-node,2169,4067,,54.2,51.2,
2026-08-30 01:06:30,node,ze-worker-node,2204,1933,,55.1,24.3,
2026-08-30 01:06:37,deployment,adservice,40,94,1,,,
2026-08-30 01:06:37,deployment,cartservice,129,83,2,,,
2026-08-30 01:06:37,deployment,checkoutservice,17,12,1,,,
2026-08-30 01:06:37,deployment,currencyservice,261,127,2,,,
2026-08-30 01:06:37,deployment,emailservice,17,40,1,,,
2026-08-30 01:06:37,deployment,frontend,505,80,6,,,
2026-08-30 01:06:37,http_p95_latency,frontend,,,,,,178.3
2026-08-30 01:06:37,deployment,paymentservice,10,31,1,,,
2026-08-30 01:06:37,deployment,productcatalogservice,222,33,4,,,
2026-08-30 01:06:37,deployment,recommendationservice,180,87,2,,,
2026-08-30 01:06:37,deployment,redis-cart,14,32,1,,,
2026-08-30 01:06:37,deployment,shippingservice,20,9,1,,,
2026-08-30 01:06:37,autoscaler,customdas-cpu-queue-autoscaler-adservice,5,60,1,,,
2026-08-30 01:06:37,autoscaler,customdas-cpu-queue-autoscaler-cartservice,4,60,1,,,
2026-08-30 01:06:37,autoscaler,customdas-cpu-queue-autoscaler-checkoutservice,6,60,1,,,
2026-08-30 01:06:37,autoscaler,customdas-cpu-queue-autoscaler-currencyservice,3,60,1,,,
2026-08-30 01:06:37,autoscaler,customdas-cpu-queue-autoscaler-emailservice,3,60,1,,,
2026-08-30 01:06:37,autoscaler,customdas-cpu-queue-autoscaler-frontend,4,60,1,,,
2026-08-30 01:06:37,autoscaler,customdas-cpu-queue-autoscaler-paymentservice,3,60,1,,,
2026-08-30 01:06:37,autoscaler,customdas-cpu-queue-autoscaler-productcatalogservice,0,60,1,,,
2026-08-30 01:06:37,autoscaler,customdas-cpu-queue-autoscaler-recommendationservice,3,60,1,,,
2026-08-30 01:06:37,autoscaler,customdas-cpu-queue-autoscaler-shippingservice,3,60,1,,,
2026-08-30 01:06:37,node,ze-master-node,2215,4074,,55.4,51.3,
2026-08-30 01:06:37,node,ze-worker-node,2238,1911,,56.0,24.1,
2026-08-30 01:06:44,deployment,adservice,40,94,1,,,
2026-08-30 01:06:44,deployment,cartservice,55,45,1,,,
2026-08-30 01:06:44,deployment,checkoutservice,17,12,1,,,
2026-08-30 01:06:44,deployment,currencyservice,261,127,2,,,
2026-08-30 01:06:44,deployment,emailservice,17,40,1,,,
2026-08-30 01:06:44,deployment,frontend,505,80,6,,,
2026-08-30 01:06:44,http_p95_latency,frontend,,,,,,178.8
2026-08-30 01:06:44,deployment,paymentservice,10,31,1,,,
2026-08-30 01:06:44,deployment,productcatalogservice,222,33,4,,,
2026-08-30 01:06:44,deployment,recommendationservice,180,87,2,,,
2026-08-30 01:06:44,deployment,redis-cart,14,32,1,,,
2026-08-30 01:06:44,deployment,shippingservice,20,9,1,,,
2026-08-30 01:06:44,autoscaler,customdas-cpu-queue-autoscaler-adservice,5,60,1,,,
2026-08-30 01:06:44,autoscaler,customdas-cpu-queue-autoscaler-cartservice,4,60,1,,,
2026-08-30 01:06:44,autoscaler,customdas-cpu-queue-autoscaler-checkoutservice,6,60,1,,,
2026-08-30 01:06:44,autoscaler,customdas-cpu-queue-autoscaler-currencyservice,3,60,1,,,
2026-08-30 01:06:44,autoscaler,customdas-cpu-queue-autoscaler-emailservice,3,60,1,,,
2026-08-30 01:06:44,autoscaler,customdas-cpu-queue-autoscaler-frontend,4,60,1,,,
2026-08-30 01:06:44,autoscaler,customdas-cpu-queue-autoscaler-paymentservice,3,60,1,,,
2026-08-30 01:06:44,autoscaler,customdas-cpu-queue-autoscaler-productcatalogservice,0,60,1,,,
2026-08-30 01:06:44,autoscaler,customdas-cpu-queue-autoscaler-recommendationservice,3,60,1,,,
2026-08-30 01:06:44,autoscaler,customdas-cpu-queue-autoscaler-shippingservice,3,60,1,,,
2026-08-30 01:06:44,node,ze-master-node,2215,4074,,55.4,51.3,
2026-08-30 01:06:44,node,ze-worker-node,2238,1911,,56.0,24.1,
2026-08-30 01:06:52,deployment,adservice,38,94,1,,,
2026-08-30 01:06:52,deployment,cartservice,74,45,1,,,
2026-08-30 01:06:52,deployment,checkoutservice,21,12,1,,,
2026-08-30 01:06:52,deployment,currencyservice,239,127,2,,,
2026-08-30 01:06:52,deployment,emailservice,19,40,1,,,
2026-08-30 01:06:52,deployment,frontend,488,80,6,,,
2026-08-30 01:06:52,http_p95_latency,frontend,,,,,,178.8
2026-08-30 01:06:52,deployment,paymentservice,9,31,1,,,
2026-08-30 01:06:52,deployment,productcatalogservice,244,36,4,,,
2026-08-30 01:06:52,deployment,recommendationservice,177,87,2,,,
2026-08-30 01:06:52,deployment,redis-cart,13,32,1,,,
2026-08-30 01:06:52,deployment,shippingservice,22,9,1,,,
2026-08-30 01:06:52,autoscaler,customdas-cpu-queue-autoscaler-adservice,3,60,1,,,
2026-08-30 01:06:52,autoscaler,customdas-cpu-queue-autoscaler-cartservice,3,60,1,,,
2026-08-30 01:06:52,autoscaler,customdas-cpu-queue-autoscaler-checkoutservice,6,60,1,,,
2026-08-30 01:06:52,autoscaler,customdas-cpu-queue-autoscaler-currencyservice,3,60,1,,,
2026-08-30 01:06:52,autoscaler,customdas-cpu-queue-autoscaler-emailservice,3,60,1,,,
2026-08-30 01:06:52,autoscaler,customdas-cpu-queue-autoscaler-frontend,6,60,1,,,
2026-08-30 01:06:52,autoscaler,customdas-cpu-queue-autoscaler-paymentservice,3,60,1,,,
2026-08-30 01:06:52,autoscaler,customdas-cpu-queue-autoscaler-productcatalogservice,8,60,1,,,
2026-08-30 01:06:52,autoscaler,customdas-cpu-queue-autoscaler-recommendationservice,5,60,1,,,
2026-08-30 01:06:52,autoscaler,customdas-cpu-queue-autoscaler-shippingservice,2,60,1,,,
2026-08-30 01:06:52,node,ze-master-node,2202,4072,,55.0,51.3,
2026-08-30 01:06:52,node,ze-worker-node,2154,1848,,53.8,23.3,
2026-08-30 01:06:58,deployment,adservice,38,94,1,,,
2026-08-30 01:06:58,deployment,cartservice,74,45,1,,,
2026-08-30 01:06:58,deployment,checkoutservice,21,12,1,,,
2026-08-30 01:06:58,deployment,currencyservice,239,127,2,,,
2026-08-30 01:06:58,deployment,emailservice,19,40,1,,,
2026-08-30 01:06:58,deployment,frontend,488,80,6,,,
2026-08-30 01:06:58,http_p95_latency,frontend,,,,,,530.4
2026-08-30 01:06:58,deployment,paymentservice,9,31,1,,,
2026-08-30 01:06:58,deployment,productcatalogservice,244,36,4,,,
2026-08-30 01:06:58,deployment,recommendationservice,177,87,2,,,
2026-08-30 01:06:58,deployment,redis-cart,13,32,1,,,
2026-08-30 01:06:58,deployment,shippingservice,22,9,1,,,
2026-08-30 01:06:58,autoscaler,customdas-cpu-queue-autoscaler-adservice,3,60,1,,,
2026-08-30 01:06:58,autoscaler,customdas-cpu-queue-autoscaler-cartservice,3,60,1,,,
2026-08-30 01:06:58,autoscaler,customdas-cpu-queue-autoscaler-checkoutservice,6,60,1,,,
2026-08-30 01:06:58,autoscaler,customdas-cpu-queue-autoscaler-currencyservice,3,60,1,,,
2026-08-30 01:06:58,autoscaler,customdas-cpu-queue-autoscaler-emailservice,3,60,1,,,
2026-08-30 01:06:58,autoscaler,customdas-cpu-queue-autoscaler-frontend,6,60,1,,,
2026-08-30 01:06:58,autoscaler,customdas-cpu-queue-autoscaler-paymentservice,3,60,1,,,
2026-08-30 01:06:58,autoscaler,customdas-cpu-queue-autoscaler-productcatalogservice,8,60,1,,,
2026-08-30 01:06:58,autoscaler,customdas-cpu-queue-autoscaler-recommendationservice,5,60,1,,,
2026-08-30 01:06:58,autoscaler,customdas-cpu-queue-autoscaler-shippingservice,2,60,1,,,
2026-08-30 01:06:58,node,ze-master-node,2202,4072,,55.0,51.3,
2026-08-30 01:06:58,node,ze-worker-node,2154,1848,,53.8,23.3,
2026-08-30 01:07:07,deployment,adservice,35,94,1,,,
2026-08-30 01:07:07,deployment,cartservice,78,45,1,,,
2026-08-30 01:07:07,deployment,checkoutservice,20,12,1,,,
2026-08-30 01:07:07,deployment,currencyservice,148,63,1,,,
2026-08-30 01:07:07,deployment,emailservice,15,40,1,,,
2026-08-30 01:07:07,deployment,frontend,489,81,6,,,
2026-08-30 01:07:07,http_p95_latency,frontend,,,,,,530.4
2026-08-30 01:07:07,deployment,paymentservice,13,31,1,,,
2026-08-30 01:07:07,deployment,productcatalogservice,261,34,4,,,
2026-08-30 01:07:07,deployment,recommendationservice,174,87,2,,,
2026-08-30 01:07:07,deployment,redis-cart,13,32,1,,,
2026-08-30 01:07:07,deployment,shippingservice,22,9,1,,,
2026-08-30 01:07:07,autoscaler,customdas-cpu-queue-autoscaler-adservice,5,60,1,,,
2026-08-30 01:07:07,autoscaler,customdas-cpu-queue-autoscaler-cartservice,4,60,1,,,
2026-08-30 01:07:07,autoscaler,customdas-cpu-queue-autoscaler-checkoutservice,3,60,1,,,
2026-08-30 01:07:07,autoscaler,customdas-cpu-queue-autoscaler-currencyservice,7,60,1,,,
2026-08-30 01:07:07,autoscaler,customdas-cpu-queue-autoscaler-emailservice,3,60,1,,,
2026-08-30 01:07:07,autoscaler,customdas-cpu-queue-autoscaler-frontend,7,60,1,,,
2026-08-30 01:07:07,autoscaler,customdas-cpu-queue-autoscaler-paymentservice,3,60,1,,,
2026-08-30 01:07:07,autoscaler,customdas-cpu-queue-autoscaler-productcatalogservice,9,60,1,,,
2026-08-30 01:07:07,autoscaler,customdas-cpu-queue-autoscaler-recommendationservice,0,60,1,,,
2026-08-30 01:07:07,autoscaler,customdas-cpu-queue-autoscaler-shippingservice,3,60,1,,,
2026-08-30 01:07:07,node,ze-master-node,2101,4018,,52.5,50.6,
2026-08-30 01:07:07,node,ze-worker-node,1963,1848,,49.1,23.3,
2026-08-30 01:07:14,deployment,adservice,35,94,1,,,
2026-08-30 01:07:14,deployment,cartservice,78,45,1,,,
2026-08-30 01:07:14,deployment,checkoutservice,20,12,1,,,
2026-08-30 01:07:14,deployment,currencyservice,148,63,1,,,
2026-08-30 01:07:14,deployment,emailservice,15,40,1,,,
2026-08-30 01:07:14,deployment,frontend,489,81,6,,,
2026-08-30 01:07:14,http_p95_latency,frontend,,,,,,1086.4
2026-08-30 01:07:14,deployment,paymentservice,13,31,1,,,
2026-08-30 01:07:14,deployment,productcatalogservice,261,34,4,,,
2026-08-30 01:07:14,deployment,recommendationservice,174,87,2,,,
2026-08-30 01:07:14,deployment,redis-cart,13,32,1,,,
2026-08-30 01:07:14,deployment,shippingservice,22,9,1,,,
2026-08-30 01:07:14,autoscaler,customdas-cpu-queue-autoscaler-adservice,5,60,1,,,
2026-08-30 01:07:14,autoscaler,customdas-cpu-queue-autoscaler-cartservice,4,60,1,,,
2026-08-30 01:07:14,autoscaler,customdas-cpu-queue-autoscaler-checkoutservice,3,60,1,,,
2026-08-30 01:07:14,autoscaler,customdas-cpu-queue-autoscaler-currencyservice,7,60,1,,,
2026-08-30 01:07:14,autoscaler,customdas-cpu-queue-autoscaler-emailservice,3,60,1,,,
2026-08-30 01:07:14,autoscaler,customdas-cpu-queue-autoscaler-frontend,7,60,1,,,
2026-08-30 01:07:14,autoscaler,customdas-cpu-queue-autoscaler-paymentservice,3,60,1,,,
2026-08-30 01:07:14,autoscaler,customdas-cpu-queue-autoscaler-productcatalogservice,9,60,1,,,
2026-08-30 01:07:14,autoscaler,customdas-cpu-queue-autoscaler-recommendationservice,0,60,1,,,
2026-08-30 01:07:14,autoscaler,customdas-cpu-queue-autoscaler-shippingservice,3,60,1,,,
2026-08-30 01:07:14,node,ze-master-node,2101,4018,,52.5,50.6,
2026-08-30 01:07:14,node,ze-worker-node,1963,1848,,49.1,23.3,
2026-08-30 01:07:24,deployment,adservice,41,94,1,,,
2026-08-30 01:07:24,deployment,cartservice,78,45,1,,,
2026-08-30 01:07:24,deployment,checkoutservice,29,12,1,,,
2026-08-30 01:07:24,deployment,currencyservice,197,63,1,,,
2026-08-30 01:07:24,deployment,emailservice,18,40,1,,,
2026-08-30 01:07:24,deployment,frontend,546,80,6,,,
2026-08-30 01:07:24,http_p95_latency,frontend,,,,,,1086.4
2026-08-30 01:07:24,deployment,paymentservice,10,31,1,,,
2026-08-30 01:07:24,deployment,productcatalogservice,304,34,4,,,
2026-08-30 01:07:24,deployment,recommendationservice,194,87,2,,,
2026-08-30 01:07:24,deployment,redis-cart,12,32,1,,,
2026-08-30 01:07:24,deployment,shippingservice,24,9,1,,,
2026-08-30 01:07:24,autoscaler,customdas-cpu-queue-autoscaler-adservice,4,60,1,,,
2026-08-30 01:07:24,autoscaler,customdas-cpu-queue-autoscaler-cartservice,2,60,1,,,
2026-08-30 01:07:24,autoscaler,customdas-cpu-queue-autoscaler-checkoutservice,3,60,1,,,
2026-08-30 01:07:24,autoscaler,customdas-cpu-queue-autoscaler-currencyservice,0,60,1,,,
2026-08-30 01:07:24,autoscaler,customdas-cpu-queue-autoscaler-emailservice,3,60,1,,,
2026-08-30 01:07:24,autoscaler,customdas-cpu-queue-autoscaler-frontend,11,60,1,,,
2026-08-30 01:07:24,autoscaler,customdas-cpu-queue-autoscaler-paymentservice,3,60,1,,,
2026-08-30 01:07:24,autoscaler,customdas-cpu-queue-autoscaler-productcatalogservice,4,60,1,,,
2026-08-30 01:07:24,autoscaler,customdas-cpu-queue-autoscaler-recommendationservice,7,60,1,,,
2026-08-30 01:07:24,autoscaler,customdas-cpu-queue-autoscaler-shippingservice,5,60,1,,,
2026-08-30 01:07:24,node,ze-master-node,2216,4009,,55.4,50.5,
2026-08-30 01:07:24,node,ze-worker-node,2118,1843,,52.9,23.2,
2026-08-30 01:07:31,deployment,adservice,41,94,1,,,
2026-08-30 01:07:31,deployment,cartservice,78,45,1,,,
2026-08-30 01:07:31,deployment,checkoutservice,29,12,1,,,
2026-08-30 01:07:31,deployment,currencyservice,197,63,2,,,
2026-08-30 01:07:31,deployment,emailservice,18,40,1,,,
2026-08-30 01:07:31,deployment,frontend,546,80,6,,,
2026-08-30 01:07:31,http_p95_latency,frontend,,,,,,971.4
2026-08-30 01:07:31,deployment,paymentservice,10,31,1,,,
2026-08-30 01:07:31,deployment,productcatalogservice,304,34,4,,,
2026-08-30 01:07:31,deployment,recommendationservice,194,87,2,,,
2026-08-30 01:07:31,deployment,redis-cart,12,32,1,,,
2026-08-30 01:07:31,deployment,shippingservice,24,9,1,,,
2026-08-30 01:07:31,autoscaler,customdas-cpu-queue-autoscaler-adservice,4,60,1,,,
2026-08-30 01:07:31,autoscaler,customdas-cpu-queue-autoscaler-cartservice,2,60,1,,,
2026-08-30 01:07:31,autoscaler,customdas-cpu-queue-autoscaler-checkoutservice,3,60,1,,,
2026-08-30 01:07:31,autoscaler,customdas-cpu-queue-autoscaler-currencyservice,2,60,1,,,
2026-08-30 01:07:31,autoscaler,customdas-cpu-queue-autoscaler-emailservice,4,60,1,,,
2026-08-30 01:07:31,autoscaler,customdas-cpu-queue-autoscaler-frontend,9,60,1,,,
2026-08-30 01:07:31,autoscaler,customdas-cpu-queue-autoscaler-paymentservice,3,60,1,,,
2026-08-30 01:07:31,autoscaler,customdas-cpu-queue-autoscaler-productcatalogservice,7,60,1,,,
2026-08-30 01:07:31,autoscaler,customdas-cpu-queue-autoscaler-recommendationservice,0,60,1,,,
2026-08-30 01:07:31,autoscaler,customdas-cpu-queue-autoscaler-shippingservice,3,60,1,,,
2026-08-30 01:07:31,node,ze-master-node,2276,4014,,56.9,50.5,
2026-08-30 01:07:31,node,ze-worker-node,2062,1847,,51.5,23.3,
2026-08-30 01:07:42,deployment,adservice,41,94,1,,,
2026-08-30 01:07:42,deployment,cartservice,101,45,2,,,
2026-08-30 01:07:42,deployment,checkoutservice,36,12,2,,,
2026-08-30 01:07:42,deployment,currencyservice,197,63,2,,,
2026-08-30 01:07:42,deployment,emailservice,17,40,1,,,
2026-08-30 01:07:42,deployment,frontend,450,68,5,,,
2026-08-30 01:07:42,http_p95_latency,frontend,,,,,,805.6
2026-08-30 01:07:42,deployment,paymentservice,12,31,1,,,
2026-08-30 01:07:42,deployment,productcatalogservice,297,33,4,,,
2026-08-30 01:07:42,deployment,recommendationservice,207,87,2,,,
2026-08-30 01:07:42,deployment,redis-cart,12,32,1,,,
2026-08-30 01:07:42,deployment,shippingservice,28,9,1,,,
2026-08-30 01:07:42,autoscaler,customdas-cpu-queue-autoscaler-adservice,3,60,1,,,
2026-08-30 01:07:42,autoscaler,customdas-cpu-queue-autoscaler-cartservice,5,60,1,,,
2026-08-30 01:07:42,autoscaler,customdas-cpu-queue-autoscaler-checkoutservice,5,60,1,,,
2026-08-30 01:07:42,autoscaler,customdas-cpu-queue-autoscaler-currencyservice,2,60,1,,,
2026-08-30 01:07:42,autoscaler,customdas-cpu-queue-autoscaler-emailservice,4,60,1,,,
2026-08-30 01:07:42,autoscaler,customdas-cpu-queue-autoscaler-frontend,9,60,1,,,
2026-08-30 01:07:42,autoscaler,customdas-cpu-queue-autoscaler-paymentservice,3,60,1,,,
2026-08-30 01:07:42,autoscaler,customdas-cpu-queue-autoscaler-productcatalogservice,7,60,1,,,
2026-08-30 01:07:42,autoscaler,customdas-cpu-queue-autoscaler-recommendationservice,0,60,1,,,
2026-08-30 01:07:42,autoscaler,customdas-cpu-queue-autoscaler-shippingservice,3,60,1,,,
2026-08-30 01:07:42,node,ze-master-node,2276,4014,,56.9,50.5,
2026-08-30 01:07:42,node,ze-worker-node,2062,1847,,51.5,23.3,
2026-08-30 01:07:49,deployment,adservice,37,94,1,,,
2026-08-30 01:07:49,deployment,cartservice,115,45,2,,,
2026-08-30 01:07:49,deployment,checkoutservice,26,12,2,,,
2026-08-30 01:07:49,deployment,currencyservice,292,90,2,,,
2026-08-30 01:07:49,deployment,emailservice,17,40,1,,,
2026-08-30 01:07:49,deployment,frontend,463,67,5,,,
2026-08-30 01:07:49,http_p95_latency,frontend,,,,,,805.6
2026-08-30 01:07:49,deployment,paymentservice,10,31,1,,,
2026-08-30 01:07:49,deployment,productcatalogservice,294,33,4,,,
2026-08-30 01:07:49,deployment,recommendationservice,194,87,2,,,
2026-08-30 01:07:49,deployment,redis-cart,43,34,1,,,
2026-08-30 01:07:49,deployment,shippingservice,23,9,1,,,
2026-08-30 01:07:49,autoscaler,customdas-cpu-queue-autoscaler-adservice,9,60,1,,,
2026-08-30 01:07:49,autoscaler,customdas-cpu-queue-autoscaler-cartservice,3,60,1,,,
2026-08-30 01:07:49,autoscaler,customdas-cpu-queue-autoscaler-checkoutservice,3,60,1,,,
2026-08-30 01:07:49,autoscaler,customdas-cpu-queue-autoscaler-currencyservice,7,60,1,,,
2026-08-30 01:07:49,autoscaler,customdas-cpu-queue-autoscaler-emailservice,3,60,1,,,
2026-08-30 01:07:49,autoscaler,customdas-cpu-queue-autoscaler-frontend,7,60,1,,,
2026-08-30 01:07:49,autoscaler,customdas-cpu-queue-autoscaler-paymentservice,8,60,1,,,
2026-08-30 01:07:49,autoscaler,customdas-cpu-queue-autoscaler-productcatalogservice,7,60,1,,,
2026-08-30 01:07:49,autoscaler,customdas-cpu-queue-autoscaler-recommendationservice,4,60,1,,,
2026-08-30 01:07:49,autoscaler,customdas-cpu-queue-autoscaler-shippingservice,3,60,1,,,
2026-08-30 01:07:49,node,ze-master-node,2505,3999,,62.6,50.4,
2026-08-30 01:07:49,node,ze-worker-node,2275,1852,,56.9,23.3,
2026-08-30 01:07:58,deployment,adservice,37,94,1,,,
2026-08-30 01:07:58,deployment,cartservice,115,45,2,,,
2026-08-30 01:07:58,deployment,checkoutservice,26,12,2,,,
2026-08-30 01:07:58,deployment,currencyservice,292,90,2,,,
2026-08-30 01:07:58,deployment,emailservice,17,40,1,,,
2026-08-30 01:07:58,deployment,frontend,463,67,5,,,
2026-08-30 01:07:58,http_p95_latency,frontend,,,,,,777.2
2026-08-30 01:07:58,deployment,paymentservice,10,31,1,,,
2026-08-30 01:07:58,deployment,productcatalogservice,294,33,4,,,
2026-08-30 01:07:58,deployment,recommendationservice,194,87,2,,,
2026-08-30 01:07:58,deployment,redis-cart,43,34,1,,,
2026-08-30 01:07:58,deployment,shippingservice,23,9,1,,,
2026-08-30 01:07:58,autoscaler,customdas-cpu-queue-autoscaler-adservice,9,60,1,,,
2026-08-30 01:07:58,autoscaler,customdas-cpu-queue-autoscaler-cartservice,3,60,1,,,
2026-08-30 01:07:58,autoscaler,customdas-cpu-queue-autoscaler-checkoutservice,3,60,1,,,
2026-08-30 01:07:58,autoscaler,customdas-cpu-queue-autoscaler-currencyservice,7,60,1,,,
2026-08-30 01:07:58,autoscaler,customdas-cpu-queue-autoscaler-emailservice,3,60,1,,,
2026-08-30 01:07:58,autoscaler,customdas-cpu-queue-autoscaler-frontend,7,60,1,,,
2026-08-30 01:07:58,autoscaler,customdas-cpu-queue-autoscaler-paymentservice,8,60,1,,,
2026-08-30 01:07:58,autoscaler,customdas-cpu-queue-autoscaler-productcatalogservice,7,60,1,,,
2026-08-30 01:07:58,autoscaler,customdas-cpu-queue-autoscaler-recommendationservice,4,60,1,,,
2026-08-30 01:07:58,autoscaler,customdas-cpu-queue-autoscaler-shippingservice,3,60,1,,,
2026-08-30 01:07:58,node,ze-master-node,2505,3999,,62.6,50.4,
2026-08-30 01:07:58,node,ze-worker-node,2275,1852,,56.9,23.3,
2026-08-30 01:08:05,deployment,adservice,46,94,1,,,
2026-08-30 01:08:05,deployment,cartservice,254,59,2,,,
2026-08-30 01:08:05,deployment,checkoutservice,45,21,2,,,
2026-08-30 01:08:05,deployment,currencyservice,362,94,2,,,
2026-08-30 01:08:05,deployment,emailservice,14,40,1,,,
2026-08-30 01:08:05,deployment,frontend,542,67,5,,,
2026-08-30 01:08:05,http_p95_latency,frontend,,,,,,777.2
2026-08-30 01:08:05,deployment,paymentservice,11,32,1,,,
2026-08-30 01:08:05,deployment,productcatalogservice,311,33,4,,,
2026-08-30 01:08:05,deployment,recommendationservice,198,87,2,,,
2026-08-30 01:08:05,deployment,redis-cart,23,32,1,,,
2026-08-30 01:08:05,deployment,shippingservice,23,9,1,,,
2026-08-30 01:08:05,autoscaler,customdas-cpu-queue-autoscaler-adservice,3,60,1,,,
2026-08-30 01:08:05,autoscaler,customdas-cpu-queue-autoscaler-cartservice,3,60,1,,,
2026-08-30 01:08:05,autoscaler,customdas-cpu-queue-autoscaler-checkoutservice,4,60,1,,,
2026-08-30 01:08:05,autoscaler,customdas-cpu-queue-autoscaler-currencyservice,5,60,1,,,
2026-08-30 01:08:05,autoscaler,customdas-cpu-queue-autoscaler-emailservice,3,60,1,,,
2026-08-30 01:08:05,autoscaler,customdas-cpu-queue-autoscaler-frontend,7,60,1,,,
2026-08-30 01:08:05,autoscaler,customdas-cpu-queue-autoscaler-paymentservice,2,60,1,,,
2026-08-30 01:08:05,autoscaler,customdas-cpu-queue-autoscaler-productcatalogservice,4,60,1,,,
2026-08-30 01:08:05,autoscaler,customdas-cpu-queue-autoscaler-recommendationservice,3,60,1,,,
2026-08-30 01:08:05,autoscaler,customdas-cpu-queue-autoscaler-shippingservice,3,60,1,,,
2026-08-30 01:08:05,node,ze-master-node,2436,3973,,60.9,50.0,
2026-08-30 01:08:05,node,ze-worker-node,2261,1865,,56.5,23.5,
2026-08-30 01:08:16,deployment,adservice,46,94,1,,,
2026-08-30 01:08:16,deployment,cartservice,254,59,2,,,
2026-08-30 01:08:16,deployment,checkoutservice,45,21,2,,,
2026-08-30 01:08:16,deployment,currencyservice,362,94,2,,,
2026-08-30 01:08:16,deployment,emailservice,14,40,1,,,
2026-08-30 01:08:16,deployment,frontend,542,67,6,,,
2026-08-30 01:08:16,http_p95_latency,frontend,,,,,,653.4
2026-08-30 01:08:16,deployment,paymentservice,11,32,1,,,
2026-08-30 01:08:16,deployment,productcatalogservice,311,33,4,,,
2026-08-30 01:08:16,deployment,recommendationservice,198,87,2,,,
2026-08-30 01:08:16,deployment,redis-cart,23,32,1,,,
2026-08-30 01:08:16,deployment,shippingservice,27,9,1,,,
2026-08-30 01:08:16,autoscaler,customdas-cpu-queue-autoscaler-adservice,4,60,1,,,
2026-08-30 01:08:16,autoscaler,customdas-cpu-queue-autoscaler-cartservice,3,60,1,,,
2026-08-30 01:08:16,autoscaler,customdas-cpu-queue-autoscaler-checkoutservice,3,60,1,,,
2026-08-30 01:08:16,autoscaler,customdas-cpu-queue-autoscaler-currencyservice,2,60,1,,,
2026-08-30 01:08:16,autoscaler,customdas-cpu-queue-autoscaler-emailservice,2,60,1,,,
2026-08-30 01:08:16,autoscaler,customdas-cpu-queue-autoscaler-frontend,5,60,1,,,
2026-08-30 01:08:16,autoscaler,customdas-cpu-queue-autoscaler-paymentservice,6,60,1,,,
2026-08-30 01:08:16,autoscaler,customdas-cpu-queue-autoscaler-productcatalogservice,9,60,1,,,
2026-08-30 01:08:16,autoscaler,customdas-cpu-queue-autoscaler-recommendationservice,5,60,1,,,
2026-08-30 01:08:16,autoscaler,customdas-cpu-queue-autoscaler-shippingservice,3,60,1,,,
2026-08-30 01:08:16,node,ze-master-node,2467,3968,,61.7,50.0,
2026-08-30 01:08:16,node,ze-worker-node,2332,1879,,58.3,23.7,
2026-08-30 01:08:27,deployment,adservice,46,94,1,,,
2026-08-30 01:08:27,deployment,cartservice,213,65,2,,,
2026-08-30 01:08:27,deployment,checkoutservice,38,21,2,,,
2026-08-30 01:08:27,deployment,currencyservice,350,94,2,,,
2026-08-30 01:08:27,deployment,emailservice,15,40,1,,,
2026-08-30 01:08:27,deployment,frontend,580,74,6,,,
2026-08-30 01:08:27,http_p95_latency,frontend,,,,,,675.3
2026-08-30 01:08:27,deployment,paymentservice,9,31,1,,,
2026-08-30 01:08:27,deployment,productcatalogservice,313,34,4,,,
2026-08-30 01:08:27,deployment,recommendationservice,211,87,2,,,
2026-08-30 01:08:27,deployment,redis-cart,16,32,1,,,
2026-08-30 01:08:27,deployment,shippingservice,27,9,1,,,
2026-08-30 01:08:27,autoscaler,customdas-cpu-queue-autoscaler-adservice,4,60,1,,,
2026-08-30 01:08:27,autoscaler,customdas-cpu-queue-autoscaler-cartservice,3,60,1,,,
2026-08-30 01:08:27,autoscaler,customdas-cpu-queue-autoscaler-checkoutservice,3,60,1,,,
2026-08-30 01:08:27,autoscaler,customdas-cpu-queue-autoscaler-currencyservice,2,60,1,,,
2026-08-30 01:08:27,autoscaler,customdas-cpu-queue-autoscaler-emailservice,2,60,1,,,
2026-08-30 01:08:27,autoscaler,customdas-cpu-queue-autoscaler-frontend,5,60,1,,,
2026-08-30 01:08:27,autoscaler,customdas-cpu-queue-autoscaler-paymentservice,6,60,1,,,
2026-08-30 01:08:27,autoscaler,customdas-cpu-queue-autoscaler-productcatalogservice,9,60,1,,,
2026-08-30 01:08:27,autoscaler,customdas-cpu-queue-autoscaler-recommendationservice,5,60,1,,,
2026-08-30 01:08:27,autoscaler,customdas-cpu-queue-autoscaler-shippingservice,3,60,1,,,
2026-08-30 01:08:27,node,ze-master-node,2467,3968,,61.7,50.0,
2026-08-30 01:08:27,node,ze-worker-node,2332,1879,,58.3,23.7,
2026-08-30 01:08:36,deployment,adservice,49,94,1,,,
2026-08-30 01:08:36,deployment,cartservice,364,76,2,,,
2026-08-30 01:08:36,deployment,checkoutservice,37,21,2,,,
2026-08-30 01:08:36,deployment,currencyservice,292,99,2,,,
2026-08-30 01:08:36,deployment,emailservice,16,40,1,,,
2026-08-30 01:08:36,deployment,frontend,645,77,6,,,
2026-08-30 01:08:36,http_p95_latency,frontend,,,,,,675.3
2026-08-30 01:08:36,deployment,paymentservice,12,32,1,,,
2026-08-30 01:08:36,deployment,productcatalogservice,314,33,4,,,
2026-08-30 01:08:36,deployment,recommendationservice,213,87,2,,,
2026-08-30 01:08:36,deployment,redis-cart,17,32,1,,,
2026-08-30 01:08:36,deployment,shippingservice,27,9,1,,,
2026-08-30 01:08:36,autoscaler,customdas-cpu-queue-autoscaler-adservice,3,60,1,,,
2026-08-30 01:08:36,autoscaler,customdas-cpu-queue-autoscaler-cartservice,3,60,1,,,
2026-08-30 01:08:36,autoscaler,customdas-cpu-queue-autoscaler-checkoutservice,4,60,1,,,
2026-08-30 01:08:36,autoscaler,customdas-cpu-queue-autoscaler-currencyservice,3,60,1,,,
2026-08-30 01:08:36,autoscaler,customdas-cpu-queue-autoscaler-emailservice,2,60,1,,,
2026-08-30 01:08:36,autoscaler,customdas-cpu-queue-autoscaler-frontend,9,60,1,,,
2026-08-30 01:08:36,autoscaler,customdas-cpu-queue-autoscaler-paymentservice,3,60,1,,,
2026-08-30 01:08:36,autoscaler,customdas-cpu-queue-autoscaler-productcatalogservice,0,60,1,,,
2026-08-30 01:08:36,autoscaler,customdas-cpu-queue-autoscaler-recommendationservice,5,60,1,,,
2026-08-30 01:08:36,autoscaler,customdas-cpu-queue-autoscaler-shippingservice,3,60,1,,,
2026-08-30 01:08:36,node,ze-master-node,2377,3996,,59.4,50.3,
2026-08-30 01:08:36,node,ze-worker-node,2432,1910,,60.8,24.1,
2026-08-30 01:08:44,deployment,adservice,49,94,1,,,
2026-08-30 01:08:44,deployment,cartservice,364,76,2,,,
2026-08-30 01:08:44,deployment,checkoutservice,37,21,2,,,
2026-08-30 01:08:44,deployment,currencyservice,292,99,2,,,
2026-08-30 01:08:44,deployment,emailservice,16,40,1,,,
2026-08-30 01:08:44,deployment,frontend,645,77,6,,,
2026-08-30 01:08:44,http_p95_latency,frontend,,,,,,239.9
2026-08-30 01:08:44,deployment,paymentservice,12,32,1,,,
2026-08-30 01:08:44,deployment,productcatalogservice,314,33,5,,,
2026-08-30 01:08:44,deployment,recommendationservice,213,87,2,,,
2026-08-30 01:08:44,deployment,redis-cart,17,32,1,,,
2026-08-30 01:08:44,deployment,shippingservice,27,9,1,,,
2026-08-30 01:08:44,autoscaler,customdas-cpu-queue-autoscaler-adservice,3,60,1,,,
2026-08-30 01:08:44,autoscaler,customdas-cpu-queue-autoscaler-cartservice,3,60,1,,,
2026-08-30 01:08:44,autoscaler,customdas-cpu-queue-autoscaler-checkoutservice,4,60,1,,,
2026-08-30 01:08:44,autoscaler,customdas-cpu-queue-autoscaler-currencyservice,3,60,1,,,
2026-08-30 01:08:44,autoscaler,customdas-cpu-queue-autoscaler-emailservice,2,60,1,,,
2026-08-30 01:08:44,autoscaler,customdas-cpu-queue-autoscaler-frontend,9,60,1,,,
2026-08-30 01:08:44,autoscaler,customdas-cpu-queue-autoscaler-paymentservice,3,60,1,,,
2026-08-30 01:08:44,autoscaler,customdas-cpu-queue-autoscaler-productcatalogservice,0,60,1,,,
2026-08-30 01:08:44,autoscaler,customdas-cpu-queue-autoscaler-recommendationservice,5,60,1,,,
2026-08-30 01:08:44,autoscaler,customdas-cpu-queue-autoscaler-shippingservice,3,60,1,,,
2026-08-30 01:08:44,node,ze-master-node,2377,3996,,59.4,50.3,
2026-08-30 01:08:44,node,ze-worker-node,2432,1910,,60.8,24.1,
2026-08-30 01:08:52,deployment,adservice,49,94,1,,,
2026-08-30 01:08:52,deployment,cartservice,262,78,2,,,
2026-08-30 01:08:52,deployment,checkoutservice,44,22,2,,,
2026-08-30 01:08:52,deployment,currencyservice,286,116,2,,,
2026-08-30 01:08:52,deployment,emailservice,17,40,1,,,
2026-08-30 01:08:52,deployment,frontend,592,77,6,,,
2026-08-30 01:08:52,http_p95_latency,frontend,,,,,,239.9
2026-08-30 01:08:52,deployment,paymentservice,9,32,1,,,
2026-08-30 01:08:52,deployment,productcatalogservice,308,33,5,,,
2026-08-30 01:08:52,deployment,recommendationservice,215,89,2,,,
2026-08-30 01:08:52,deployment,redis-cart,15,32,1,,,
2026-08-30 01:08:52,deployment,shippingservice,24,9,1,,,
2026-08-30 01:08:52,autoscaler,customdas-cpu-queue-autoscaler-adservice,3,60,1,,,
2026-08-30 01:08:52,autoscaler,customdas-cpu-queue-autoscaler-cartservice,5,60,1,,,
2026-08-30 01:08:52,autoscaler,customdas-cpu-queue-autoscaler-checkoutservice,5,60,1,,,
2026-08-30 01:08:52,autoscaler,customdas-cpu-queue-autoscaler-currencyservice,2,60,1,,,
2026-08-30 01:08:52,autoscaler,customdas-cpu-queue-autoscaler-emailservice,2,60,1,,,
2026-08-30 01:08:52,autoscaler,customdas-cpu-queue-autoscaler-frontend,5,60,1,,,
2026-08-30 01:08:52,autoscaler,customdas-cpu-queue-autoscaler-paymentservice,0,60,1,,,
2026-08-30 01:08:52,autoscaler,customdas-cpu-queue-autoscaler-productcatalogservice,9,60,1,,,
2026-08-30 01:08:52,autoscaler,customdas-cpu-queue-autoscaler-recommendationservice,4,60,1,,,
2026-08-30 01:08:52,autoscaler,customdas-cpu-queue-autoscaler-shippingservice,4,60,1,,,
2026-08-30 01:08:52,node,ze-master-node,2418,3969,,60.5,50.0,
2026-08-30 01:08:52,node,ze-worker-node,2317,1912,,57.9,24.1,
2026-08-30 01:09:00,deployment,adservice,49,94,1,,,
2026-08-30 01:09:00,deployment,cartservice,262,78,2,,,
2026-08-30 01:09:00,deployment,checkoutservice,44,22,2,,,
2026-08-30 01:09:00,deployment,currencyservice,286,116,2,,,
2026-08-30 01:09:00,deployment,emailservice,17,40,1,,,
2026-08-30 01:09:00,deployment,frontend,592,77,6,,,
2026-08-30 01:09:00,http_p95_latency,frontend,,,,,,246.9
2026-08-30 01:09:00,deployment,paymentservice,9,32,1,,,
2026-08-30 01:09:00,deployment,productcatalogservice,308,33,5,,,
2026-08-30 01:09:00,deployment,recommendationservice,215,89,3,,,
2026-08-30 01:09:00,deployment,redis-cart,15,32,1,,,
2026-08-30 01:09:00,deployment,shippingservice,24,9,1,,,
2026-08-30 01:09:00,autoscaler,customdas-cpu-queue-autoscaler-adservice,3,60,1,,,
2026-08-30 01:09:00,autoscaler,customdas-cpu-queue-autoscaler-cartservice,5,60,1,,,
2026-08-30 01:09:00,autoscaler,customdas-cpu-queue-autoscaler-checkoutservice,5,60,1,,,
2026-08-30 01:09:00,autoscaler,customdas-cpu-queue-autoscaler-currencyservice,2,60,1,,,
2026-08-30 01:09:00,autoscaler,customdas-cpu-queue-autoscaler-emailservice,2,60,1,,,
2026-08-30 01:09:00,autoscaler,customdas-cpu-queue-autoscaler-frontend,5,60,1,,,
2026-08-30 01:09:00,autoscaler,customdas-cpu-queue-autoscaler-paymentservice,0,60,1,,,
2026-08-30 01:09:00,autoscaler,customdas-cpu-queue-autoscaler-productcatalogservice,9,60,1,,,
2026-08-30 01:09:00,autoscaler,customdas-cpu-queue-autoscaler-recommendationservice,4,60,1,,,
2026-08-30 01:09:00,autoscaler,customdas-cpu-queue-autoscaler-shippingservice,4,60,1,,,
2026-08-30 01:09:00,node,ze-master-node,2418,3969,,60.5,50.0,
2026-08-30 01:09:00,node,ze-worker-node,2317,1912,,57.9,24.1,
2026-08-30 01:09:07,deployment,adservice,50,94,1,,,
2026-08-30 01:09:07,deployment,cartservice,176,79,2,,,
2026-08-30 01:09:07,deployment,checkoutservice,36,21,2,,,
2026-08-30 01:09:07,deployment,currencyservice,325,121,2,,,
2026-08-30 01:09:07,deployment,emailservice,14,40,1,,,
2026-08-30 01:09:07,deployment,frontend,687,77,6,,,
2026-08-30 01:09:07,http_p95_latency,frontend,,,,,,246.9
2026-08-30 01:09:07,deployment,paymentservice,10,32,1,,,
2026-08-30 01:09:07,deployment,productcatalogservice,371,43,5,,,
2026-08-30 01:09:07,deployment,recommendationservice,221,87,3,,,
2026-08-30 01:09:07,deployment,redis-cart,17,32,1,,,
2026-08-30 01:09:07,deployment,shippingservice,24,9,1,,,
2026-08-30 01:09:07,autoscaler,customdas-cpu-queue-autoscaler-adservice,2,60,1,,,
2026-08-30 01:09:07,autoscaler,customdas-cpu-queue-autoscaler-cartservice,0,60,1,,,
2026-08-30 01:09:07,autoscaler,customdas-cpu-queue-autoscaler-checkoutservice,3,60,1,,,
2026-08-30 01:09:07,autoscaler,customdas-cpu-queue-autoscaler-currencyservice,2,60,1,,,
2026-08-30 01:09:07,autoscaler,customdas-cpu-queue-autoscaler-emailservice,3,60,1,,,
2026-08-30 01:09:07,autoscaler,customdas-cpu-queue-autoscaler-frontend,4,60,1,,,
2026-08-30 01:09:07,autoscaler,customdas-cpu-queue-autoscaler-paymentservice,3,60,1,,,
2026-08-30 01:09:07,autoscaler,customdas-cpu-queue-autoscaler-productcatalogservice,4,60,1,,,
2026-08-30 01:09:07,autoscaler,customdas-cpu-queue-autoscaler-recommendationservice,4,60,1,,,
2026-08-30 01:09:07,autoscaler,customdas-cpu-queue-autoscaler-shippingservice,1,60,1,,,
2026-08-30 01:09:07,node,ze-master-node,2483,4037,,62.1,50.8,
2026-08-30 01:09:07,node,ze-worker-node,2555,1918,,63.9,24.2,
2026-08-30 01:09:17,deployment,adservice,50,94,1,,,
2026-08-30 01:09:17,deployment,cartservice,176,79,2,,,
2026-08-30 01:09:17,deployment,checkoutservice,36,21,2,,,
2026-08-30 01:09:17,deployment,currencyservice,325,121,3,,,
2026-08-30 01:09:17,deployment,emailservice,14,40,1,,,
2026-08-30 01:09:17,deployment,frontend,687,77,7,,,
2026-08-30 01:09:17,http_p95_latency,frontend,,,,,,228.7
2026-08-30 01:09:17,deployment,paymentservice,10,32,1,,,
2026-08-30 01:09:17,deployment,productcatalogservice,371,43,5,,,
2026-08-30 01:09:17,deployment,recommendationservice,276,126,3,,,
2026-08-30 01:09:17,deployment,redis-cart,17,32,1,,,
2026-08-30 01:09:17,deployment,shippingservice,28,9,2,,,
2026-08-30 01:09:17,autoscaler,customdas-cpu-queue-autoscaler-adservice,5,60,1,,,
2026-08-30 01:09:17,autoscaler,customdas-cpu-queue-autoscaler-cartservice,4,60,1,,,
2026-08-30 01:09:17,autoscaler,customdas-cpu-queue-autoscaler-checkoutservice,4,60,1,,,
2026-08-30 01:09:17,autoscaler,customdas-cpu-queue-autoscaler-currencyservice,3,60,1,,,
2026-08-30 01:09:17,autoscaler,customdas-cpu-queue-autoscaler-emailservice,3,60,1,,,
2026-08-30 01:09:17,autoscaler,customdas-cpu-queue-autoscaler-frontend,4,60,1,,,
2026-08-30 01:09:17,autoscaler,customdas-cpu-queue-autoscaler-paymentservice,6,60,1,,,
2026-08-30 01:09:17,autoscaler,customdas-cpu-queue-autoscaler-productcatalogservice,5,60,1,,,
2026-08-30 01:09:17,autoscaler,customdas-cpu-queue-autoscaler-recommendationservice,3,60,1,,,
2026-08-30 01:09:17,autoscaler,customdas-cpu-queue-autoscaler-shippingservice,4,60,1,,,
2026-08-30 01:09:17,node,ze-master-node,2704,4049,,67.6,51.0,
2026-08-30 01:09:17,node,ze-worker-node,2666,1894,,66.6,23.9,
2026-08-30 01:09:27,deployment,adservice,53,94,1,,,
2026-08-30 01:09:27,deployment,cartservice,176,80,2,,,
2026-08-30 01:09:27,deployment,checkoutservice,44,21,2,,,
2026-08-30 01:09:27,deployment,currencyservice,288,126,3,,,
2026-08-30 01:09:27,deployment,emailservice,16,40,1,,,
2026-08-30 01:09:27,deployment,frontend,661,79,8,,,
2026-08-30 01:09:27,http_p95_latency,frontend,,,,,,242.4
2026-08-30 01:09:27,deployment,paymentservice,10,32,1,,,
2026-08-30 01:09:27,deployment,productcatalogservice,356,42,5,,,
2026-08-30 01:09:27,deployment,recommendationservice,276,126,3,,,
2026-08-30 01:09:27,deployment,redis-cart,17,32,1,,,
2026-08-30 01:09:27,deployment,shippingservice,28,9,2,,,
2026-08-30 01:09:27,autoscaler,customdas-cpu-queue-autoscaler-adservice,5,60,1,,,
2026-08-30 01:09:27,autoscaler,customdas-cpu-queue-autoscaler-cartservice,4,60,1,,,
2026-08-30 01:09:27,autoscaler,customdas-cpu-queue-autoscaler-checkoutservice,4,60,1,,,
2026-08-30 01:09:27,autoscaler,customdas-cpu-queue-autoscaler-currencyservice,3,60,1,,,
2026-08-30 01:09:27,autoscaler,customdas-cpu-queue-autoscaler-emailservice,3,60,1,,,
2026-08-30 01:09:27,autoscaler,customdas-cpu-queue-autoscaler-frontend,4,60,1,,,
2026-08-30 01:09:27,autoscaler,customdas-cpu-queue-autoscaler-paymentservice,6,60,1,,,
2026-08-30 01:09:27,autoscaler,customdas-cpu-queue-autoscaler-productcatalogservice,5,60,1,,,
2026-08-30 01:09:27,autoscaler,customdas-cpu-queue-autoscaler-recommendationservice,3,60,1,,,
2026-08-30 01:09:27,autoscaler,customdas-cpu-queue-autoscaler-shippingservice,4,60,1,,,
2026-08-30 01:09:27,node,ze-master-node,2704,4049,,67.6,51.0,
2026-08-30 01:09:27,node,ze-worker-node,2666,1894,,66.6,23.9,
2026-08-30 01:09:35,deployment,adservice,54,94,1,,,
2026-08-30 01:09:35,deployment,cartservice,186,79,2,,,
2026-08-30 01:09:35,deployment,checkoutservice,41,21,2,,,
2026-08-30 01:09:35,deployment,currencyservice,365,120,3,,,
2026-08-30 01:09:35,deployment,emailservice,16,40,1,,,
2026-08-30 01:09:35,deployment,frontend,645,87,8,,,
2026-08-30 01:09:35,http_p95_latency,frontend,,,,,,242.4
2026-08-30 01:09:35,deployment,paymentservice,11,32,1,,,
2026-08-30 01:09:35,deployment,productcatalogservice,357,41,5,,,
2026-08-30 01:09:35,deployment,recommendationservice,253,126,3,,,
2026-08-30 01:09:35,deployment,redis-cart,16,32,1,,,
2026-08-30 01:09:35,deployment,shippingservice,45,16,2,,,
2026-08-30 01:09:35,autoscaler,customdas-cpu-queue-autoscaler-adservice,3,60,1,,,
2026-08-30 01:09:35,autoscaler,customdas-cpu-queue-autoscaler-cartservice,3,60,1,,,
2026-08-30 01:09:35,autoscaler,customdas-cpu-queue-autoscaler-checkoutservice,2,60,1,,,
2026-08-30 01:09:35,autoscaler,customdas-cpu-queue-autoscaler-currencyservice,5,60,1,,,
2026-08-30 01:09:35,autoscaler,customdas-cpu-queue-autoscaler-emailservice,2,60,1,,,
2026-08-30 01:09:35,autoscaler,customdas-cpu-queue-autoscaler-frontend,10,60,1,,,
2026-08-30 01:09:35,autoscaler,customdas-cpu-queue-autoscaler-paymentservice,0,60,1,,,
2026-08-30 01:09:35,autoscaler,customdas-cpu-queue-autoscaler-productcatalogservice,4,60,1,,,
2026-08-30 01:09:35,autoscaler,customdas-cpu-queue-autoscaler-recommendationservice,3,60,1,,,
2026-08-30 01:09:35,autoscaler,customdas-cpu-queue-autoscaler-shippingservice,4,60,1,,,
2026-08-30 01:09:35,node,ze-master-node,2608,4088,,65.2,51.5,
2026-08-30 01:09:35,node,ze-worker-node,2565,1900,,64.1,23.9,
2026-08-30 01:09:44,deployment,adservice,54,94,1,,,
2026-08-30 01:09:44,deployment,cartservice,186,79,2,,,
2026-08-30 01:09:44,deployment,checkoutservice,41,21,2,,,
2026-08-30 01:09:44,deployment,currencyservice,365,120,3,,,
2026-08-30 01:09:44,deployment,emailservice,16,40,1,,,
2026-08-30 01:09:44,deployment,frontend,645,87,8,,,
2026-08-30 01:09:44,http_p95_latency,frontend,,,,,,238.0
2026-08-30 01:09:44,deployment,paymentservice,11,32,1,,,
2026-08-30 01:09:44,deployment,productcatalogservice,357,41,6,,,
2026-08-30 01:09:44,deployment,recommendationservice,253,126,3,,,
2026-08-30 01:09:44,deployment,redis-cart,16,32,1,,,
2026-08-30 01:09:44,deployment,shippingservice,45,16,2,,,
2026-08-30 01:09:44,autoscaler,customdas-cpu-queue-autoscaler-adservice,3,60,1,,,
2026-08-30 01:09:44,autoscaler,customdas-cpu-queue-autoscaler-cartservice,3,60,1,,,
2026-08-30 01:09:44,autoscaler,customdas-cpu-queue-autoscaler-checkoutservice,2,60,1,,,
2026-08-30 01:09:44,autoscaler,customdas-cpu-queue-autoscaler-currencyservice,5,60,1,,,
2026-08-30 01:09:44,autoscaler,customdas-cpu-queue-autoscaler-emailservice,2,60,1,,,
2026-08-30 01:09:44,autoscaler,customdas-cpu-queue-autoscaler-frontend,10,60,1,,,
2026-08-30 01:09:44,autoscaler,customdas-cpu-queue-autoscaler-paymentservice,0,60,1,,,
2026-08-30 01:09:44,autoscaler,customdas-cpu-queue-autoscaler-productcatalogservice,4,60,1,,,
2026-08-30 01:09:44,autoscaler,customdas-cpu-queue-autoscaler-recommendationservice,3,60,1,,,
2026-08-30 01:09:44,autoscaler,customdas-cpu-queue-autoscaler-shippingservice,4,60,1,,,
2026-08-30 01:09:44,node,ze-master-node,2608,4088,,65.2,51.5,
2026-08-30 01:09:44,node,ze-worker-node,2565,1900,,64.1,23.9,
2026-08-30 01:09:52,deployment,adservice,54,94,1,,,
2026-08-30 01:09:52,deployment,cartservice,172,79,2,,,
2026-08-30 01:09:52,deployment,checkoutservice,49,22,2,,,
2026-08-30 01:09:52,deployment,currencyservice,428,129,3,,,
2026-08-30 01:09:52,deployment,emailservice,15,40,1,,,
2026-08-30 01:09:52,deployment,frontend,731,97,8,,,
2026-08-30 01:09:52,http_p95_latency,frontend,,,,,,238.0
2026-08-30 01:09:52,deployment,paymentservice,10,32,1,,,
2026-08-30 01:09:52,deployment,productcatalogservice,370,41,6,,,
2026-08-30 01:09:52,deployment,recommendationservice,244,127,3,,,
2026-08-30 01:09:52,deployment,redis-cart,19,32,1,,,
2026-08-30 01:09:52,deployment,shippingservice,42,16,2,,,
2026-08-30 01:09:52,autoscaler,customdas-cpu-queue-autoscaler-adservice,2,60,1,,,
2026-08-30 01:09:52,autoscaler,customdas-cpu-queue-autoscaler-cartservice,3,60,1,,,
2026-08-30 01:09:52,autoscaler,customdas-cpu-queue-autoscaler-checkoutservice,4,60,1,,,
2026-08-30 01:09:52,autoscaler,customdas-cpu-queue-autoscaler-currencyservice,0,60,1,,,
2026-08-30 01:09:52,autoscaler,customdas-cpu-queue-autoscaler-emailservice,0,60,1,,,
2026-08-30 01:09:52,autoscaler,customdas-cpu-queue-autoscaler-frontend,5,60,1,,,
2026-08-30 01:09:52,autoscaler,customdas-cpu-queue-autoscaler-paymentservice,5,60,1,,,
2026-08-30 01:09:52,autoscaler,customdas-cpu-queue-autoscaler-productcatalogservice,4,60,1,,,
2026-08-30 01:09:52,autoscaler,customdas-cpu-queue-autoscaler-recommendationservice,3,60,1,,,
2026-08-30 01:09:52,autoscaler,customdas-cpu-queue-autoscaler-shippingservice,3,60,1,,,
2026-08-30 01:09:52,node,ze-master-node,2716,4114,,67.9,51.8,
2026-08-30 01:09:52,node,ze-worker-node,2643,1900,,66.1,23.9,
2026-08-30 01:09:59,deployment,adservice,54,94,1,,,
2026-08-30 01:09:59,deployment,cartservice,172,79,2,,,
2026-08-30 01:09:59,deployment,checkoutservice,49,22,2,,,
2026-08-30 01:09:59,deployment,currencyservice,428,129,3,,,
2026-08-30 01:09:59,deployment,emailservice,15,40,1,,,
2026-08-30 01:09:59,deployment,frontend,731,97,8,,,
2026-08-30 01:09:59,http_p95_latency,frontend,,,,,,235.8
2026-08-30 01:09:59,deployment,paymentservice,10,32,1,,,
2026-08-30 01:09:59,deployment,productcatalogservice,370,41,6,,,
2026-08-30 01:09:59,deployment,recommendationservice,244,127,3,,,
2026-08-30 01:09:59,deployment,redis-cart,19,32,1,,,
2026-08-30 01:09:59,deployment,shippingservice,42,16,2,,,
2026-08-30 01:09:59,autoscaler,customdas-cpu-queue-autoscaler-adservice,2,60,1,,,
2026-08-30 01:09:59,autoscaler,customdas-cpu-queue-autoscaler-cartservice,3,60,1,,,
2026-08-30 01:09:59,autoscaler,customdas-cpu-queue-autoscaler-checkoutservice,4,60,1,,,
2026-08-30 01:09:59,autoscaler,customdas-cpu-queue-autoscaler-currencyservice,0,60,1,,,
2026-08-30 01:09:59,autoscaler,customdas-cpu-queue-autoscaler-emailservice,0,60,1,,,
2026-08-30 01:09:59,autoscaler,customdas-cpu-queue-autoscaler-frontend,5,60,1,,,
2026-08-30 01:09:59,autoscaler,customdas-cpu-queue-autoscaler-paymentservice,5,60,1,,,
2026-08-30 01:09:59,autoscaler,customdas-cpu-queue-autoscaler-productcatalogservice,4,60,1,,,
2026-08-30 01:09:59,autoscaler,customdas-cpu-queue-autoscaler-recommendationservice,3,60,1,,,
2026-08-30 01:09:59,autoscaler,customdas-cpu-queue-autoscaler-shippingservice,3,60,1,,,
2026-08-30 01:09:59,node,ze-master-node,2716,4114,,67.9,51.8,
2026-08-30 01:09:59,node,ze-worker-node,2643,1900,,66.1,23.9,
2026-08-30 01:10:06,deployment,adservice,59,94,1,,,
2026-08-30 01:10:06,deployment,cartservice,180,79,2,,,
2026-08-30 01:10:06,deployment,checkoutservice,42,22,2,,,
2026-08-30 01:10:06,deployment,currencyservice,370,137,3,,,
2026-08-30 01:10:06,deployment,emailservice,15,40,1,,,
2026-08-30 01:10:06,deployment,frontend,727,98,8,,,
2026-08-30 01:10:06,http_p95_latency,frontend,,,,,,235.8
2026-08-30 01:10:06,deployment,paymentservice,10,32,1,,,
2026-08-30 01:10:06,deployment,productcatalogservice,402,50,6,,,
2026-08-30 01:10:06,deployment,recommendationservice,254,127,3,,,
2026-08-30 01:10:06,deployment,redis-cart,19,32,1,,,
2026-08-30 01:10:06,deployment,shippingservice,40,16,2,,,
2026-08-30 01:10:06,autoscaler,customdas-cpu-queue-autoscaler-adservice,4,60,1,,,
2026-08-30 01:10:06,autoscaler,customdas-cpu-queue-autoscaler-cartservice,3,60,1,,,
2026-08-30 01:10:06,autoscaler,customdas-cpu-queue-autoscaler-checkoutservice,0,60,1,,,
2026-08-30 01:10:06,autoscaler,customdas-cpu-queue-autoscaler-currencyservice,4,60,1,,,
2026-08-30 01:10:06,autoscaler,customdas-cpu-queue-autoscaler-emailservice,2,60,1,,,
2026-08-30 01:10:06,autoscaler,customdas-cpu-queue-autoscaler-frontend,5,60,1,,,
2026-08-30 01:10:06,autoscaler,customdas-cpu-queue-autoscaler-paymentservice,3,60,1,,,
2026-08-30 01:10:06,autoscaler,customdas-cpu-queue-autoscaler-productcatalogservice,4,60,1,,,
2026-08-30 01:10:06,autoscaler,customdas-cpu-queue-autoscaler-recommendationservice,3,60,1,,,
2026-08-30 01:10:06,autoscaler,customdas-cpu-queue-autoscaler-shippingservice,2,60,1,,,
2026-08-30 01:10:06,node,ze-master-node,2638,4136,,66.0,52.1,
2026-08-30 01:10:06,node,ze-worker-node,2763,1905,,69.1,24.0,
2026-08-30 01:10:15,deployment,adservice,59,94,1,,,
2026-08-30 01:10:15,deployment,cartservice,180,79,2,,,
2026-08-30 01:10:15,deployment,checkoutservice,42,22,2,,,
2026-08-30 01:10:15,deployment,currencyservice,370,137,3,,,
2026-08-30 01:10:15,deployment,emailservice,15,40,1,,,
2026-08-30 01:10:15,deployment,frontend,727,98,8,,,
2026-08-30 01:10:15,http_p95_latency,frontend,,,,,,229.0
2026-08-30 01:10:15,deployment,paymentservice,10,32,1,,,
2026-08-30 01:10:15,deployment,productcatalogservice,402,50,6,,,
2026-08-30 01:10:15,deployment,recommendationservice,254,127,3,,,
2026-08-30 01:10:15,deployment,redis-cart,19,32,1,,,
2026-08-30 01:10:15,deployment,shippingservice,40,16,2,,,
2026-08-30 01:10:15,autoscaler,customdas-cpu-queue-autoscaler-adservice,4,60,1,,,
2026-08-30 01:10:15,autoscaler,customdas-cpu-queue-autoscaler-cartservice,3,60,1,,,
2026-08-30 01:10:15,autoscaler,customdas-cpu-queue-autoscaler-checkoutservice,0,60,1,,,
2026-08-30 01:10:15,autoscaler,customdas-cpu-queue-autoscaler-currencyservice,4,60,1,,,
2026-08-30 01:10:15,autoscaler,customdas-cpu-queue-autoscaler-emailservice,2,60,1,,,
2026-08-30 01:10:15,autoscaler,customdas-cpu-queue-autoscaler-frontend,5,60,1,,,
2026-08-30 01:10:15,autoscaler,customdas-cpu-queue-autoscaler-paymentservice,3,60,1,,,
2026-08-30 01:10:15,autoscaler,customdas-cpu-queue-autoscaler-productcatalogservice,4,60,1,,,
2026-08-30 01:10:15,autoscaler,customdas-cpu-queue-autoscaler-recommendationservice,3,60,1,,,
2026-08-30 01:10:15,autoscaler,customdas-cpu-queue-autoscaler-shippingservice,2,60,1,,,
2026-08-30 01:10:15,node,ze-master-node,2638,4136,,66.0,52.1,
2026-08-30 01:10:15,node,ze-worker-node,2763,1905,,69.1,24.0,
2026-08-30 01:10:23,deployment,adservice,60,94,1,,,
2026-08-30 01:10:23,deployment,cartservice,201,80,2,,,
2026-08-30 01:10:23,deployment,checkoutservice,49,21,2,,,
2026-08-30 01:10:23,deployment,currencyservice,340,144,3,,,
2026-08-30 01:10:23,deployment,emailservice,14,40,1,,,
2026-08-30 01:10:23,deployment,frontend,732,99,8,,,
2026-08-30 01:10:23,http_p95_latency,frontend,,,,,,229.0
2026-08-30 01:10:23,deployment,paymentservice,10,32,1,,,
2026-08-30 01:10:23,deployment,productcatalogservice,400,51,6,,,
2026-08-30 01:10:23,deployment,recommendationservice,262,127,3,,,
2026-08-30 01:10:23,deployment,redis-cart,32,32,1,,,
2026-08-30 01:10:23,deployment,shippingservice,42,16,2,,,
2026-08-30 01:10:23,autoscaler,customdas-cpu-queue-autoscaler-adservice,4,60,1,,,
2026-08-30 01:10:23,autoscaler,customdas-cpu-queue-autoscaler-cartservice,3,60,1,,,
2026-08-30 01:10:23,autoscaler,customdas-cpu-queue-autoscaler-checkoutservice,3,60,1,,,
2026-08-30 01:10:23,autoscaler,customdas-cpu-queue-autoscaler-currencyservice,3,60,1,,,
2026-08-30 01:10:23,autoscaler,customdas-cpu-queue-autoscaler-emailservice,3,60,1,,,
2026-08-30 01:10:23,autoscaler,customdas-cpu-queue-autoscaler-frontend,5,60,1,,,
2026-08-30 01:10:23,autoscaler,customdas-cpu-queue-autoscaler-paymentservice,2,60,1,,,
2026-08-30 01:10:23,autoscaler,customdas-cpu-queue-autoscaler-productcatalogservice,4,60,1,,,
2026-08-30 01:10:23,autoscaler,customdas-cpu-queue-autoscaler-recommendationservice,4,60,1,,,
2026-08-30 01:10:23,autoscaler,customdas-cpu-queue-autoscaler-shippingservice,3,60,1,,,
2026-08-30 01:10:23,node,ze-master-node,2734,4115,,68.3,51.8,
2026-08-30 01:10:23,node,ze-worker-node,2746,1900,,68.7,23.9,
2026-08-30 01:10:32,deployment,adservice,60,94,1,,,
2026-08-30 01:10:32,deployment,cartservice,201,80,2,,,
2026-08-30 01:10:32,deployment,checkoutservice,49,21,2,,,
2026-08-30 01:10:32,deployment,currencyservice,340,144,3,,,
2026-08-30 01:10:32,deployment,emailservice,14,40,1,,,
2026-08-30 01:10:32,deployment,frontend,732,99,8,,,
2026-08-30 01:10:32,http_p95_latency,frontend,,,,,,242.5
2026-08-30 01:10:32,deployment,paymentservice,10,32,1,,,
2026-08-30 01:10:32,deployment,productcatalogservice,400,51,6,,,
2026-08-30 01:10:32,deployment,recommendationservice,262,127,3,,,
2026-08-30 01:10:32,deployment,redis-cart,32,32,1,,,
2026-08-30 01:10:32,deployment,shippingservice,42,16,2,,,
2026-08-30 01:10:32,autoscaler,customdas-cpu-queue-autoscaler-adservice,4,60,1,,,
2026-08-30 01:10:32,autoscaler,customdas-cpu-queue-autoscaler-cartservice,3,60,1,,,
2026-08-30 01:10:32,autoscaler,customdas-cpu-queue-autoscaler-checkoutservice,8,60,1,,,
2026-08-30 01:10:32,autoscaler,customdas-cpu-queue-autoscaler-currencyservice,6,60,1,,,
2026-08-30 01:10:32,autoscaler,customdas-cpu-queue-autoscaler-emailservice,3,60,1,,,
2026-08-30 01:10:32,autoscaler,customdas-cpu-queue-autoscaler-frontend,5,60,1,,,
2026-08-30 01:10:32,autoscaler,customdas-cpu-queue-autoscaler-paymentservice,4,60,1,,,
2026-08-30 01:10:32,autoscaler,customdas-cpu-queue-autoscaler-productcatalogservice,6,60,1,,,
2026-08-30 01:10:32,autoscaler,customdas-cpu-queue-autoscaler-recommendationservice,4,60,1,,,
2026-08-30 01:10:32,autoscaler,customdas-cpu-queue-autoscaler-shippingservice,2,60,1,,,
2026-08-30 01:10:32,node,ze-master-node,2773,4137,,69.3,52.1,
2026-08-30 01:10:32,node,ze-worker-node,2769,1910,,69.2,24.1,
2026-08-30 01:10:40,deployment,adservice,57,94,1,,,
2026-08-30 01:10:40,deployment,cartservice,196,80,2,,,
2026-08-30 01:10:40,deployment,checkoutservice,44,22,2,,,
2026-08-30 01:10:40,deployment,currencyservice,360,150,3,,,
2026-08-30 01:10:40,deployment,emailservice,16,40,1,,,
2026-08-30 01:10:40,deployment,frontend,727,102,8,,,
2026-08-30 01:10:40,http_p95_latency,frontend,,,,,,242.5
2026-08-30 01:10:40,deployment,paymentservice,11,31,1,,,
2026-08-30 01:10:40,deployment,productcatalogservice,401,49,6,,,
2026-08-30 01:10:40,deployment,recommendationservice,265,127,3,,,
2026-08-30 01:10:40,deployment,redis-cart,18,32,1,,,
2026-08-30 01:10:40,deployment,shippingservice,43,16,2,,,
2026-08-30 01:10:40,autoscaler,customdas-cpu-queue-autoscaler-adservice,3,60,1,,,
2026-08-30 01:10:40,autoscaler,customdas-cpu-queue-autoscaler-cartservice,3,60,1,,,
2026-08-30 01:10:40,autoscaler,customdas-cpu-queue-autoscaler-checkoutservice,8,60,1,,,
2026-08-30 01:10:40,autoscaler,customdas-cpu-queue-autoscaler-currencyservice,6,60,1,,,
2026-08-30 01:10:40,autoscaler,customdas-cpu-queue-autoscaler-emailservice,3,60,1,,,
2026-08-30 01:10:40,autoscaler,customdas-cpu-queue-autoscaler-frontend,5,60,1,,,
2026-08-30 01:10:40,autoscaler,customdas-cpu-queue-autoscaler-paymentservice,4,60,1,,,
2026-08-30 01:10:40,autoscaler,customdas-cpu-queue-autoscaler-productcatalogservice,6,60,1,,,
2026-08-30 01:10:40,autoscaler,customdas-cpu-queue-autoscaler-recommendationservice,4,60,1,,,
2026-08-30 01:10:40,autoscaler,customdas-cpu-queue-autoscaler-shippingservice,2,60,1,,,
2026-08-30 01:10:40,node,ze-master-node,2773,4137,,69.3,52.1,
2026-08-30 01:10:40,node,ze-worker-node,2769,1910,,69.2,24.1,
2026-08-30 01:10:47,deployment,adservice,57,94,1,,,
2026-08-30 01:10:47,deployment,cartservice,196,80,2,,,
2026-08-30 01:10:47,deployment,checkoutservice,50,22,2,,,
2026-08-30 01:10:47,deployment,currencyservice,359,156,3,,,
2026-08-30 01:10:47,deployment,emailservice,16,40,1,,,
2026-08-30 01:10:47,deployment,frontend,767,101,8,,,
2026-08-30 01:10:47,http_p95_latency,frontend,,,,,,236.8
2026-08-30 01:10:47,deployment,paymentservice,9,32,1,,,
2026-08-30 01:10:47,deployment,productcatalogservice,431,50,6,,,
2026-08-30 01:10:47,deployment,recommendationservice,272,127,3,,,
2026-08-30 01:10:47,deployment,redis-cart,19,32,1,,,
2026-08-30 01:10:47,deployment,shippingservice,42,17,2,,,
2026-08-30 01:10:47,autoscaler,customdas-cpu-queue-autoscaler-adservice,3,60,1,,,
2026-08-30 01:10:47,autoscaler,customdas-cpu-queue-autoscaler-cartservice,2,60,1,,,
2026-08-30 01:10:47,autoscaler,customdas-cpu-queue-autoscaler-checkoutservice,2,60,1,,,
2026-08-30 01:10:47,autoscaler,customdas-cpu-queue-autoscaler-currencyservice,6,60,1,,,
2026-08-30 01:10:47,autoscaler,customdas-cpu-queue-autoscaler-emailservice,2,60,1,,,
2026-08-30 01:10:47,autoscaler,customdas-cpu-queue-autoscaler-frontend,6,60,1,,,
2026-08-30 01:10:47,autoscaler,customdas-cpu-queue-autoscaler-paymentservice,3,60,1,,,
2026-08-30 01:10:47,autoscaler,customdas-cpu-queue-autoscaler-productcatalogservice,5,60,1,,,
2026-08-30 01:10:47,autoscaler,customdas-cpu-queue-autoscaler-recommendationservice,4,60,1,,,
2026-08-30 01:10:47,autoscaler,customdas-cpu-queue-autoscaler-shippingservice,3,60,1,,,
2026-08-30 01:10:47,node,ze-master-node,2760,4136,,69.0,52.1,
2026-08-30 01:10:47,node,ze-worker-node,2876,1902,,71.9,24.0,
2026-08-30 01:10:57,deployment,adservice,57,94,1,,,
2026-08-30 01:10:57,deployment,cartservice,217,80,2,,,
2026-08-30 01:10:57,deployment,checkoutservice,50,22,2,,,
2026-08-30 01:10:57,deployment,currencyservice,359,156,3,,,
2026-08-30 01:10:57,deployment,emailservice,16,40,1,,,
2026-08-30 01:10:57,deployment,frontend,767,101,8,,,
2026-08-30 01:10:57,http_p95_latency,frontend,,,,,,238.1
2026-08-30 01:10:57,deployment,paymentservice,9,32,1,,,
2026-08-30 01:10:57,deployment,productcatalogservice,431,50,6,,,
2026-08-30 01:10:57,deployment,recommendationservice,272,127,3,,,
2026-08-30 01:10:57,deployment,redis-cart,19,32,1,,,
2026-08-30 01:10:57,deployment,shippingservice,42,17,2,,,
2026-08-30 01:10:57,autoscaler,customdas-cpu-queue-autoscaler-adservice,3,60,1,,,
2026-08-30 01:10:57,autoscaler,customdas-cpu-queue-autoscaler-cartservice,2,60,1,,,
2026-08-30 01:10:57,autoscaler,customdas-cpu-queue-autoscaler-checkoutservice,2,60,1,,,
2026-08-30 01:10:57,autoscaler,customdas-cpu-queue-autoscaler-currencyservice,6,60,1,,,
2026-08-30 01:10:57,autoscaler,customdas-cpu-queue-autoscaler-emailservice,2,60,1,,,
2026-08-30 01:10:57,autoscaler,customdas-cpu-queue-autoscaler-frontend,6,60,1,,,
2026-08-30 01:10:57,autoscaler,customdas-cpu-queue-autoscaler-paymentservice,3,60,1,,,
2026-08-30 01:10:57,autoscaler,customdas-cpu-queue-autoscaler-productcatalogservice,5,60,1,,,
2026-08-30 01:10:57,autoscaler,customdas-cpu-queue-autoscaler-recommendationservice,4,60,1,,,
2026-08-30 01:10:57,autoscaler,customdas-cpu-queue-autoscaler-shippingservice,3,60,1,,,
2026-08-30 01:10:57,node,ze-master-node,2760,4136,,69.0,52.1,
2026-08-30 01:10:57,node,ze-worker-node,2876,1902,,71.9,24.0,
2026-08-30 01:11:05,deployment,adservice,59,94,1,,,
2026-08-30 01:11:05,deployment,cartservice,179,80,2,,,
2026-08-30 01:11:05,deployment,checkoutservice,42,22,2,,,
2026-08-30 01:11:05,deployment,currencyservice,332,165,3,,,
2026-08-30 01:11:05,deployment,emailservice,13,40,1,,,
2026-08-30 01:11:05,deployment,frontend,751,101,8,,,
2026-08-30 01:11:05,http_p95_latency,frontend,,,,,,238.1
2026-08-30 01:11:05,deployment,paymentservice,10,32,1,,,
2026-08-30 01:11:05,deployment,productcatalogservice,391,50,6,,,
2026-08-30 01:11:05,deployment,recommendationservice,261,127,3,,,
2026-08-30 01:11:05,deployment,redis-cart,18,32,1,,,
2026-08-30 01:11:05,deployment,shippingservice,44,16,2,,,
2026-08-30 01:11:05,autoscaler,customdas-cpu-queue-autoscaler-adservice,4,60,1,,,
2026-08-30 01:11:05,autoscaler,customdas-cpu-queue-autoscaler-cartservice,3,60,1,,,
2026-08-30 01:11:05,autoscaler,customdas-cpu-queue-autoscaler-checkoutservice,4,60,1,,,
2026-08-30 01:11:05,autoscaler,customdas-cpu-queue-autoscaler-currencyservice,3,60,1,,,
2026-08-30 01:11:05,autoscaler,customdas-cpu-queue-autoscaler-emailservice,3,60,1,,,
2026-08-30 01:11:05,autoscaler,customdas-cpu-queue-autoscaler-frontend,8,60,1,,,
2026-08-30 01:11:05,autoscaler,customdas-cpu-queue-autoscaler-paymentservice,3,60,1,,,
2026-08-30 01:11:05,autoscaler,customdas-cpu-queue-autoscaler-productcatalogservice,5,60,1,,,
2026-08-30 01:11:05,autoscaler,customdas-cpu-queue-autoscaler-recommendationservice,0,60,1,,,
2026-08-30 01:11:05,autoscaler,customdas-cpu-queue-autoscaler-shippingservice,3,60,1,,,
2026-08-30 01:11:05,node,ze-master-node,2560,4140,,64.0,52.1,
2026-08-30 01:11:05,node,ze-worker-node,2676,1901,,66.9,23.9,
2026-08-30 01:11:15,deployment,adservice,59,94,1,,,
2026-08-30 01:11:15,deployment,cartservice,179,80,2,,,
2026-08-30 01:11:15,deployment,checkoutservice,42,22,2,,,
2026-08-30 01:11:15,deployment,currencyservice,332,165,3,,,
2026-08-30 01:11:15,deployment,emailservice,13,40,1,,,
2026-08-30 01:11:15,deployment,frontend,751,101,8,,,
2026-08-30 01:11:15,http_p95_latency,frontend,,,,,,231.3
2026-08-30 01:11:15,deployment,paymentservice,10,32,1,,,
2026-08-30 01:11:15,deployment,productcatalogservice,391,50,6,,,
2026-08-30 01:11:15,deployment,recommendationservice,261,127,3,,,
2026-08-30 01:11:15,deployment,redis-cart,18,32,1,,,
2026-08-30 01:11:15,deployment,shippingservice,44,16,2,,,
2026-08-30 01:11:15,autoscaler,customdas-cpu-queue-autoscaler-adservice,4,60,1,,,
2026-08-30 01:11:15,autoscaler,customdas-cpu-queue-autoscaler-cartservice,3,60,1,,,
2026-08-30 01:11:15,autoscaler,customdas-cpu-queue-autoscaler-checkoutservice,4,60,1,,,
2026-08-30 01:11:15,autoscaler,customdas-cpu-queue-autoscaler-currencyservice,3,60,1,,,
2026-08-30 01:11:15,autoscaler,customdas-cpu-queue-autoscaler-emailservice,3,60,1,,,
2026-08-30 01:11:15,autoscaler,customdas-cpu-queue-autoscaler-frontend,8,60,1,,,
2026-08-30 01:11:15,autoscaler,customdas-cpu-queue-autoscaler-paymentservice,3,60,1,,,
2026-08-30 01:11:15,autoscaler,customdas-cpu-queue-autoscaler-productcatalogservice,5,60,1,,,
2026-08-30 01:11:15,autoscaler,customdas-cpu-queue-autoscaler-recommendationservice,0,60,1,,,
2026-08-30 01:11:15,autoscaler,customdas-cpu-queue-autoscaler-shippingservice,3,60,1,,,
2026-08-30 01:11:15,node,ze-master-node,2560,4140,,64.0,52.1,
2026-08-30 01:11:15,node,ze-worker-node,2676,1901,,66.9,23.9,
2026-08-30 01:11:24,deployment,adservice,68,94,1,,,
2026-08-30 01:11:24,deployment,cartservice,190,80,2,,,
2026-08-30 01:11:24,deployment,checkoutservice,43,23,2,,,
2026-08-30 01:11:24,deployment,currencyservice,374,152,3,,,
2026-08-30 01:11:24,deployment,emailservice,16,40,1,,,
2026-08-30 01:11:24,deployment,frontend,737,100,8,,,
2026-08-30 01:11:24,http_p95_latency,frontend,,,,,,231.3
2026-08-30 01:11:24,deployment,paymentservice,10,32,1,,,
2026-08-30 01:11:24,deployment,productcatalogservice,409,51,6,,,
2026-08-30 01:11:24,deployment,recommendationservice,263,127,3,,,
2026-08-30 01:11:24,deployment,redis-cart,20,32,1,,,
2026-08-30 01:11:24,deployment,shippingservice,40,17,2,,,
2026-08-30 01:11:24,autoscaler,customdas-cpu-queue-autoscaler-adservice,4,60,1,,,
2026-08-30 01:11:24,autoscaler,customdas-cpu-queue-autoscaler-cartservice,5,60,1,,,
2026-08-30 01:11:24,autoscaler,customdas-cpu-queue-autoscaler-checkoutservice,2,60,1,,,
2026-08-30 01:11:24,autoscaler,customdas-cpu-queue-autoscaler-currencyservice,0,60,1,,,
2026-08-30 01:11:24,autoscaler,customdas-cpu-queue-autoscaler-emailservice,2,60,1,,,
2026-08-30 01:11:24,autoscaler,customdas-cpu-queue-autoscaler-frontend,6,60,1,,,
2026-08-30 01:11:24,autoscaler,customdas-cpu-queue-autoscaler-paymentservice,4,60,1,,,
2026-08-30 01:11:24,autoscaler,customdas-cpu-queue-autoscaler-productcatalogservice,5,60,1,,,
2026-08-30 01:11:24,autoscaler,customdas-cpu-queue-autoscaler-recommendationservice,4,60,1,,,
2026-08-30 01:11:24,autoscaler,customdas-cpu-queue-autoscaler-shippingservice,3,60,1,,,
2026-08-30 01:11:24,node,ze-master-node,2656,4140,,66.4,52.1,
2026-08-30 01:11:24,node,ze-worker-node,2894,1895,,72.4,23.9,
2026-08-30 01:11:31,deployment,adservice,68,94,1,,,
2026-08-30 01:11:31,deployment,cartservice,190,80,2,,,
2026-08-30 01:11:31,deployment,checkoutservice,43,23,2,,,
2026-08-30 01:11:31,deployment,currencyservice,374,152,3,,,
2026-08-30 01:11:31,deployment,emailservice,16,40,1,,,
2026-08-30 01:11:31,deployment,frontend,737,100,8,,,
2026-08-30 01:11:31,http_p95_latency,frontend,,,,,,222.7
2026-08-30 01:11:31,deployment,paymentservice,10,32,1,,,
2026-08-30 01:11:31,deployment,productcatalogservice,409,51,6,,,
2026-08-30 01:11:31,deployment,recommendationservice,263,127,3,,,
2026-08-30 01:11:31,deployment,redis-cart,20,32,1,,,
2026-08-30 01:11:31,deployment,shippingservice,40,17,2,,,
2026-08-30 01:11:31,autoscaler,customdas-cpu-queue-autoscaler-adservice,4,60,1,,,
2026-08-30 01:11:31,autoscaler,customdas-cpu-queue-autoscaler-cartservice,5,60,1,,,
2026-08-30 01:11:31,autoscaler,customdas-cpu-queue-autoscaler-checkoutservice,2,60,1,,,
2026-08-30 01:11:31,autoscaler,customdas-cpu-queue-autoscaler-currencyservice,0,60,1,,,
2026-08-30 01:11:31,autoscaler,customdas-cpu-queue-autoscaler-emailservice,2,60,1,,,
2026-08-30 01:11:31,autoscaler,customdas-cpu-queue-autoscaler-frontend,6,60,1,,,
2026-08-30 01:11:31,autoscaler,customdas-cpu-queue-autoscaler-paymentservice,4,60,1,,,
2026-08-30 01:11:31,autoscaler,customdas-cpu-queue-autoscaler-productcatalogservice,5,60,1,,,
2026-08-30 01:11:31,autoscaler,customdas-cpu-queue-autoscaler-recommendationservice,4,60,1,,,
2026-08-30 01:11:31,autoscaler,customdas-cpu-queue-autoscaler-shippingservice,3,60,1,,,
2026-08-30 01:11:31,node,ze-master-node,2656,4140,,66.4,52.1,
2026-08-30 01:11:31,node,ze-worker-node,2894,1895,,72.4,23.9,
2026-08-30 01:11:39,deployment,adservice,59,94,1,,,
2026-08-30 01:11:39,deployment,cartservice,206,79,2,,,
2026-08-30 01:11:39,deployment,checkoutservice,47,22,2,,,
2026-08-30 01:11:39,deployment,currencyservice,363,152,3,,,
2026-08-30 01:11:39,deployment,emailservice,16,40,1,,,
2026-08-30 01:11:39,deployment,frontend,752,101,8,,,
2026-08-30 01:11:39,http_p95_latency,frontend,,,,,,222.7
2026-08-30 01:11:39,deployment,paymentservice,9,32,1,,,
2026-08-30 01:11:39,deployment,productcatalogservice,413,49,6,,,
2026-08-30 01:11:39,deployment,recommendationservice,262,127,3,,,
2026-08-30 01:11:39,deployment,redis-cart,19,32,1,,,
2026-08-30 01:11:39,deployment,shippingservice,45,16,2,,,
2026-08-30 01:11:39,autoscaler,customdas-cpu-queue-autoscaler-adservice,4,60,1,,,
2026-08-30 01:11:39,autoscaler,customdas-cpu-queue-autoscaler-cartservice,5,60,1,,,
2026-08-30 01:11:39,autoscaler,customdas-cpu-queue-autoscaler-checkoutservice,5,60,1,,,
2026-08-30 01:11:39,autoscaler,customdas-cpu-queue-autoscaler-currencyservice,5,60,1,,,
2026-08-30 01:11:39,autoscaler,customdas-cpu-queue-autoscaler-emailservice,3,60,1,,,
2026-08-30 01:11:39,autoscaler,customdas-cpu-queue-autoscaler-frontend,7,60,1,,,
2026-08-30 01:11:39,autoscaler,customdas-cpu-queue-autoscaler-paymentservice,4,60,1,,,
2026-08-30 01:11:39,autoscaler,customdas-cpu-queue-autoscaler-productcatalogservice,14,60,1,,,
2026-08-30 01:11:39,autoscaler,customdas-cpu-queue-autoscaler-recommendationservice,4,60,1,,,
2026-08-30 01:11:39,autoscaler,customdas-cpu-queue-autoscaler-shippingservice,5,60,1,,,
2026-08-30 01:11:39,node,ze-master-node,2682,4146,,67.0,52.2,
2026-08-30 01:11:39,node,ze-worker-node,2801,1902,,70.0,24.0,
2026-08-30 01:11:47,deployment,adservice,59,94,1,,,
2026-08-30 01:11:47,deployment,cartservice,206,79,2,,,
2026-08-30 01:11:47,deployment,checkoutservice,47,22,2,,,
2026-08-30 01:11:47,deployment,currencyservice,363,152,3,,,
2026-08-30 01:11:47,deployment,emailservice,16,40,1,,,
2026-08-30 01:11:47,deployment,frontend,752,101,8,,,
2026-08-30 01:11:47,http_p95_latency,frontend,,,,,,226.1
2026-08-30 01:11:47,deployment,paymentservice,9,32,1,,,
2026-08-30 01:11:47,deployment,productcatalogservice,413,49,6,,,
2026-08-30 01:11:47,deployment,recommendationservice,262,127,3,,,
2026-08-30 01:11:47,deployment,redis-cart,19,32,1,,,
2026-08-30 01:11:47,deployment,shippingservice,42,16,2,,,
2026-08-30 01:11:47,autoscaler,customdas-cpu-queue-autoscaler-adservice,3,60,1,,,
2026-08-30 01:11:47,autoscaler,customdas-cpu-queue-autoscaler-cartservice,2,60,1,,,
2026-08-30 01:11:47,autoscaler,customdas-cpu-queue-autoscaler-checkoutservice,2,60,1,,,
2026-08-30 01:11:47,autoscaler,customdas-cpu-queue-autoscaler-currencyservice,0,60,1,,,
2026-08-30 01:11:47,autoscaler,customdas-cpu-queue-autoscaler-emailservice,0,60,1,,,
2026-08-30 01:11:47,autoscaler,customdas-cpu-queue-autoscaler-frontend,7,60,1,,,
2026-08-30 01:11:47,autoscaler,customdas-cpu-queue-autoscaler-paymentservice,4,60,1,,,
2026-08-30 01:11:47,autoscaler,customdas-cpu-queue-autoscaler-productcatalogservice,3,60,1,,,
2026-08-30 01:11:47,autoscaler,customdas-cpu-queue-autoscaler-recommendationservice,2,60,1,,,
2026-08-30 01:11:47,autoscaler,customdas-cpu-queue-autoscaler-shippingservice,3,60,1,,,
2026-08-30 01:11:47,node,ze-master-node,2745,4152,,68.6,52.3,
2026-08-30 01:11:47,node,ze-worker-node,2801,1896,,70.0,23.9,
2026-08-30 01:11:57,deployment,adservice,62,94,1,,,
2026-08-30 01:11:57,deployment,cartservice,178,80,2,,,
2026-08-30 01:11:57,deployment,checkoutservice,45,22,2,,,
2026-08-30 01:11:57,deployment,currencyservice,238,112,2,,,
2026-08-30 01:11:57,deployment,emailservice,15,40,1,,,
2026-08-30 01:11:57,deployment,frontend,752,100,8,,,
2026-08-30 01:11:57,http_p95_latency,frontend,,,,,,209.7
2026-08-30 01:11:57,deployment,paymentservice,10,32,1,,,
2026-08-30 01:11:57,deployment,productcatalogservice,410,50,6,,,
2026-08-30 01:11:57,deployment,recommendationservice,274,127,3,,,
2026-08-30 01:11:57,deployment,redis-cart,20,32,1,,,
2026-08-30 01:11:57,deployment,shippingservice,42,16,2,,,
2026-08-30 01:11:57,autoscaler,customdas-cpu-queue-autoscaler-adservice,3,60,1,,,
2026-08-30 01:11:57,autoscaler,customdas-cpu-queue-autoscaler-cartservice,2,60,1,,,
2026-08-30 01:11:57,autoscaler,customdas-cpu-queue-autoscaler-checkoutservice,2,60,1,,,
2026-08-30 01:11:57,autoscaler,customdas-cpu-queue-autoscaler-currencyservice,0,60,1,,,
2026-08-30 01:11:57,autoscaler,customdas-cpu-queue-autoscaler-emailservice,0,60,1,,,
2026-08-30 01:11:57,autoscaler,customdas-cpu-queue-autoscaler-frontend,7,60,1,,,
2026-08-30 01:11:57,autoscaler,customdas-cpu-queue-autoscaler-paymentservice,4,60,1,,,
2026-08-30 01:11:57,autoscaler,customdas-cpu-queue-autoscaler-productcatalogservice,3,60,1,,,
2026-08-30 01:11:57,autoscaler,customdas-cpu-queue-autoscaler-recommendationservice,2,60,1,,,
2026-08-30 01:11:57,autoscaler,customdas-cpu-queue-autoscaler-shippingservice,3,60,1,,,
2026-08-30 01:11:57,node,ze-master-node,2745,4152,,68.6,52.3,
2026-08-30 01:11:57,node,ze-worker-node,2801,1896,,70.0,23.9,
2026-08-30 01:12:07,deployment,adservice,57,94,1,,,
2026-08-30 01:12:07,deployment,cartservice,180,80,2,,,
2026-08-30 01:12:07,deployment,checkoutservice,46,22,2,,,
2026-08-30 01:12:07,deployment,currencyservice,289,114,2,,,
2026-08-30 01:12:07,deployment,emailservice,16,40,1,,,
2026-08-30 01:12:07,deployment,frontend,697,102,8,,,
2026-08-30 01:12:07,http_p95_latency,frontend,,,,,,209.7
2026-08-30 01:12:07,deployment,paymentservice,10,32,1,,,
2026-08-30 01:12:07,deployment,productcatalogservice,396,50,6,,,
2026-08-30 01:12:07,deployment,recommendationservice,245,127,3,,,
2026-08-30 01:12:07,deployment,redis-cart,20,32,1,,,
2026-08-30 01:12:07,deployment,shippingservice,44,17,2,,,
2026-08-30 01:12:07,autoscaler,customdas-cpu-queue-autoscaler-adservice,3,60,1,,,
2026-08-30 01:12:07,autoscaler,customdas-cpu-queue-autoscaler-cartservice,2,60,1,,,
2026-08-30 01:12:07,autoscaler,customdas-cpu-queue-autoscaler-checkoutservice,4,60,1,,,
2026-08-30 01:12:07,autoscaler,customdas-cpu-queue-autoscaler-currencyservice,5,60,1,,,
2026-08-30 01:12:07,autoscaler,customdas-cpu-queue-autoscaler-emailservice,4,60,1,,,
2026-08-30 01:12:07,autoscaler,customdas-cpu-queue-autoscaler-frontend,5,60,1,,,
2026-08-30 01:12:07,autoscaler,customdas-cpu-queue-autoscaler-paymentservice,4,60,1,,,
2026-08-30 01:12:07,autoscaler,customdas-cpu-queue-autoscaler-productcatalogservice,6,60,1,,,
2026-08-30 01:12:07,autoscaler,customdas-cpu-queue-autoscaler-recommendationservice,3,60,1,,,
2026-08-30 01:12:07,autoscaler,customdas-cpu-queue-autoscaler-shippingservice,0,60,1,,,
2026-08-30 01:12:07,node,ze-master-node,2556,4083,,63.9,51.4,
2026-08-30 01:12:07,node,ze-worker-node,2718,1899,,68.0,23.9,
2026-08-30 01:12:15,deployment,adservice,57,94,1,,,
2026-08-30 01:12:15,deployment,cartservice,180,80,2,,,
2026-08-30 01:12:15,deployment,checkoutservice,46,22,2,,,
2026-08-30 01:12:15,deployment,currencyservice,289,114,2,,,
2026-08-30 01:12:15,deployment,emailservice,16,40,1,,,
2026-08-30 01:12:15,deployment,frontend,697,102,8,,,
2026-08-30 01:12:15,http_p95_latency,frontend,,,,,,247.3
2026-08-30 01:12:15,deployment,paymentservice,10,32,1,,,
2026-08-30 01:12:15,deployment,productcatalogservice,396,50,6,,,
2026-08-30 01:12:15,deployment,recommendationservice,245,127,3,,,
2026-08-30 01:12:15,deployment,redis-cart,20,32,1,,,
2026-08-30 01:12:15,deployment,shippingservice,44,17,2,,,
2026-08-30 01:12:15,autoscaler,customdas-cpu-queue-autoscaler-adservice,3,60,1,,,
2026-08-30 01:12:15,autoscaler,customdas-cpu-queue-autoscaler-cartservice,2,60,1,,,
2026-08-30 01:12:15,autoscaler,customdas-cpu-queue-autoscaler-checkoutservice,4,60,1,,,
2026-08-30 01:12:15,autoscaler,customdas-cpu-queue-autoscaler-currencyservice,5,60,1,,,
2026-08-30 01:12:15,autoscaler,customdas-cpu-queue-autoscaler-emailservice,4,60,1,,,
2026-08-30 01:12:15,autoscaler,customdas-cpu-queue-autoscaler-frontend,5,60,1,,,
2026-08-30 01:12:15,autoscaler,customdas-cpu-queue-autoscaler-paymentservice,4,60,1,,,
2026-08-30 01:12:15,autoscaler,customdas-cpu-queue-autoscaler-productcatalogservice,6,60,1,,,
2026-08-30 01:12:15,autoscaler,customdas-cpu-queue-autoscaler-recommendationservice,3,60,1,,,
2026-08-30 01:12:15,autoscaler,customdas-cpu-queue-autoscaler-shippingservice,0,60,1,,,
2026-08-30 01:12:15,node,ze-master-node,2556,4083,,63.9,51.4,
2026-08-30 01:12:15,node,ze-worker-node,2718,1899,,68.0,23.9,
2026-08-30 01:12:24,deployment,adservice,50,94,1,,,
2026-08-30 01:12:24,deployment,cartservice,167,80,2,,,
2026-08-30 01:12:24,deployment,checkoutservice,45,22,2,,,
2026-08-30 01:12:24,deployment,currencyservice,304,113,2,,,
2026-08-30 01:12:24,deployment,emailservice,14,40,1,,,
2026-08-30 01:12:24,deployment,frontend,672,102,8,,,
2026-08-30 01:12:24,http_p95_latency,frontend,,,,,,247.3
2026-08-30 01:12:24,deployment,paymentservice,11,32,1,,,
2026-08-30 01:12:24,deployment,productcatalogservice,369,50,6,,,
2026-08-30 01:12:24,deployment,recommendationservice,240,127,3,,,
2026-08-30 01:12:24,deployment,redis-cart,16,32,1,,,
2026-08-30 01:12:24,deployment,shippingservice,40,17,2,,,
2026-08-30 01:12:24,autoscaler,customdas-cpu-queue-autoscaler-adservice,3,60,1,,,
2026-08-30 01:12:24,autoscaler,customdas-cpu-queue-autoscaler-cartservice,4,60,1,,,
2026-08-30 01:12:24,autoscaler,customdas-cpu-queue-autoscaler-checkoutservice,0,60,1,,,
2026-08-30 01:12:24,autoscaler,customdas-cpu-queue-autoscaler-currencyservice,3,60,1,,,
2026-08-30 01:12:24,autoscaler,customdas-cpu-queue-autoscaler-emailservice,3,60,1,,,
2026-08-30 01:12:24,autoscaler,customdas-cpu-queue-autoscaler-frontend,8,60,1,,,
2026-08-30 01:12:24,autoscaler,customdas-cpu-queue-autoscaler-paymentservice,3,60,1,,,
2026-08-30 01:12:24,autoscaler,customdas-cpu-queue-autoscaler-productcatalogservice,6,60,1,,,
2026-08-30 01:12:24,autoscaler,customdas-cpu-queue-autoscaler-recommendationservice,5,60,1,,,
2026-08-30 01:12:24,autoscaler,customdas-cpu-queue-autoscaler-shippingservice,7,60,1,,,
2026-08-30 01:12:24,node,ze-master-node,2466,4086,,61.7,51.5,
2026-08-30 01:12:24,node,ze-worker-node,2529,1894,,63.2,23.9,
2026-08-30 01:12:32,deployment,adservice,50,94,1,,,
2026-08-30 01:12:32,deployment,cartservice,167,80,2,,,
2026-08-30 01:12:32,deployment,checkoutservice,45,22,2,,,
2026-08-30 01:12:32,deployment,currencyservice,304,113,2,,,
2026-08-30 01:12:32,deployment,emailservice,14,40,1,,,
2026-08-30 01:12:32,deployment,frontend,575,90,8,,,
2026-08-30 01:12:32,http_p95_latency,frontend,,,,,,334.7
2026-08-30 01:12:32,deployment,paymentservice,11,32,1,,,
2026-08-30 01:12:32,deployment,productcatalogservice,369,50,6,,,
2026-08-30 01:12:32,deployment,recommendationservice,240,127,3,,,
2026-08-30 01:12:32,deployment,redis-cart,16,32,1,,,
2026-08-30 01:12:32,deployment,shippingservice,40,17,2,,,
2026-08-30 01:12:32,autoscaler,customdas-cpu-queue-autoscaler-adservice,3,60,1,,,
2026-08-30 01:12:32,autoscaler,customdas-cpu-queue-autoscaler-cartservice,4,60,1,,,
2026-08-30 01:12:32,autoscaler,customdas-cpu-queue-autoscaler-checkoutservice,4,60,1,,,
2026-08-30 01:12:32,autoscaler,customdas-cpu-queue-autoscaler-currencyservice,3,60,1,,,
2026-08-30 01:12:32,autoscaler,customdas-cpu-queue-autoscaler-emailservice,6,60,1,,,
2026-08-30 01:12:32,autoscaler,customdas-cpu-queue-autoscaler-frontend,0,60,1,,,
2026-08-30 01:12:32,autoscaler,customdas-cpu-queue-autoscaler-paymentservice,4,60,1,,,
2026-08-30 01:12:32,autoscaler,customdas-cpu-queue-autoscaler-productcatalogservice,4,60,1,,,
2026-08-30 01:12:32,autoscaler,customdas-cpu-queue-autoscaler-recommendationservice,4,60,1,,,
2026-08-30 01:12:32,autoscaler,customdas-cpu-queue-autoscaler-shippingservice,0,60,1,,,
2026-08-30 01:12:32,node,ze-master-node,2558,4089,,63.9,51.5,
2026-08-30 01:12:32,node,ze-worker-node,2645,1919,,66.1,24.2,
2026-08-30 01:12:40,deployment,adservice,50,94,1,,,
2026-08-30 01:12:40,deployment,cartservice,196,80,2,,,
2026-08-30 01:12:40,deployment,checkoutservice,46,22,2,,,
2026-08-30 01:12:40,deployment,currencyservice,301,113,2,,,
2026-08-30 01:12:40,deployment,emailservice,14,40,1,,,
2026-08-30 01:12:40,deployment,frontend,576,91,7,,,
2026-08-30 01:12:40,http_p95_latency,frontend,,,,,,334.7
2026-08-30 01:12:40,deployment,paymentservice,11,32,1,,,
2026-08-30 01:12:40,deployment,productcatalogservice,369,49,6,,,
2026-08-30 01:12:40,deployment,recommendationservice,236,127,3,,,
2026-08-30 01:12:40,deployment,redis-cart,37,34,1,,,
2026-08-30 01:12:40,deployment,shippingservice,39,17,2,,,
2026-08-30 01:12:40,autoscaler,customdas-cpu-queue-autoscaler-adservice,3,60,1,,,
2026-08-30 01:12:40,autoscaler,customdas-cpu-queue-autoscaler-cartservice,4,60,1,,,
2026-08-30 01:12:40,autoscaler,customdas-cpu-queue-autoscaler-checkoutservice,4,60,1,,,
2026-08-30 01:12:40,autoscaler,customdas-cpu-queue-autoscaler-currencyservice,3,60,1,,,
2026-08-30 01:12:40,autoscaler,customdas-cpu-queue-autoscaler-emailservice,6,60,1,,,
2026-08-30 01:12:40,autoscaler,customdas-cpu-queue-autoscaler-frontend,0,60,1,,,
2026-08-30 01:12:40,autoscaler,customdas-cpu-queue-autoscaler-paymentservice,4,60,1,,,
2026-08-30 01:12:40,autoscaler,customdas-cpu-queue-autoscaler-productcatalogservice,4,60,1,,,
2026-08-30 01:12:40,autoscaler,customdas-cpu-queue-autoscaler-recommendationservice,4,60,1,,,
2026-08-30 01:12:40,autoscaler,customdas-cpu-queue-autoscaler-shippingservice,0,60,1,,,
2026-08-30 01:12:40,node,ze-master-node,2558,4089,,63.9,51.5,
2026-08-30 01:12:40,node,ze-worker-node,2645,1919,,66.1,24.2,
2026-08-30 01:12:49,deployment,adservice,50,94,1,,,
2026-08-30 01:12:49,deployment,cartservice,202,80,2,,,
2026-08-30 01:12:49,deployment,checkoutservice,40,22,2,,,
2026-08-30 01:12:49,deployment,currencyservice,284,113,2,,,
2026-08-30 01:12:49,deployment,emailservice,16,40,1,,,
2026-08-30 01:12:49,deployment,frontend,621,91,7,,,
2026-08-30 01:12:49,http_p95_latency,frontend,,,,,,340.4
2026-08-30 01:12:49,deployment,paymentservice,10,32,1,,,
2026-08-30 01:12:49,deployment,productcatalogservice,308,41,5,,,
2026-08-30 01:12:49,deployment,recommendationservice,227,127,3,,,
2026-08-30 01:12:49,deployment,redis-cart,25,32,1,,,
2026-08-30 01:12:49,deployment,shippingservice,40,17,2,,,
2026-08-30 01:12:49,autoscaler,customdas-cpu-queue-autoscaler-adservice,4,60,1,,,
2026-08-30 01:12:49,autoscaler,customdas-cpu-queue-autoscaler-cartservice,1,60,1,,,
2026-08-30 01:12:49,autoscaler,customdas-cpu-queue-autoscaler-checkoutservice,0,60,1,,,
2026-08-30 01:12:49,autoscaler,customdas-cpu-queue-autoscaler-currencyservice,2,60,1,,,
2026-08-30 01:12:49,autoscaler,customdas-cpu-queue-autoscaler-emailservice,0,60,1,,,
2026-08-30 01:12:49,autoscaler,customdas-cpu-queue-autoscaler-frontend,11,60,1,,,
2026-08-30 01:12:49,autoscaler,customdas-cpu-queue-autoscaler-paymentservice,0,60,1,,,
2026-08-30 01:12:49,autoscaler,customdas-cpu-queue-autoscaler-productcatalogservice,9,60,1,,,
2026-08-30 01:12:49,autoscaler,customdas-cpu-queue-autoscaler-recommendationservice,4,60,1,,,
2026-08-30 01:12:49,autoscaler,customdas-cpu-queue-autoscaler-shippingservice,10,60,1,,,
2026-08-30 01:12:49,node,ze-master-node,2469,4057,,61.7,51.1,
2026-08-30 01:12:49,node,ze-worker-node,2493,1916,,62.3,24.1,
2026-08-30 01:12:58,deployment,adservice,50,94,1,,,
2026-08-30 01:12:58,deployment,cartservice,202,80,2,,,
2026-08-30 01:12:58,deployment,checkoutservice,40,22,2,,,
2026-08-30 01:12:58,deployment,currencyservice,284,113,2,,,
2026-08-30 01:12:58,deployment,emailservice,16,40,1,,,
2026-08-30 01:12:58,deployment,frontend,621,91,7,,,
2026-08-30 01:12:58,http_p95_latency,frontend,,,,,,221.2
2026-08-30 01:12:58,deployment,paymentservice,10,32,1,,,
2026-08-30 01:12:58,deployment,productcatalogservice,308,41,5,,,
2026-08-30 01:12:58,deployment,recommendationservice,227,127,3,,,
2026-08-30 01:12:58,deployment,redis-cart,25,32,1,,,
2026-08-30 01:12:58,deployment,shippingservice,40,17,2,,,
2026-08-30 01:12:58,autoscaler,customdas-cpu-queue-autoscaler-adservice,4,60,1,,,
2026-08-30 01:12:58,autoscaler,customdas-cpu-queue-autoscaler-cartservice,1,60,1,,,
2026-08-30 01:12:58,autoscaler,customdas-cpu-queue-autoscaler-checkoutservice,0,60,1,,,
2026-08-30 01:12:58,autoscaler,customdas-cpu-queue-autoscaler-currencyservice,2,60,1,,,
2026-08-30 01:12:58,autoscaler,customdas-cpu-queue-autoscaler-emailservice,0,60,1,,,
2026-08-30 01:12:58,autoscaler,customdas-cpu-queue-autoscaler-frontend,11,60,1,,,
2026-08-30 01:12:58,autoscaler,customdas-cpu-queue-autoscaler-paymentservice,0,60,1,,,
2026-08-30 01:12:58,autoscaler,customdas-cpu-queue-autoscaler-productcatalogservice,9,60,1,,,
2026-08-30 01:12:58,autoscaler,customdas-cpu-queue-autoscaler-recommendationservice,4,60,1,,,
2026-08-30 01:12:58,autoscaler,customdas-cpu-queue-autoscaler-shippingservice,10,60,1,,,
2026-08-30 01:12:58,node,ze-master-node,2469,4057,,61.7,51.1,
2026-08-30 01:12:58,node,ze-worker-node,2493,1916,,62.3,24.1,
2026-08-30 01:13:08,deployment,adservice,48,94,1,,,
2026-08-30 01:13:08,deployment,cartservice,173,80,2,,,
2026-08-30 01:13:08,deployment,checkoutservice,40,22,2,,,
2026-08-30 01:13:08,deployment,currencyservice,288,111,2,,,
2026-08-30 01:13:08,deployment,emailservice,13,40,1,,,
2026-08-30 01:13:08,deployment,frontend,618,90,7,,,
2026-08-30 01:13:08,http_p95_latency,frontend,,,,,,221.2
2026-08-30 01:13:08,deployment,paymentservice,9,32,1,,,
2026-08-30 01:13:08,deployment,productcatalogservice,321,42,5,,,
2026-08-30 01:13:08,deployment,recommendationservice,223,127,3,,,
2026-08-30 01:13:08,deployment,redis-cart,16,32,1,,,
2026-08-30 01:13:08,deployment,shippingservice,38,17,2,,,
2026-08-30 01:13:08,autoscaler,customdas-cpu-queue-autoscaler-adservice,3,60,1,,,
2026-08-30 01:13:08,autoscaler,customdas-cpu-queue-autoscaler-cartservice,3,60,1,,,
2026-08-30 01:13:08,autoscaler,customdas-cpu-queue-autoscaler-checkoutservice,3,60,1,,,
2026-08-30 01:13:08,autoscaler,customdas-cpu-queue-autoscaler-currencyservice,4,60,1,,,
2026-08-30 01:13:08,autoscaler,customdas-cpu-queue-autoscaler-emailservice,4,60,1,,,
2026-08-30 01:13:08,autoscaler,customdas-cpu-queue-autoscaler-frontend,8,60,1,,,
2026-08-30 01:13:08,autoscaler,customdas-cpu-queue-autoscaler-paymentservice,0,60,1,,,
2026-08-30 01:13:08,autoscaler,customdas-cpu-queue-autoscaler-productcatalogservice,6,60,1,,,
2026-08-30 01:13:08,autoscaler,customdas-cpu-queue-autoscaler-recommendationservice,2,60,1,,,
2026-08-30 01:13:08,autoscaler,customdas-cpu-queue-autoscaler-shippingservice,0,60,1,,,
2026-08-30 01:13:08,node,ze-master-node,2483,4044,,62.1,50.9,
2026-08-30 01:13:08,node,ze-worker-node,2459,1919,,61.5,24.2,
2026-08-30 01:13:20,deployment,adservice,48,94,1,,,
2026-08-30 01:13:20,deployment,cartservice,164,80,2,,,
2026-08-30 01:13:20,deployment,checkoutservice,39,22,2,,,
2026-08-30 01:13:20,deployment,currencyservice,271,113,2,,,
2026-08-30 01:13:20,deployment,emailservice,17,40,1,,,
2026-08-30 01:13:20,deployment,frontend,605,91,7,,,
2026-08-30 01:13:20,http_p95_latency,frontend,,,,,,178.8
2026-08-30 01:13:20,deployment,paymentservice,9,32,1,,,
2026-08-30 01:13:20,deployment,productcatalogservice,354,41,5,,,
2026-08-30 01:13:20,deployment,recommendationservice,226,127,3,,,
2026-08-30 01:13:20,deployment,redis-cart,17,32,1,,,
2026-08-30 01:13:20,deployment,shippingservice,38,17,2,,,
2026-08-30 01:13:20,autoscaler,customdas-cpu-queue-autoscaler-adservice,3,60,1,,,
2026-08-30 01:13:20,autoscaler,customdas-cpu-queue-autoscaler-cartservice,4,60,1,,,
2026-08-30 01:13:20,autoscaler,customdas-cpu-queue-autoscaler-checkoutservice,5,60,1,,,
2026-08-30 01:13:20,autoscaler,customdas-cpu-queue-autoscaler-currencyservice,4,60,1,,,
2026-08-30 01:13:20,autoscaler,customdas-cpu-queue-autoscaler-emailservice,3,60,1,,,
2026-08-30 01:13:20,autoscaler,customdas-cpu-queue-autoscaler-frontend,9,60,1,,,
2026-08-30 01:13:20,autoscaler,customdas-cpu-queue-autoscaler-paymentservice,6,60,1,,,
2026-08-30 01:13:20,autoscaler,customdas-cpu-queue-autoscaler-productcatalogservice,6,60,1,,,
2026-08-30 01:13:20,autoscaler,customdas-cpu-queue-autoscaler-recommendationservice,2,60,1,,,
2026-08-30 01:13:20,autoscaler,customdas-cpu-queue-autoscaler-shippingservice,4,60,1,,,
2026-08-30 01:13:20,node,ze-master-node,2349,4073,,58.7,51.3,
2026-08-30 01:13:20,node,ze-worker-node,2380,1913,,59.5,24.1,
2026-08-30 01:13:28,deployment,adservice,48,94,1,,,
2026-08-30 01:13:28,deployment,cartservice,164,80,2,,,
2026-08-30 01:13:28,deployment,checkoutservice,39,22,2,,,
2026-08-30 01:13:28,deployment,currencyservice,271,113,2,,,
2026-08-30 01:13:28,deployment,emailservice,17,40,1,,,
2026-08-30 01:13:28,deployment,frontend,605,91,7,,,
2026-08-30 01:13:28,http_p95_latency,frontend,,,,,,174.9
2026-08-30 01:13:28,deployment,paymentservice,9,32,1,,,
2026-08-30 01:13:28,deployment,productcatalogservice,354,41,5,,,
2026-08-30 01:13:28,deployment,recommendationservice,159,87,2,,,
2026-08-30 01:13:28,deployment,redis-cart,17,32,1,,,
2026-08-30 01:13:28,deployment,shippingservice,38,17,2,,,
2026-08-30 01:13:28,autoscaler,customdas-cpu-queue-autoscaler-adservice,3,60,1,,,
2026-08-30 01:13:28,autoscaler,customdas-cpu-queue-autoscaler-cartservice,4,60,1,,,
2026-08-30 01:13:28,autoscaler,customdas-cpu-queue-autoscaler-checkoutservice,5,60,1,,,
2026-08-30 01:13:28,autoscaler,customdas-cpu-queue-autoscaler-currencyservice,4,60,1,,,
2026-08-30 01:13:28,autoscaler,customdas-cpu-queue-autoscaler-emailservice,3,60,1,,,
2026-08-30 01:13:28,autoscaler,customdas-cpu-queue-autoscaler-frontend,9,60,1,,,
2026-08-30 01:13:28,autoscaler,customdas-cpu-queue-autoscaler-paymentservice,6,60,1,,,
2026-08-30 01:13:28,autoscaler,customdas-cpu-queue-autoscaler-productcatalogservice,6,60,1,,,
2026-08-30 01:13:28,autoscaler,customdas-cpu-queue-autoscaler-recommendationservice,2,60,1,,,
2026-08-30 01:13:28,autoscaler,customdas-cpu-queue-autoscaler-shippingservice,4,60,1,,,
2026-08-30 01:13:28,node,ze-master-node,2349,4073,,58.7,51.3,
2026-08-30 01:13:28,node,ze-worker-node,2380,1913,,59.5,24.1,
2026-08-30 01:13:37,deployment,adservice,48,94,1,,,
2026-08-30 01:13:37,deployment,cartservice,141,80,2,,,
2026-08-30 01:13:37,deployment,checkoutservice,42,22,2,,,
2026-08-30 01:13:37,deployment,currencyservice,287,112,2,,,
2026-08-30 01:13:37,deployment,emailservice,16,40,1,,,
2026-08-30 01:13:37,deployment,frontend,603,91,7,,,
2026-08-30 01:13:37,http_p95_latency,frontend,,,,,,174.9
2026-08-30 01:13:37,deployment,paymentservice,9,32,1,,,
2026-08-30 01:13:37,deployment,productcatalogservice,341,42,5,,,
2026-08-30 01:13:37,deployment,recommendationservice,180,87,2,,,
2026-08-30 01:13:37,deployment,redis-cart,17,32,1,,,
2026-08-30 01:13:37,deployment,shippingservice,39,17,2,,,
2026-08-30 01:13:37,autoscaler,customdas-cpu-queue-autoscaler-adservice,7,60,1,,,
2026-08-30 01:13:37,autoscaler,customdas-cpu-queue-autoscaler-cartservice,4,60,1,,,
2026-08-30 01:13:37,autoscaler,customdas-cpu-queue-autoscaler-checkoutservice,4,60,1,,,
2026-08-30 01:13:37,autoscaler,customdas-cpu-queue-autoscaler-currencyservice,3,60,1,,,
2026-08-30 01:13:37,autoscaler,customdas-cpu-queue-autoscaler-emailservice,4,60,1,,,
2026-08-30 01:13:37,autoscaler,customdas-cpu-queue-autoscaler-frontend,7,60,1,,,
2026-08-30 01:13:37,autoscaler,customdas-cpu-queue-autoscaler-paymentservice,4,60,1,,,
2026-08-30 01:13:37,autoscaler,customdas-cpu-queue-autoscaler-productcatalogservice,4,60,1,,,
2026-08-30 01:13:37,autoscaler,customdas-cpu-queue-autoscaler-recommendationservice,6,60,1,,,
2026-08-30 01:13:37,autoscaler,customdas-cpu-queue-autoscaler-shippingservice,4,60,1,,,
2026-08-30 01:13:37,node,ze-master-node,2338,4042,,58.5,50.9,
2026-08-30 01:13:37,node,ze-worker-node,2517,1914,,62.9,24.1,
2026-08-30 01:13:44,deployment,adservice,48,94,1,,,
2026-08-30 01:13:44,deployment,cartservice,141,80,2,,,
2026-08-30 01:13:44,deployment,checkoutservice,42,22,2,,,
2026-08-30 01:13:44,deployment,currencyservice,287,112,2,,,
2026-08-30 01:13:44,deployment,emailservice,16,40,1,,,
2026-08-30 01:13:44,deployment,frontend,603,91,7,,,
2026-08-30 01:13:44,http_p95_latency,frontend,,,,,,187.4
2026-08-30 01:13:44,deployment,paymentservice,9,32,1,,,
2026-08-30 01:13:44,deployment,productcatalogservice,341,42,5,,,
2026-08-30 01:13:44,deployment,recommendationservice,180,87,2,,,
2026-08-30 01:13:44,deployment,redis-cart,17,32,1,,,
2026-08-30 01:13:44,deployment,shippingservice,39,17,2,,,
2026-08-30 01:13:44,autoscaler,customdas-cpu-queue-autoscaler-adservice,7,60,1,,,
2026-08-30 01:13:44,autoscaler,customdas-cpu-queue-autoscaler-cartservice,4,60,1,,,
2026-08-30 01:13:44,autoscaler,customdas-cpu-queue-autoscaler-checkoutservice,4,60,1,,,
2026-08-30 01:13:44,autoscaler,customdas-cpu-queue-autoscaler-currencyservice,3,60,1,,,
2026-08-30 01:13:44,autoscaler,customdas-cpu-queue-autoscaler-emailservice,4,60,1,,,
2026-08-30 01:13:44,autoscaler,customdas-cpu-queue-autoscaler-frontend,7,60,1,,,
2026-08-30 01:13:44,autoscaler,customdas-cpu-queue-autoscaler-paymentservice,4,60,1,,,
2026-08-30 01:13:44,autoscaler,customdas-cpu-queue-autoscaler-productcatalogservice,4,60,1,,,
2026-08-30 01:13:44,autoscaler,customdas-cpu-queue-autoscaler-recommendationservice,6,60,1,,,
2026-08-30 01:13:44,autoscaler,customdas-cpu-queue-autoscaler-shippingservice,4,60,1,,,
2026-08-30 01:13:44,node,ze-master-node,2338,4042,,58.5,50.9,
2026-08-30 01:13:44,node,ze-worker-node,2517,1914,,62.9,24.1,
2026-08-30 01:13:52,deployment,adservice,47,94,1,,,
2026-08-30 01:13:52,deployment,cartservice,155,80,2,,,
2026-08-30 01:13:52,deployment,checkoutservice,31,22,2,,,
2026-08-30 01:13:52,deployment,currencyservice,285,111,2,,,
2026-08-30 01:13:52,deployment,emailservice,15,40,1,,,
2026-08-30 01:13:52,deployment,frontend,615,90,7,,,
2026-08-30 01:13:52,http_p95_latency,frontend,,,,,,187.4
2026-08-30 01:13:52,deployment,paymentservice,9,32,1,,,
2026-08-30 01:13:52,deployment,productcatalogservice,335,41,5,,,
2026-08-30 01:13:52,deployment,recommendationservice,204,87,2,,,
2026-08-30 01:13:52,deployment,redis-cart,16,32,1,,,
2026-08-30 01:13:52,deployment,shippingservice,34,17,2,,,
2026-08-30 01:13:52,autoscaler,customdas-cpu-queue-autoscaler-adservice,0,60,1,,,
2026-08-30 01:13:52,autoscaler,customdas-cpu-queue-autoscaler-cartservice,2,60,1,,,
2026-08-30 01:13:52,autoscaler,customdas-cpu-queue-autoscaler-checkoutservice,2,60,1,,,
2026-08-30 01:13:52,autoscaler,customdas-cpu-queue-autoscaler-currencyservice,2,60,1,,,
2026-08-30 01:13:52,autoscaler,customdas-cpu-queue-autoscaler-emailservice,3,60,1,,,
2026-08-30 01:13:52,autoscaler,customdas-cpu-queue-autoscaler-frontend,6,60,1,,,
2026-08-30 01:13:52,autoscaler,customdas-cpu-queue-autoscaler-paymentservice,4,60,1,,,
2026-08-30 01:13:52,autoscaler,customdas-cpu-queue-autoscaler-productcatalogservice,9,60,1,,,
2026-08-30 01:13:52,autoscaler,customdas-cpu-queue-autoscaler-recommendationservice,4,60,1,,,
2026-08-30 01:13:52,autoscaler,customdas-cpu-queue-autoscaler-shippingservice,6,60,1,,,
2026-08-30 01:13:52,node,ze-master-node,2336,4040,,58.4,50.9,
2026-08-30 01:13:52,node,ze-worker-node,2427,1914,,60.7,24.1,
2026-08-30 01:13:59,deployment,adservice,47,94,1,,,
2026-08-30 01:13:59,deployment,cartservice,155,80,2,,,
2026-08-30 01:13:59,deployment,checkoutservice,31,22,2,,,
2026-08-30 01:13:59,deployment,currencyservice,285,111,2,,,
2026-08-30 01:13:59,deployment,emailservice,15,40,1,,,
2026-08-30 01:13:59,deployment,frontend,615,90,7,,,
2026-08-30 01:13:59,http_p95_latency,frontend,,,,,,218.6
2026-08-30 01:13:59,deployment,paymentservice,9,32,1,,,
2026-08-30 01:13:59,deployment,productcatalogservice,335,41,5,,,
2026-08-30 01:13:59,deployment,recommendationservice,204,87,2,,,
2026-08-30 01:13:59,deployment,redis-cart,16,32,1,,,
2026-08-30 01:13:59,deployment,shippingservice,34,17,2,,,
2026-08-30 01:13:59,autoscaler,customdas-cpu-queue-autoscaler-adservice,0,60,1,,,
2026-08-30 01:13:59,autoscaler,customdas-cpu-queue-autoscaler-cartservice,2,60,1,,,
2026-08-30 01:13:59,autoscaler,customdas-cpu-queue-autoscaler-checkoutservice,2,60,1,,,
2026-08-30 01:13:59,autoscaler,customdas-cpu-queue-autoscaler-currencyservice,2,60,1,,,
2026-08-30 01:13:59,autoscaler,customdas-cpu-queue-autoscaler-emailservice,3,60,1,,,
2026-08-30 01:13:59,autoscaler,customdas-cpu-queue-autoscaler-frontend,6,60,1,,,
2026-08-30 01:13:59,autoscaler,customdas-cpu-queue-autoscaler-paymentservice,4,60,1,,,
2026-08-30 01:13:59,autoscaler,customdas-cpu-queue-autoscaler-productcatalogservice,9,60,1,,,
2026-08-30 01:13:59,autoscaler,customdas-cpu-queue-autoscaler-recommendationservice,4,60,1,,,
2026-08-30 01:13:59,autoscaler,customdas-cpu-queue-autoscaler-shippingservice,6,60,1,,,
2026-08-30 01:13:59,node,ze-master-node,2336,4040,,58.4,50.9,
2026-08-30 01:13:59,node,ze-worker-node,2427,1914,,60.7,24.1,
2026-08-30 01:14:07,deployment,adservice,47,94,1,,,
2026-08-30 01:14:07,deployment,cartservice,150,80,2,,,
2026-08-30 01:14:07,deployment,checkoutservice,17,12,1,,,
2026-08-30 01:14:07,deployment,currencyservice,259,113,2,,,
2026-08-30 01:14:07,deployment,emailservice,19,40,1,,,
2026-08-30 01:14:07,deployment,frontend,559,90,7,,,
2026-08-30 01:14:07,http_p95_latency,frontend,,,,,,218.6
2026-08-30 01:14:07,deployment,paymentservice,8,32,1,,,
2026-08-30 01:14:07,deployment,productcatalogservice,320,42,5,,,
2026-08-30 01:14:07,deployment,recommendationservice,203,87,2,,,
2026-08-30 01:14:07,deployment,redis-cart,15,32,1,,,
2026-08-30 01:14:07,deployment,shippingservice,16,9,1,,,
2026-08-30 01:14:07,autoscaler,customdas-cpu-queue-autoscaler-adservice,4,60,1,,,
2026-08-30 01:14:07,autoscaler,customdas-cpu-queue-autoscaler-cartservice,2,60,1,,,
2026-08-30 01:14:07,autoscaler,customdas-cpu-queue-autoscaler-checkoutservice,4,60,1,,,
2026-08-30 01:14:07,autoscaler,customdas-cpu-queue-autoscaler-currencyservice,3,60,1,,,
2026-08-30 01:14:07,autoscaler,customdas-cpu-queue-autoscaler-emailservice,3,60,1,,,
2026-08-30 01:14:07,autoscaler,customdas-cpu-queue-autoscaler-frontend,6,60,1,,,
2026-08-30 01:14:07,autoscaler,customdas-cpu-queue-autoscaler-paymentservice,4,60,1,,,
2026-08-30 01:14:07,autoscaler,customdas-cpu-queue-autoscaler-productcatalogservice,5,60,1,,,
2026-08-30 01:14:07,autoscaler,customdas-cpu-queue-autoscaler-recommendationservice,4,60,1,,,
2026-08-30 01:14:07,autoscaler,customdas-cpu-queue-autoscaler-shippingservice,4,60,1,,,
2026-08-30 01:14:07,node,ze-master-node,2132,4045,,53.3,50.9,
2026-08-30 01:14:07,node,ze-worker-node,2384,1915,,59.6,24.1,
2026-08-30 01:14:14,deployment,adservice,47,94,1,,,
2026-08-30 01:14:14,deployment,cartservice,150,80,2,,,
2026-08-30 01:14:14,deployment,checkoutservice,17,12,1,,,
2026-08-30 01:14:14,deployment,currencyservice,259,113,2,,,
2026-08-30 01:14:14,deployment,emailservice,19,40,1,,,
2026-08-30 01:14:14,deployment,frontend,559,90,7,,,
2026-08-30 01:14:14,http_p95_latency,frontend,,,,,,219.8
2026-08-30 01:14:14,deployment,paymentservice,8,32,1,,,
2026-08-30 01:14:14,deployment,productcatalogservice,320,42,5,,,
2026-08-30 01:14:14,deployment,recommendationservice,203,87,2,,,
2026-08-30 01:14:14,deployment,redis-cart,15,32,1,,,
2026-08-30 01:14:14,deployment,shippingservice,16,9,1,,,
2026-08-30 01:14:14,autoscaler,customdas-cpu-queue-autoscaler-adservice,4,60,1,,,
2026-08-30 01:14:14,autoscaler,customdas-cpu-queue-autoscaler-cartservice,2,60,1,,,
2026-08-30 01:14:14,autoscaler,customdas-cpu-queue-autoscaler-checkoutservice,4,60,1,,,
2026-08-30 01:14:14,autoscaler,customdas-cpu-queue-autoscaler-currencyservice,3,60,1,,,
2026-08-30 01:14:14,autoscaler,customdas-cpu-queue-autoscaler-emailservice,3,60,1,,,
2026-08-30 01:14:14,autoscaler,customdas-cpu-queue-autoscaler-frontend,6,60,1,,,
2026-08-30 01:14:14,autoscaler,customdas-cpu-queue-autoscaler-paymentservice,4,60,1,,,
2026-08-30 01:14:14,autoscaler,customdas-cpu-queue-autoscaler-productcatalogservice,5,60,1,,,
2026-08-30 01:14:14,autoscaler,customdas-cpu-queue-autoscaler-recommendationservice,4,60,1,,,
2026-08-30 01:14:14,autoscaler,customdas-cpu-queue-autoscaler-shippingservice,4,60,1,,,
2026-08-30 01:14:14,node,ze-master-node,2132,4045,,53.3,50.9,
2026-08-30 01:14:14,node,ze-worker-node,2384,1915,,59.6,24.1,
2026-08-30 01:14:22,deployment,adservice,43,94,1,,,
2026-08-30 01:14:22,deployment,cartservice,170,80,2,,,
2026-08-30 01:14:22,deployment,checkoutservice,22,12,1,,,
2026-08-30 01:14:22,deployment,currencyservice,255,114,2,,,
2026-08-30 01:14:22,deployment,emailservice,16,40,1,,,
2026-08-30 01:14:22,deployment,frontend,545,90,7,,,
2026-08-30 01:14:22,http_p95_latency,frontend,,,,,,219.8
2026-08-30 01:14:22,deployment,paymentservice,11,32,1,,,
2026-08-30 01:14:22,deployment,productcatalogservice,309,42,5,,,
2026-08-30 01:14:22,deployment,recommendationservice,190,87,2,,,
2026-08-30 01:14:22,deployment,redis-cart,15,32,1,,,
2026-08-30 01:14:22,deployment,shippingservice,16,9,1,,,
2026-08-30 01:14:22,autoscaler,customdas-cpu-queue-autoscaler-adservice,4,60,1,,,
2026-08-30 01:14:22,autoscaler,customdas-cpu-queue-autoscaler-cartservice,2,60,1,,,
2026-08-30 01:14:22,autoscaler,customdas-cpu-queue-autoscaler-checkoutservice,4,60,1,,,
2026-08-30 01:14:22,autoscaler,customdas-cpu-queue-autoscaler-currencyservice,4,60,1,,,
2026-08-30 01:14:22,autoscaler,customdas-cpu-queue-autoscaler-emailservice,3,60,1,,,
2026-08-30 01:14:22,autoscaler,customdas-cpu-queue-autoscaler-frontend,6,60,1,,,
2026-08-30 01:14:22,autoscaler,customdas-cpu-queue-autoscaler-paymentservice,3,60,1,,,
2026-08-30 01:14:22,autoscaler,customdas-cpu-queue-autoscaler-productcatalogservice,6,60,1,,,
2026-08-30 01:14:22,autoscaler,customdas-cpu-queue-autoscaler-recommendationservice,3,60,1,,,
2026-08-30 01:14:22,autoscaler,customdas-cpu-queue-autoscaler-shippingservice,2,60,1,,,
2026-08-30 01:14:22,node,ze-master-node,2254,4045,,56.4,50.9,
2026-08-30 01:14:22,node,ze-worker-node,2344,1888,,58.6,23.8,
2026-08-30 01:14:30,deployment,adservice,43,94,1,,,
2026-08-30 01:14:30,deployment,cartservice,170,80,2,,,
2026-08-30 01:14:30,deployment,checkoutservice,22,12,1,,,
2026-08-30 01:14:30,deployment,currencyservice,255,114,2,,,
2026-08-30 01:14:30,deployment,emailservice,16,40,1,,,
2026-08-30 01:14:30,deployment,frontend,545,90,7,,,
2026-08-30 01:14:30,http_p95_latency,frontend,,,,,,209.4
2026-08-30 01:14:30,deployment,paymentservice,11,32,1,,,
2026-08-30 01:14:30,deployment,productcatalogservice,309,42,5,,,
2026-08-30 01:14:30,deployment,recommendationservice,190,87,2,,,
2026-08-30 01:14:30,deployment,redis-cart,15,32,1,,,
2026-08-30 01:14:30,deployment,shippingservice,16,9,1,,,
2026-08-30 01:14:30,autoscaler,customdas-cpu-queue-autoscaler-adservice,4,60,1,,,
2026-08-30 01:14:30,autoscaler,customdas-cpu-queue-autoscaler-cartservice,2,60,1,,,
2026-08-30 01:14:30,autoscaler,customdas-cpu-queue-autoscaler-checkoutservice,4,60,1,,,
2026-08-30 01:14:30,autoscaler,customdas-cpu-queue-autoscaler-currencyservice,4,60,1,,,
2026-08-30 01:14:30,autoscaler,customdas-cpu-queue-autoscaler-emailservice,3,60,1,,,
2026-08-30 01:14:30,autoscaler,customdas-cpu-queue-autoscaler-frontend,6,60,1,,,
2026-08-30 01:14:30,autoscaler,customdas-cpu-queue-autoscaler-paymentservice,3,60,1,,,
2026-08-30 01:14:30,autoscaler,customdas-cpu-queue-autoscaler-productcatalogservice,6,60,1,,,
2026-08-30 01:14:30,autoscaler,customdas-cpu-queue-autoscaler-recommendationservice,3,60,1,,,
2026-08-30 01:14:30,autoscaler,customdas-cpu-queue-autoscaler-shippingservice,2,60,1,,,
2026-08-30 01:14:30,node,ze-master-node,2254,4045,,56.4,50.9,
2026-08-30 01:14:30,node,ze-worker-node,2344,1888,,58.6,23.8,
2026-08-30 01:14:37,deployment,adservice,43,94,1,,,
2026-08-30 01:14:37,deployment,cartservice,157,80,2,,,
2026-08-30 01:14:37,deployment,checkoutservice,24,12,1,,,
2026-08-30 01:14:37,deployment,currencyservice,266,126,2,,,
2026-08-30 01:14:37,deployment,emailservice,18,40,1,,,
2026-08-30 01:14:37,deployment,frontend,465,78,6,,,
2026-08-30 01:14:37,http_p95_latency,frontend,,,,,,209.4
2026-08-30 01:14:37,deployment,paymentservice,8,33,1,,,
2026-08-30 01:14:37,deployment,productcatalogservice,302,41,5,,,
2026-08-30 01:14:37,deployment,recommendationservice,190,87,2,,,
2026-08-30 01:14:37,deployment,redis-cart,16,32,1,,,
2026-08-30 01:14:37,deployment,shippingservice,25,9,1,,,
2026-08-30 01:14:37,autoscaler,customdas-cpu-queue-autoscaler-adservice,8,60,1,,,
2026-08-30 01:14:37,autoscaler,customdas-cpu-queue-autoscaler-cartservice,6,60,1,,,
2026-08-30 01:14:37,autoscaler,customdas-cpu-queue-autoscaler-checkoutservice,3,60,1,,,
2026-08-30 01:14:37,autoscaler,customdas-cpu-queue-autoscaler-currencyservice,3,60,1,,,
2026-08-30 01:14:37,autoscaler,customdas-cpu-queue-autoscaler-emailservice,4,60,1,,,
2026-08-30 01:14:37,autoscaler,customdas-cpu-queue-autoscaler-frontend,11,60,1,,,
2026-08-30 01:14:37,autoscaler,customdas-cpu-queue-autoscaler-paymentservice,4,60,1,,,
2026-08-30 01:14:37,autoscaler,customdas-cpu-queue-autoscaler-productcatalogservice,4,60,1,,,
2026-08-30 01:14:37,autoscaler,customdas-cpu-queue-autoscaler-recommendationservice,5,60,1,,,
2026-08-30 01:14:37,autoscaler,customdas-cpu-queue-autoscaler-shippingservice,2,60,1,,,
2026-08-30 01:14:37,node,ze-master-node,2201,4042,,55.0,50.9,
2026-08-30 01:14:37,node,ze-worker-node,2302,1883,,57.6,23.7,
2026-08-30 01:14:45,deployment,adservice,43,94,1,,,
2026-08-30 01:14:45,deployment,cartservice,157,80,2,,,
2026-08-30 01:14:45,deployment,checkoutservice,24,12,1,,,
2026-08-30 01:14:45,deployment,currencyservice,266,126,2,,,
2026-08-30 01:14:45,deployment,emailservice,18,40,1,,,
2026-08-30 01:14:45,deployment,frontend,465,78,6,,,
2026-08-30 01:14:45,http_p95_latency,frontend,,,,,,172.8
2026-08-30 01:14:45,deployment,paymentservice,8,33,1,,,
2026-08-30 01:14:45,deployment,productcatalogservice,302,41,5,,,
2026-08-30 01:14:45,deployment,recommendationservice,190,87,2,,,
2026-08-30 01:14:45,deployment,redis-cart,16,32,1,,,
2026-08-30 01:14:45,deployment,shippingservice,25,9,1,,,
2026-08-30 01:14:45,autoscaler,customdas-cpu-queue-autoscaler-adservice,8,60,1,,,
2026-08-30 01:14:45,autoscaler,customdas-cpu-queue-autoscaler-cartservice,6,60,1,,,
2026-08-30 01:14:45,autoscaler,customdas-cpu-queue-autoscaler-checkoutservice,3,60,1,,,
2026-08-30 01:14:45,autoscaler,customdas-cpu-queue-autoscaler-currencyservice,3,60,1,,,
2026-08-30 01:14:45,autoscaler,customdas-cpu-queue-autoscaler-emailservice,4,60,1,,,
2026-08-30 01:14:45,autoscaler,customdas-cpu-queue-autoscaler-frontend,11,60,1,,,
2026-08-30 01:14:45,autoscaler,customdas-cpu-queue-autoscaler-paymentservice,4,60,1,,,
2026-08-30 01:14:45,autoscaler,customdas-cpu-queue-autoscaler-productcatalogservice,4,60,1,,,
2026-08-30 01:14:45,autoscaler,customdas-cpu-queue-autoscaler-recommendationservice,5,60,1,,,
2026-08-30 01:14:45,autoscaler,customdas-cpu-queue-autoscaler-shippingservice,2,60,1,,,
2026-08-30 01:14:45,node,ze-master-node,2201,4042,,55.0,50.9,
2026-08-30 01:14:45,node,ze-worker-node,2302,1883,,57.6,23.7,
2026-08-30 01:14:52,deployment,adservice,44,94,1,,,
2026-08-30 01:14:52,deployment,cartservice,67,45,2,,,
2026-08-30 01:14:52,deployment,checkoutservice,24,12,1,,,
2026-08-30 01:14:52,deployment,currencyservice,259,126,2,,,
2026-08-30 01:14:52,deployment,emailservice,13,40,1,,,
2026-08-30 01:14:52,deployment,frontend,488,79,6,,,
2026-08-30 01:14:52,http_p95_latency,frontend,,,,,,172.8
2026-08-30 01:14:52,deployment,paymentservice,9,33,1,,,
2026-08-30 01:14:52,deployment,productcatalogservice,239,34,4,,,
2026-08-30 01:14:52,deployment,recommendationservice,187,87,2,,,
2026-08-30 01:14:52,deployment,redis-cart,15,32,1,,,
2026-08-30 01:14:52,deployment,shippingservice,24,9,1,,,
2026-08-30 01:14:52,autoscaler,customdas-cpu-queue-autoscaler-adservice,3,60,1,,,
2026-08-30 01:14:52,autoscaler,customdas-cpu-queue-autoscaler-cartservice,4,60,1,,,
2026-08-30 01:14:52,autoscaler,customdas-cpu-queue-autoscaler-checkoutservice,3,60,1,,,
2026-08-30 01:14:52,autoscaler,customdas-cpu-queue-autoscaler-currencyservice,3,60,1,,,
2026-08-30 01:14:52,autoscaler,customdas-cpu-queue-autoscaler-emailservice,5,60,1,,,
2026-08-30 01:14:52,autoscaler,customdas-cpu-queue-autoscaler-frontend,0,60,1,,,
2026-08-30 01:14:52,autoscaler,customdas-cpu-queue-autoscaler-paymentservice,2,60,1,,,
2026-08-30 01:14:52,autoscaler,customdas-cpu-queue-autoscaler-productcatalogservice,7,60,1,,,
2026-08-30 01:14:52,autoscaler,customdas-cpu-queue-autoscaler-recommendationservice,3,60,1,,,
2026-08-30 01:14:52,autoscaler,customdas-cpu-queue-autoscaler-shippingservice,5,60,1,,,
2026-08-30 01:14:52,node,ze-master-node,2192,4029,,54.8,50.7,
2026-08-30 01:14:52,node,ze-worker-node,2261,1888,,56.5,23.8,
2026-08-30 01:15:02,deployment,adservice,44,94,1,,,
2026-08-30 01:15:02,deployment,cartservice,67,45,1,,,
2026-08-30 01:15:02,deployment,checkoutservice,24,12,1,,,
2026-08-30 01:15:02,deployment,currencyservice,259,126,2,,,
2026-08-30 01:15:02,deployment,emailservice,13,40,1,,,
2026-08-30 01:15:02,deployment,frontend,488,79,6,,,
2026-08-30 01:15:02,http_p95_latency,frontend,,,,,,187.9
2026-08-30 01:15:02,deployment,paymentservice,9,33,1,,,
2026-08-30 01:15:02,deployment,productcatalogservice,239,34,4,,,
2026-08-30 01:15:02,deployment,recommendationservice,187,87,2,,,
2026-08-30 01:15:02,deployment,redis-cart,15,32,1,,,
2026-08-30 01:15:02,deployment,shippingservice,24,9,1,,,
2026-08-30 01:15:02,autoscaler,customdas-cpu-queue-autoscaler-adservice,3,60,1,,,
2026-08-30 01:15:02,autoscaler,customdas-cpu-queue-autoscaler-cartservice,4,60,1,,,
2026-08-30 01:15:02,autoscaler,customdas-cpu-queue-autoscaler-checkoutservice,3,60,1,,,
2026-08-30 01:15:02,autoscaler,customdas-cpu-queue-autoscaler-currencyservice,3,60,1,,,
2026-08-30 01:15:02,autoscaler,customdas-cpu-queue-autoscaler-emailservice,5,60,1,,,
2026-08-30 01:15:02,autoscaler,customdas-cpu-queue-autoscaler-frontend,0,60,1,,,
2026-08-30 01:15:02,autoscaler,customdas-cpu-queue-autoscaler-paymentservice,2,60,1,,,
2026-08-30 01:15:02,autoscaler,customdas-cpu-queue-autoscaler-productcatalogservice,7,60,1,,,
2026-08-30 01:15:02,autoscaler,customdas-cpu-queue-autoscaler-recommendationservice,6,60,1,,,
2026-08-30 01:15:02,autoscaler,customdas-cpu-queue-autoscaler-shippingservice,3,60,1,,,
2026-08-30 01:15:02,node,ze-master-node,2237,4040,,55.9,50.9,
2026-08-30 01:15:02,node,ze-worker-node,2301,1837,,57.5,23.1,
2026-08-30 01:15:10,deployment,adservice,42,94,1,,,
2026-08-30 01:15:10,deployment,cartservice,92,45,1,,,
2026-08-30 01:15:10,deployment,checkoutservice,27,12,1,,,
2026-08-30 01:15:10,deployment,currencyservice,249,127,2,,,
2026-08-30 01:15:10,deployment,emailservice,17,40,1,,,
2026-08-30 01:15:10,deployment,frontend,507,79,6,,,
2026-08-30 01:15:10,http_p95_latency,frontend,,,,,,187.9
2026-08-30 01:15:10,deployment,paymentservice,10,32,1,,,
2026-08-30 01:15:10,deployment,productcatalogservice,241,34,4,,,
2026-08-30 01:15:10,deployment,recommendationservice,186,87,2,,,
2026-08-30 01:15:10,deployment,redis-cart,16,32,1,,,
2026-08-30 01:15:10,deployment,shippingservice,22,9,1,,,
2026-08-30 01:15:10,autoscaler,customdas-cpu-queue-autoscaler-adservice,4,60,1,,,
2026-08-30 01:15:10,autoscaler,customdas-cpu-queue-autoscaler-cartservice,3,60,1,,,
2026-08-30 01:15:10,autoscaler,customdas-cpu-queue-autoscaler-checkoutservice,2,60,1,,,
2026-08-30 01:15:10,autoscaler,customdas-cpu-queue-autoscaler-currencyservice,5,60,1,,,
2026-08-30 01:15:10,autoscaler,customdas-cpu-queue-autoscaler-emailservice,4,60,1,,,
2026-08-30 01:15:10,autoscaler,customdas-cpu-queue-autoscaler-frontend,15,60,1,,,
2026-08-30 01:15:10,autoscaler,customdas-cpu-queue-autoscaler-paymentservice,2,60,1,,,
2026-08-30 01:15:10,autoscaler,customdas-cpu-queue-autoscaler-productcatalogservice,7,60,1,,,
2026-08-30 01:15:10,autoscaler,customdas-cpu-queue-autoscaler-recommendationservice,6,60,1,,,
2026-08-30 01:15:10,autoscaler,customdas-cpu-queue-autoscaler-shippingservice,3,60,1,,,
2026-08-30 01:15:10,node,ze-master-node,2237,4040,,55.9,50.9,
2026-08-30 01:15:10,node,ze-worker-node,2301,1837,,57.5,23.1,
2026-08-30 01:15:21,deployment,adservice,37,94,1,,,
2026-08-30 01:15:21,deployment,cartservice,88,47,1,,,
2026-08-30 01:15:21,deployment,checkoutservice,22,12,1,,,
2026-08-30 01:15:21,deployment,currencyservice,253,128,2,,,
2026-08-30 01:15:21,deployment,emailservice,15,40,1,,,
2026-08-30 01:15:21,deployment,frontend,511,79,6,,,
2026-08-30 01:15:21,http_p95_latency,frontend,,,,,,238.9
2026-08-30 01:15:21,deployment,paymentservice,10,33,1,,,
2026-08-30 01:15:21,deployment,productcatalogservice,273,33,4,,,
2026-08-30 01:15:21,deployment,recommendationservice,174,87,2,,,
2026-08-30 01:15:21,deployment,redis-cart,14,32,1,,,
2026-08-30 01:15:21,deployment,shippingservice,24,9,1,,,
2026-08-30 01:15:21,autoscaler,customdas-cpu-queue-autoscaler-adservice,5,60,1,,,
2026-08-30 01:15:21,autoscaler,customdas-cpu-queue-autoscaler-cartservice,3,60,1,,,
2026-08-30 01:15:21,autoscaler,customdas-cpu-queue-autoscaler-checkoutservice,0,60,1,,,
2026-08-30 01:15:21,autoscaler,customdas-cpu-queue-autoscaler-currencyservice,5,60,1,,,
2026-08-30 01:15:21,autoscaler,customdas-cpu-queue-autoscaler-emailservice,2,60,1,,,
2026-08-30 01:15:21,autoscaler,customdas-cpu-queue-autoscaler-frontend,6,60,1,,,
2026-08-30 01:15:21,autoscaler,customdas-cpu-queue-autoscaler-paymentservice,6,60,1,,,
2026-08-30 01:15:21,autoscaler,customdas-cpu-queue-autoscaler-productcatalogservice,9,60,1,,,
2026-08-30 01:15:21,autoscaler,customdas-cpu-queue-autoscaler-recommendationservice,5,60,1,,,
2026-08-30 01:15:21,autoscaler,customdas-cpu-queue-autoscaler-shippingservice,1,60,1,,,
2026-08-30 01:15:21,node,ze-master-node,2094,4029,,52.3,50.7,
2026-08-30 01:15:21,node,ze-worker-node,2032,1835,,50.8,23.1,
2026-08-30 01:15:28,deployment,adservice,37,94,1,,,
2026-08-30 01:15:28,deployment,cartservice,88,47,1,,,
2026-08-30 01:15:28,deployment,checkoutservice,22,12,1,,,
2026-08-30 01:15:28,deployment,currencyservice,253,128,2,,,
2026-08-30 01:15:28,deployment,emailservice,15,40,1,,,
2026-08-30 01:15:28,deployment,frontend,511,79,6,,,
2026-08-30 01:15:28,http_p95_latency,frontend,,,,,,283.2
2026-08-30 01:15:28,deployment,paymentservice,10,33,1,,,
2026-08-30 01:15:28,deployment,productcatalogservice,273,33,4,,,
2026-08-30 01:15:28,deployment,recommendationservice,174,87,2,,,
2026-08-30 01:15:28,deployment,redis-cart,14,32,1,,,
2026-08-30 01:15:28,deployment,shippingservice,24,9,1,,,
2026-08-30 01:15:28,autoscaler,customdas-cpu-queue-autoscaler-adservice,5,60,1,,,
2026-08-30 01:15:28,autoscaler,customdas-cpu-queue-autoscaler-cartservice,3,60,1,,,
2026-08-30 01:15:28,autoscaler,customdas-cpu-queue-autoscaler-checkoutservice,0,60,1,,,
2026-08-30 01:15:28,autoscaler,customdas-cpu-queue-autoscaler-currencyservice,5,60,1,,,
2026-08-30 01:15:28,autoscaler,customdas-cpu-queue-autoscaler-emailservice,2,60,1,,,
2026-08-30 01:15:28,autoscaler,customdas-cpu-queue-autoscaler-frontend,6,60,1,,,
2026-08-30 01:15:28,autoscaler,customdas-cpu-queue-autoscaler-paymentservice,6,60,1,,,
2026-08-30 01:15:28,autoscaler,customdas-cpu-queue-autoscaler-productcatalogservice,9,60,1,,,
2026-08-30 01:15:28,autoscaler,customdas-cpu-queue-autoscaler-recommendationservice,5,60,1,,,
2026-08-30 01:15:28,autoscaler,customdas-cpu-queue-autoscaler-shippingservice,1,60,1,,,
2026-08-30 01:15:28,node,ze-master-node,2094,4029,,52.3,50.7,
2026-08-30 01:15:28,node,ze-worker-node,2032,1835,,50.8,23.1,
2026-08-30 01:15:37,deployment,adservice,42,94,1,,,
2026-08-30 01:15:37,deployment,cartservice,90,45,1,,,
2026-08-30 01:15:37,deployment,checkoutservice,19,12,1,,,
2026-08-30 01:15:37,deployment,currencyservice,246,126,2,,,
2026-08-30 01:15:37,deployment,emailservice,17,45,1,,,
2026-08-30 01:15:37,deployment,frontend,480,79,6,,,
2026-08-30 01:15:37,http_p95_latency,frontend,,,,,,283.2
2026-08-30 01:15:37,deployment,paymentservice,8,32,1,,,
2026-08-30 01:15:37,deployment,productcatalogservice,265,34,4,,,
2026-08-30 01:15:37,deployment,recommendationservice,177,87,2,,,
2026-08-30 01:15:37,deployment,redis-cart,14,32,1,,,
2026-08-30 01:15:37,deployment,shippingservice,22,9,1,,,
2026-08-30 01:15:37,autoscaler,customdas-cpu-queue-autoscaler-adservice,5,60,1,,,
2026-08-30 01:15:37,autoscaler,customdas-cpu-queue-autoscaler-cartservice,4,60,1,,,
2026-08-30 01:15:37,autoscaler,customdas-cpu-queue-autoscaler-checkoutservice,4,60,1,,,
2026-08-30 01:15:37,autoscaler,customdas-cpu-queue-autoscaler-currencyservice,4,60,1,,,
2026-08-30 01:15:37,autoscaler,customdas-cpu-queue-autoscaler-emailservice,3,60,1,,,
2026-08-30 01:15:37,autoscaler,customdas-cpu-queue-autoscaler-frontend,6,60,1,,,
2026-08-30 01:15:37,autoscaler,customdas-cpu-queue-autoscaler-paymentservice,4,60,1,,,
2026-08-30 01:15:37,autoscaler,customdas-cpu-queue-autoscaler-productcatalogservice,4,60,1,,,
2026-08-30 01:15:37,autoscaler,customdas-cpu-queue-autoscaler-recommendationservice,0,60,1,,,
2026-08-30 01:15:37,autoscaler,customdas-cpu-queue-autoscaler-shippingservice,4,60,1,,,
2026-08-30 01:15:37,node,ze-master-node,2088,4039,,52.2,50.9,
2026-08-30 01:15:37,node,ze-worker-node,1976,1836,,49.4,23.1,
2026-08-30 01:15:44,deployment,adservice,42,94,1,,,
2026-08-30 01:15:44,deployment,cartservice,90,45,1,,,
2026-08-30 01:15:44,deployment,checkoutservice,19,12,1,,,
2026-08-30 01:15:44,deployment,currencyservice,246,126,2,,,
2026-08-30 01:15:44,deployment,emailservice,17,45,1,,,
2026-08-30 01:15:44,deployment,frontend,480,79,6,,,
2026-08-30 01:15:44,http_p95_latency,frontend,,,,,,435.0
2026-08-30 01:15:44,deployment,paymentservice,8,32,1,,,
2026-08-30 01:15:44,deployment,productcatalogservice,265,34,4,,,
2026-08-30 01:15:44,deployment,recommendationservice,177,87,2,,,
2026-08-30 01:15:44,deployment,redis-cart,14,32,1,,,
2026-08-30 01:15:44,deployment,shippingservice,22,9,1,,,
2026-08-30 01:15:44,autoscaler,customdas-cpu-queue-autoscaler-adservice,5,60,1,,,
2026-08-30 01:15:44,autoscaler,customdas-cpu-queue-autoscaler-cartservice,4,60,1,,,
2026-08-30 01:15:44,autoscaler,customdas-cpu-queue-autoscaler-checkoutservice,4,60,1,,,
2026-08-30 01:15:44,autoscaler,customdas-cpu-queue-autoscaler-currencyservice,4,60,1,,,
2026-08-30 01:15:44,autoscaler,customdas-cpu-queue-autoscaler-emailservice,3,60,1,,,
2026-08-30 01:15:44,autoscaler,customdas-cpu-queue-autoscaler-frontend,6,60,1,,,
2026-08-30 01:15:44,autoscaler,customdas-cpu-queue-autoscaler-paymentservice,4,60,1,,,
2026-08-30 01:15:44,autoscaler,customdas-cpu-queue-autoscaler-productcatalogservice,4,60,1,,,
2026-08-30 01:15:44,autoscaler,customdas-cpu-queue-autoscaler-recommendationservice,0,60,1,,,
2026-08-30 01:15:44,autoscaler,customdas-cpu-queue-autoscaler-shippingservice,4,60,1,,,
2026-08-30 01:15:44,node,ze-master-node,2088,4039,,52.2,50.9,
2026-08-30 01:15:44,node,ze-worker-node,1976,1836,,49.4,23.1,
2026-08-30 01:15:52,deployment,adservice,39,94,1,,,
2026-08-30 01:15:52,deployment,cartservice,118,45,1,,,
2026-08-30 01:15:52,deployment,checkoutservice,25,12,1,,,
2026-08-30 01:15:52,deployment,currencyservice,260,126,2,,,
2026-08-30 01:15:52,deployment,emailservice,15,40,1,,,
2026-08-30 01:15:52,deployment,frontend,515,79,6,,,
2026-08-30 01:15:52,http_p95_latency,frontend,,,,,,435.0
2026-08-30 01:15:52,deployment,paymentservice,10,32,1,,,
2026-08-30 01:15:52,deployment,productcatalogservice,282,33,4,,,
2026-08-30 01:15:52,deployment,recommendationservice,183,87,2,,,
2026-08-30 01:15:52,deployment,redis-cart,15,32,1,,,
2026-08-30 01:15:52,deployment,shippingservice,24,9,1,,,
2026-08-30 01:15:52,autoscaler,customdas-cpu-queue-autoscaler-adservice,5,60,1,,,
2026-08-30 01:15:52,autoscaler,customdas-cpu-queue-autoscaler-cartservice,6,60,1,,,
2026-08-30 01:15:52,autoscaler,customdas-cpu-queue-autoscaler-checkoutservice,4,60,1,,,
2026-08-30 01:15:52,autoscaler,customdas-cpu-queue-autoscaler-currencyservice,4,60,1,,,
2026-08-30 01:15:52,autoscaler,customdas-cpu-queue-autoscaler-emailservice,4,60,1,,,
2026-08-30 01:15:52,autoscaler,customdas-cpu-queue-autoscaler-frontend,9,60,1,,,
2026-08-30 01:15:52,autoscaler,customdas-cpu-queue-autoscaler-paymentservice,4,60,1,,,
2026-08-30 01:15:52,autoscaler,customdas-cpu-queue-autoscaler-productcatalogservice,5,60,1,,,
2026-08-30 01:15:52,autoscaler,customdas-cpu-queue-autoscaler-recommendationservice,7,60,1,,,
2026-08-30 01:15:52,autoscaler,customdas-cpu-queue-autoscaler-shippingservice,3,60,1,,,
2026-08-30 01:15:52,node,ze-master-node,2266,4027,,56.6,50.7,
2026-08-30 01:15:52,node,ze-worker-node,2018,1836,,50.4,23.1,
2026-08-30 01:15:59,deployment,adservice,39,94,1,,,
2026-08-30 01:15:59,deployment,cartservice,118,45,1,,,
2026-08-30 01:15:59,deployment,checkoutservice,25,12,1,,,
2026-08-30 01:15:59,deployment,currencyservice,260,126,2,,,
2026-08-30 01:15:59,deployment,emailservice,15,40,1,,,
2026-08-30 01:15:59,deployment,frontend,515,79,6,,,
2026-08-30 01:15:59,http_p95_latency,frontend,,,,,,243.4
2026-08-30 01:15:59,deployment,paymentservice,10,32,1,,,
2026-08-30 01:15:59,deployment,productcatalogservice,282,33,4,,,
2026-08-30 01:15:59,deployment,recommendationservice,183,87,2,,,
2026-08-30 01:15:59,deployment,redis-cart,15,32,1,,,
2026-08-30 01:15:59,deployment,shippingservice,24,9,1,,,
2026-08-30 01:15:59,autoscaler,customdas-cpu-queue-autoscaler-adservice,5,60,1,,,
2026-08-30 01:15:59,autoscaler,customdas-cpu-queue-autoscaler-cartservice,6,60,1,,,
2026-08-30 01:15:59,autoscaler,customdas-cpu-queue-autoscaler-checkoutservice,4,60,1,,,
2026-08-30 01:15:59,autoscaler,customdas-cpu-queue-autoscaler-currencyservice,4,60,1,,,
2026-08-30 01:15:59,autoscaler,customdas-cpu-queue-autoscaler-emailservice,4,60,1,,,
2026-08-30 01:15:59,autoscaler,customdas-cpu-queue-autoscaler-frontend,9,60,1,,,
2026-08-30 01:15:59,autoscaler,customdas-cpu-queue-autoscaler-paymentservice,4,60,1,,,
2026-08-30 01:15:59,autoscaler,customdas-cpu-queue-autoscaler-productcatalogservice,5,60,1,,,
2026-08-30 01:15:59,autoscaler,customdas-cpu-queue-autoscaler-recommendationservice,7,60,1,,,
2026-08-30 01:15:59,autoscaler,customdas-cpu-queue-autoscaler-shippingservice,3,60,1,,,
2026-08-30 01:15:59,node,ze-master-node,2266,4027,,56.6,50.7,
2026-08-30 01:15:59,node,ze-worker-node,2018,1836,,50.4,23.1,
2026-08-30 01:16:07,deployment,adservice,43,94,1,,,
2026-08-30 01:16:07,deployment,cartservice,136,45,1,,,
2026-08-30 01:16:07,deployment,checkoutservice,22,12,1,,,
2026-08-30 01:16:07,deployment,currencyservice,268,127,2,,,
2026-08-30 01:16:07,deployment,emailservice,14,40,1,,,
2026-08-30 01:16:07,deployment,frontend,553,79,6,,,
2026-08-30 01:16:07,http_p95_latency,frontend,,,,,,243.4
2026-08-30 01:16:07,deployment,paymentservice,11,32,1,,,
2026-08-30 01:16:07,deployment,productcatalogservice,297,33,4,,,
2026-08-30 01:16:07,deployment,recommendationservice,198,87,2,,,
2026-08-30 01:16:07,deployment,redis-cart,51,32,1,,,
2026-08-30 01:16:07,deployment,shippingservice,25,9,1,,,
2026-08-30 01:16:07,autoscaler,customdas-cpu-queue-autoscaler-adservice,4,60,1,,,
2026-08-30 01:16:07,autoscaler,customdas-cpu-queue-autoscaler-cartservice,2,60,1,,,
2026-08-30 01:16:07,autoscaler,customdas-cpu-queue-autoscaler-checkoutservice,6,60,1,,,
2026-08-30 01:16:07,autoscaler,customdas-cpu-queue-autoscaler-currencyservice,3,60,1,,,
2026-08-30 01:16:07,autoscaler,customdas-cpu-queue-autoscaler-emailservice,5,60,1,,,
2026-08-30 01:16:07,autoscaler,customdas-cpu-queue-autoscaler-frontend,9,60,1,,,
2026-08-30 01:16:07,autoscaler,customdas-cpu-queue-autoscaler-paymentservice,0,60,1,,,
2026-08-30 01:16:07,autoscaler,customdas-cpu-queue-autoscaler-productcatalogservice,0,60,1,,,
2026-08-30 01:16:07,autoscaler,customdas-cpu-queue-autoscaler-recommendationservice,3,60,1,,,
2026-08-30 01:16:07,autoscaler,customdas-cpu-queue-autoscaler-shippingservice,4,60,1,,,
2026-08-30 01:16:07,node,ze-master-node,2294,4038,,57.4,50.9,
2026-08-30 01:16:07,node,ze-worker-node,2277,1836,,56.9,23.1,
2026-08-30 01:16:14,deployment,adservice,43,94,1,,,
2026-08-30 01:16:14,deployment,cartservice,136,45,1,,,
2026-08-30 01:16:14,deployment,checkoutservice,22,12,1,,,
2026-08-30 01:16:14,deployment,currencyservice,268,127,2,,,
2026-08-30 01:16:14,deployment,emailservice,14,40,1,,,
2026-08-30 01:16:14,deployment,frontend,553,79,6,,,
2026-08-30 01:16:14,http_p95_latency,frontend,,,,,,238.8
2026-08-30 01:16:14,deployment,paymentservice,11,32,1,,,
2026-08-30 01:16:14,deployment,productcatalogservice,297,33,4,,,
2026-08-30 01:16:14,deployment,recommendationservice,198,87,2,,,
2026-08-30 01:16:14,deployment,redis-cart,51,32,1,,,
2026-08-30 01:16:14,deployment,shippingservice,25,9,1,,,
2026-08-30 01:16:14,autoscaler,customdas-cpu-queue-autoscaler-adservice,4,60,1,,,
2026-08-30 01:16:14,autoscaler,customdas-cpu-queue-autoscaler-cartservice,2,60,1,,,
2026-08-30 01:16:14,autoscaler,customdas-cpu-queue-autoscaler-checkoutservice,6,60,1,,,
2026-08-30 01:16:14,autoscaler,customdas-cpu-queue-autoscaler-currencyservice,3,60,1,,,
2026-08-30 01:16:14,autoscaler,customdas-cpu-queue-autoscaler-emailservice,5,60,1,,,
2026-08-30 01:16:14,autoscaler,customdas-cpu-queue-autoscaler-frontend,9,60,1,,,
2026-08-30 01:16:14,autoscaler,customdas-cpu-queue-autoscaler-paymentservice,0,60,1,,,
2026-08-30 01:16:14,autoscaler,customdas-cpu-queue-autoscaler-productcatalogservice,0,60,1,,,
2026-08-30 01:16:14,autoscaler,customdas-cpu-queue-autoscaler-recommendationservice,3,60,1,,,
2026-08-30 01:16:14,autoscaler,customdas-cpu-queue-autoscaler-shippingservice,4,60,1,,,
2026-08-30 01:16:14,node,ze-master-node,2294,4038,,57.4,50.9,
2026-08-30 01:16:14,node,ze-worker-node,2277,1836,,56.9,23.1,
2026-08-30 01:16:22,deployment,adservice,51,94,1,,,
2026-08-30 01:16:22,deployment,cartservice,136,45,1,,,
2026-08-30 01:16:22,deployment,checkoutservice,32,12,1,,,
2026-08-30 01:16:22,deployment,currencyservice,285,127,2,,,
2026-08-30 01:16:22,deployment,emailservice,18,40,1,,,
2026-08-30 01:16:22,deployment,frontend,595,79,6,,,
2026-08-30 01:16:22,http_p95_latency,frontend,,,,,,238.8
2026-08-30 01:16:22,deployment,paymentservice,9,33,1,,,
2026-08-30 01:16:22,deployment,productcatalogservice,320,33,4,,,
2026-08-30 01:16:22,deployment,recommendationservice,210,87,2,,,
2026-08-30 01:16:22,deployment,redis-cart,17,32,1,,,
2026-08-30 01:16:22,deployment,shippingservice,25,9,1,,,
2026-08-30 01:16:22,autoscaler,customdas-cpu-queue-autoscaler-adservice,4,60,1,,,
2026-08-30 01:16:22,autoscaler,customdas-cpu-queue-autoscaler-cartservice,3,60,1,,,
2026-08-30 01:16:22,autoscaler,customdas-cpu-queue-autoscaler-checkoutservice,2,60,1,,,
2026-08-30 01:16:22,autoscaler,customdas-cpu-queue-autoscaler-currencyservice,3,60,1,,,
2026-08-30 01:16:22,autoscaler,customdas-cpu-queue-autoscaler-emailservice,5,60,1,,,
2026-08-30 01:16:22,autoscaler,customdas-cpu-queue-autoscaler-frontend,3,60,1,,,
2026-08-30 01:16:22,autoscaler,customdas-cpu-queue-autoscaler-paymentservice,5,60,1,,,
2026-08-30 01:16:22,autoscaler,customdas-cpu-queue-autoscaler-productcatalogservice,6,60,1,,,
2026-08-30 01:16:22,autoscaler,customdas-cpu-queue-autoscaler-recommendationservice,3,60,1,,,
2026-08-30 01:16:22,autoscaler,customdas-cpu-queue-autoscaler-shippingservice,3,60,1,,,
2026-08-30 01:16:22,node,ze-master-node,2316,4051,,57.9,51.0,
2026-08-30 01:16:22,node,ze-worker-node,2288,1836,,57.2,23.1,
2026-08-30 01:16:30,deployment,adservice,51,94,1,,,
2026-08-30 01:16:30,deployment,cartservice,136,45,1,,,
2026-08-30 01:16:30,deployment,checkoutservice,32,12,1,,,
2026-08-30 01:16:30,deployment,currencyservice,285,127,2,,,
2026-08-30 01:16:30,deployment,emailservice,18,40,1,,,
2026-08-30 01:16:30,deployment,frontend,595,79,6,,,
2026-08-30 01:16:30,http_p95_latency,frontend,,,,,,217.8
2026-08-30 01:16:30,deployment,paymentservice,9,33,1,,,
2026-08-30 01:16:30,deployment,productcatalogservice,320,33,4,,,
2026-08-30 01:16:30,deployment,recommendationservice,210,87,2,,,
2026-08-30 01:16:30,deployment,redis-cart,17,32,1,,,
2026-08-30 01:16:30,deployment,shippingservice,25,9,1,,,
2026-08-30 01:16:30,autoscaler,customdas-cpu-queue-autoscaler-adservice,4,60,1,,,
2026-08-30 01:16:30,autoscaler,customdas-cpu-queue-autoscaler-cartservice,3,60,1,,,
2026-08-30 01:16:30,autoscaler,customdas-cpu-queue-autoscaler-checkoutservice,2,60,1,,,
2026-08-30 01:16:30,autoscaler,customdas-cpu-queue-autoscaler-currencyservice,3,60,1,,,
2026-08-30 01:16:30,autoscaler,customdas-cpu-queue-autoscaler-emailservice,5,60,1,,,
2026-08-30 01:16:30,autoscaler,customdas-cpu-queue-autoscaler-frontend,3,60,1,,,
2026-08-30 01:16:30,autoscaler,customdas-cpu-queue-autoscaler-paymentservice,5,60,1,,,
2026-08-30 01:16:30,autoscaler,customdas-cpu-queue-autoscaler-productcatalogservice,6,60,1,,,
2026-08-30 01:16:30,autoscaler,customdas-cpu-queue-autoscaler-recommendationservice,3,60,1,,,
2026-08-30 01:16:30,autoscaler,customdas-cpu-queue-autoscaler-shippingservice,3,60,1,,,
2026-08-30 01:16:30,node,ze-master-node,2316,4051,,57.9,51.0,
2026-08-30 01:16:30,node,ze-worker-node,2288,1836,,57.2,23.1,
2026-08-30 01:16:37,deployment,adservice,46,94,1,,,
2026-08-30 01:16:37,deployment,cartservice,135,45,1,,,
2026-08-30 01:16:37,deployment,checkoutservice,29,12,1,,,
2026-08-30 01:16:37,deployment,currencyservice,285,127,2,,,
2026-08-30 01:16:37,deployment,emailservice,16,40,1,,,
2026-08-30 01:16:37,deployment,frontend,589,79,6,,,
2026-08-30 01:16:37,http_p95_latency,frontend,,,,,,217.8
2026-08-30 01:16:37,deployment,paymentservice,10,33,1,,,
2026-08-30 01:16:37,deployment,productcatalogservice,317,34,4,,,
2026-08-30 01:16:37,deployment,recommendationservice,205,87,2,,,
2026-08-30 01:16:37,deployment,redis-cart,18,32,1,,,
2026-08-30 01:16:37,deployment,shippingservice,26,9,1,,,
2026-08-30 01:16:37,autoscaler,customdas-cpu-queue-autoscaler-adservice,5,60,1,,,
2026-08-30 01:16:37,autoscaler,customdas-cpu-queue-autoscaler-cartservice,2,60,1,,,
2026-08-30 01:16:37,autoscaler,customdas-cpu-queue-autoscaler-checkoutservice,2,60,1,,,
2026-08-30 01:16:37,autoscaler,customdas-cpu-queue-autoscaler-currencyservice,4,60,1,,,
2026-08-30 01:16:37,autoscaler,customdas-cpu-queue-autoscaler-emailservice,3,60,1,,,
2026-08-30 01:16:37,autoscaler,customdas-cpu-queue-autoscaler-frontend,5,60,1,,,
2026-08-30 01:16:37,autoscaler,customdas-cpu-queue-autoscaler-paymentservice,5,60,1,,,
2026-08-30 01:16:37,autoscaler,customdas-cpu-queue-autoscaler-productcatalogservice,3,60,1,,,
2026-08-30 01:16:37,autoscaler,customdas-cpu-queue-autoscaler-recommendationservice,3,60,1,,,
2026-08-30 01:16:37,autoscaler,customdas-cpu-queue-autoscaler-shippingservice,3,60,1,,,
2026-08-30 01:16:37,node,ze-master-node,2412,4062,,60.3,51.2,
2026-08-30 01:16:37,node,ze-worker-node,2291,1837,,57.3,23.1,
2026-08-30 01:16:46,deployment,adservice,46,94,1,,,
2026-08-30 01:16:46,deployment,cartservice,135,45,2,,,
2026-08-30 01:16:46,deployment,checkoutservice,29,12,1,,,
2026-08-30 01:16:46,deployment,currencyservice,285,127,2,,,
2026-08-30 01:16:46,deployment,emailservice,16,40,1,,,
2026-08-30 01:16:46,deployment,frontend,473,67,5,,,
2026-08-30 01:16:46,http_p95_latency,frontend,,,,,,233.6
2026-08-30 01:16:46,deployment,paymentservice,10,33,1,,,
2026-08-30 01:16:46,deployment,productcatalogservice,317,34,4,,,
2026-08-30 01:16:46,deployment,recommendationservice,205,87,2,,,
2026-08-30 01:16:46,deployment,redis-cart,18,32,1,,,
2026-08-30 01:16:46,deployment,shippingservice,26,9,1,,,
2026-08-30 01:16:46,autoscaler,customdas-cpu-queue-autoscaler-adservice,5,60,1,,,
2026-08-30 01:16:46,autoscaler,customdas-cpu-queue-autoscaler-cartservice,2,60,1,,,
2026-08-30 01:16:46,autoscaler,customdas-cpu-queue-autoscaler-checkoutservice,2,60,1,,,
2026-08-30 01:16:46,autoscaler,customdas-cpu-queue-autoscaler-currencyservice,4,60,1,,,
2026-08-30 01:16:46,autoscaler,customdas-cpu-queue-autoscaler-emailservice,3,60,1,,,
2026-08-30 01:16:46,autoscaler,customdas-cpu-queue-autoscaler-frontend,5,60,1,,,
2026-08-30 01:16:46,autoscaler,customdas-cpu-queue-autoscaler-paymentservice,5,60,1,,,
2026-08-30 01:16:46,autoscaler,customdas-cpu-queue-autoscaler-productcatalogservice,3,60,1,,,
2026-08-30 01:16:46,autoscaler,customdas-cpu-queue-autoscaler-recommendationservice,3,60,1,,,
2026-08-30 01:16:46,autoscaler,customdas-cpu-queue-autoscaler-shippingservice,3,60,1,,,
2026-08-30 01:16:46,node,ze-master-node,2412,4062,,60.3,51.2,
2026-08-30 01:16:46,node,ze-worker-node,2291,1837,,57.3,23.1,
2026-08-30 01:16:53,deployment,adservice,46,94,1,,,
2026-08-30 01:16:53,deployment,cartservice,113,45,2,,,
2026-08-30 01:16:53,deployment,checkoutservice,27,12,1,,,
2026-08-30 01:16:53,deployment,currencyservice,273,127,2,,,
2026-08-30 01:16:53,deployment,emailservice,17,40,1,,,
2026-08-30 01:16:53,deployment,frontend,481,67,5,,,
2026-08-30 01:16:53,http_p95_latency,frontend,,,,,,233.6
2026-08-30 01:16:53,deployment,paymentservice,10,33,1,,,
2026-08-30 01:16:53,deployment,productcatalogservice,321,34,4,,,
2026-08-30 01:16:53,deployment,recommendationservice,212,87,2,,,
2026-08-30 01:16:53,deployment,redis-cart,17,32,1,,,
2026-08-30 01:16:53,deployment,shippingservice,25,9,1,,,
2026-08-30 01:16:53,autoscaler,customdas-cpu-queue-autoscaler-adservice,5,60,1,,,
2026-08-30 01:16:53,autoscaler,customdas-cpu-queue-autoscaler-cartservice,4,60,1,,,
2026-08-30 01:16:53,autoscaler,customdas-cpu-queue-autoscaler-checkoutservice,5,60,1,,,
2026-08-30 01:16:53,autoscaler,customdas-cpu-queue-autoscaler-currencyservice,3,60,1,,,
2026-08-30 01:16:53,autoscaler,customdas-cpu-queue-autoscaler-emailservice,5,60,1,,,
2026-08-30 01:16:53,autoscaler,customdas-cpu-queue-autoscaler-frontend,8,60,1,,,
2026-08-30 01:16:53,autoscaler,customdas-cpu-queue-autoscaler-paymentservice,4,60,1,,,
2026-08-30 01:16:53,autoscaler,customdas-cpu-queue-autoscaler-productcatalogservice,8,60,1,,,
2026-08-30 01:16:53,autoscaler,customdas-cpu-queue-autoscaler-recommendationservice,3,60,1,,,
2026-08-30 01:16:53,autoscaler,customdas-cpu-queue-autoscaler-shippingservice,4,60,1,,,
2026-08-30 01:16:53,node,ze-master-node,2342,4036,,58.6,50.8,
2026-08-30 01:16:53,node,ze-worker-node,2256,1851,,56.4,23.3,
2026-08-30 01:17:02,deployment,adservice,46,94,1,,,
2026-08-30 01:17:02,deployment,cartservice,113,45,2,,,
2026-08-30 01:17:02,deployment,checkoutservice,27,12,1,,,
2026-08-30 01:17:02,deployment,currencyservice,273,127,2,,,
2026-08-30 01:17:02,deployment,emailservice,17,40,1,,,
2026-08-30 01:17:02,deployment,frontend,481,67,5,,,
2026-08-30 01:17:02,http_p95_latency,frontend,,,,,,299.2
2026-08-30 01:17:02,deployment,paymentservice,10,33,1,,,
2026-08-30 01:17:02,deployment,productcatalogservice,321,34,4,,,
2026-08-30 01:17:02,deployment,recommendationservice,212,87,2,,,
2026-08-30 01:17:02,deployment,redis-cart,17,32,1,,,
2026-08-30 01:17:02,deployment,shippingservice,25,9,1,,,
2026-08-30 01:17:02,autoscaler,customdas-cpu-queue-autoscaler-adservice,5,60,1,,,
2026-08-30 01:17:02,autoscaler,customdas-cpu-queue-autoscaler-cartservice,4,60,1,,,
2026-08-30 01:17:02,autoscaler,customdas-cpu-queue-autoscaler-checkoutservice,3,60,1,,,
2026-08-30 01:17:02,autoscaler,customdas-cpu-queue-autoscaler-currencyservice,4,60,1,,,
2026-08-30 01:17:02,autoscaler,customdas-cpu-queue-autoscaler-emailservice,2,60,1,,,
2026-08-30 01:17:02,autoscaler,customdas-cpu-queue-autoscaler-frontend,6,60,1,,,
2026-08-30 01:17:02,autoscaler,customdas-cpu-queue-autoscaler-paymentservice,4,60,1,,,
2026-08-30 01:17:02,autoscaler,customdas-cpu-queue-autoscaler-productcatalogservice,8,60,1,,,
2026-08-30 01:17:02,autoscaler,customdas-cpu-queue-autoscaler-recommendationservice,4,60,1,,,
2026-08-30 01:17:02,autoscaler,customdas-cpu-queue-autoscaler-shippingservice,6,60,1,,,
2026-08-30 01:17:02,node,ze-master-node,2485,4047,,62.1,51.0,
2026-08-30 01:17:02,node,ze-worker-node,2373,1848,,59.3,23.3,
2026-08-30 01:17:10,deployment,adservice,50,94,1,,,
2026-08-30 01:17:10,deployment,cartservice,108,59,2,,,
2026-08-30 01:17:10,deployment,checkoutservice,30,11,1,,,
2026-08-30 01:17:10,deployment,currencyservice,296,126,2,,,
2026-08-30 01:17:10,deployment,emailservice,13,40,1,,,
2026-08-30 01:17:10,deployment,frontend,608,66,5,,,
2026-08-30 01:17:10,http_p95_latency,frontend,,,,,,299.2
2026-08-30 01:17:10,deployment,paymentservice,7,33,1,,,
2026-08-30 01:17:10,deployment,productcatalogservice,324,34,4,,,
2026-08-30 01:17:10,deployment,recommendationservice,204,87,2,,,
2026-08-30 01:17:10,deployment,redis-cart,16,32,1,,,
2026-08-30 01:17:10,deployment,shippingservice,26,9,1,,,
2026-08-30 01:17:10,autoscaler,customdas-cpu-queue-autoscaler-adservice,3,60,1,,,
2026-08-30 01:17:10,autoscaler,customdas-cpu-queue-autoscaler-cartservice,3,60,1,,,
2026-08-30 01:17:10,autoscaler,customdas-cpu-queue-autoscaler-checkoutservice,3,60,1,,,
2026-08-30 01:17:10,autoscaler,customdas-cpu-queue-autoscaler-currencyservice,4,60,1,,,
2026-08-30 01:17:10,autoscaler,customdas-cpu-queue-autoscaler-emailservice,2,60,1,,,
2026-08-30 01:17:10,autoscaler,customdas-cpu-queue-autoscaler-frontend,6,60,1,,,
2026-08-30 01:17:10,autoscaler,customdas-cpu-queue-autoscaler-paymentservice,4,60,1,,,
2026-08-30 01:17:10,autoscaler,customdas-cpu-queue-autoscaler-productcatalogservice,8,60,1,,,
2026-08-30 01:17:10,autoscaler,customdas-cpu-queue-autoscaler-recommendationservice,4,60,1,,,
2026-08-30 01:17:10,autoscaler,customdas-cpu-queue-autoscaler-shippingservice,6,60,1,,,
2026-08-30 01:17:10,node,ze-master-node,2485,4047,,62.1,51.0,
2026-08-30 01:17:10,node,ze-worker-node,2373,1848,,59.3,23.3,
2026-08-30 01:17:19,deployment,adservice,47,94,1,,,
2026-08-30 01:17:19,deployment,cartservice,238,65,2,,,
2026-08-30 01:17:19,deployment,checkoutservice,26,12,1,,,
2026-08-30 01:17:19,deployment,currencyservice,275,127,2,,,
2026-08-30 01:17:19,deployment,emailservice,17,40,1,,,
2026-08-30 01:17:19,deployment,frontend,582,67,5,,,
2026-08-30 01:17:19,http_p95_latency,frontend,,,,,,248.8
2026-08-30 01:17:19,deployment,paymentservice,10,33,1,,,
2026-08-30 01:17:19,deployment,productcatalogservice,324,34,5,,,
2026-08-30 01:17:19,deployment,recommendationservice,222,87,2,,,
2026-08-30 01:17:19,deployment,redis-cart,17,32,1,,,
2026-08-30 01:17:19,deployment,shippingservice,25,9,1,,,
2026-08-30 01:17:19,autoscaler,customdas-cpu-queue-autoscaler-adservice,4,60,1,,,
2026-08-30 01:17:19,autoscaler,customdas-cpu-queue-autoscaler-cartservice,3,60,1,,,
2026-08-30 01:17:19,autoscaler,customdas-cpu-queue-autoscaler-checkoutservice,2,60,1,,,
2026-08-30 01:17:19,autoscaler,customdas-cpu-queue-autoscaler-currencyservice,3,60,1,,,
2026-08-30 01:17:19,autoscaler,customdas-cpu-queue-autoscaler-emailservice,3,60,1,,,
2026-08-30 01:17:19,autoscaler,customdas-cpu-queue-autoscaler-frontend,6,60,1,,,
2026-08-30 01:17:19,autoscaler,customdas-cpu-queue-autoscaler-paymentservice,4,60,1,,,
2026-08-30 01:17:19,autoscaler,customdas-cpu-queue-autoscaler-productcatalogservice,5,60,1,,,
2026-08-30 01:17:19,autoscaler,customdas-cpu-queue-autoscaler-recommendationservice,2,60,1,,,
2026-08-30 01:17:19,autoscaler,customdas-cpu-queue-autoscaler-shippingservice,3,60,1,,,
2026-08-30 01:17:19,node,ze-master-node,2372,4049,,59.3,51.0,
2026-08-30 01:17:19,node,ze-worker-node,2324,1882,,58.1,23.7,
2026-08-30 01:17:28,deployment,adservice,47,94,1,,,
2026-08-30 01:17:28,deployment,cartservice,238,65,2,,,
2026-08-30 01:17:28,deployment,checkoutservice,26,12,1,,,
2026-08-30 01:17:28,deployment,currencyservice,275,127,2,,,
2026-08-30 01:17:28,deployment,emailservice,17,40,1,,,
2026-08-30 01:17:28,deployment,frontend,582,67,6,,,
2026-08-30 01:17:28,http_p95_latency,frontend,,,,,,447.1
2026-08-30 01:17:28,deployment,paymentservice,10,33,1,,,
2026-08-30 01:17:28,deployment,productcatalogservice,324,34,5,,,
2026-08-30 01:17:28,deployment,recommendationservice,222,87,2,,,
2026-08-30 01:17:28,deployment,redis-cart,17,32,1,,,
2026-08-30 01:17:28,deployment,shippingservice,25,9,1,,,
2026-08-30 01:17:28,autoscaler,customdas-cpu-queue-autoscaler-adservice,4,60,1,,,
2026-08-30 01:17:28,autoscaler,customdas-cpu-queue-autoscaler-cartservice,3,60,1,,,
2026-08-30 01:17:28,autoscaler,customdas-cpu-queue-autoscaler-checkoutservice,2,60,1,,,
2026-08-30 01:17:28,autoscaler,customdas-cpu-queue-autoscaler-currencyservice,3,60,1,,,
2026-08-30 01:17:28,autoscaler,customdas-cpu-queue-autoscaler-emailservice,3,60,1,,,
2026-08-30 01:17:28,autoscaler,customdas-cpu-queue-autoscaler-frontend,6,60,1,,,
2026-08-30 01:17:28,autoscaler,customdas-cpu-queue-autoscaler-paymentservice,4,60,1,,,
2026-08-30 01:17:28,autoscaler,customdas-cpu-queue-autoscaler-productcatalogservice,5,60,1,,,
2026-08-30 01:17:28,autoscaler,customdas-cpu-queue-autoscaler-recommendationservice,2,60,1,,,
2026-08-30 01:17:28,autoscaler,customdas-cpu-queue-autoscaler-shippingservice,3,60,1,,,
2026-08-30 01:17:28,node,ze-master-node,2372,4049,,59.3,51.0,
2026-08-30 01:17:28,node,ze-worker-node,2324,1882,,58.1,23.7,
2026-08-30 01:17:36,deployment,adservice,49,94,1,,,
2026-08-30 01:17:36,deployment,cartservice,257,74,2,,,
2026-08-30 01:17:36,deployment,checkoutservice,33,12,1,,,
2026-08-30 01:17:36,deployment,currencyservice,280,128,2,,,
2026-08-30 01:17:36,deployment,emailservice,15,40,1,,,
2026-08-30 01:17:36,deployment,frontend,585,67,6,,,
2026-08-30 01:17:36,http_p95_latency,frontend,,,,,,447.1
2026-08-30 01:17:36,deployment,paymentservice,9,32,1,,,
2026-08-30 01:17:36,deployment,productcatalogservice,349,42,5,,,
2026-08-30 01:17:36,deployment,recommendationservice,211,87,2,,,
2026-08-30 01:17:36,deployment,redis-cart,16,32,1,,,
2026-08-30 01:17:36,deployment,shippingservice,28,9,1,,,
2026-08-30 01:17:36,autoscaler,customdas-cpu-queue-autoscaler-adservice,2,60,1,,,
2026-08-30 01:17:36,autoscaler,customdas-cpu-queue-autoscaler-cartservice,0,60,1,,,
2026-08-30 01:17:36,autoscaler,customdas-cpu-queue-autoscaler-checkoutservice,2,60,1,,,
2026-08-30 01:17:36,autoscaler,customdas-cpu-queue-autoscaler-currencyservice,2,60,1,,,
2026-08-30 01:17:36,autoscaler,customdas-cpu-queue-autoscaler-emailservice,2,60,1,,,
2026-08-30 01:17:36,autoscaler,customdas-cpu-queue-autoscaler-frontend,0,60,1,,,
2026-08-30 01:17:36,autoscaler,customdas-cpu-queue-autoscaler-paymentservice,4,60,1,,,
2026-08-30 01:17:36,autoscaler,customdas-cpu-queue-autoscaler-productcatalogservice,5,60,1,,,
2026-08-30 01:17:36,autoscaler,customdas-cpu-queue-autoscaler-recommendationservice,2,60,1,,,
2026-08-30 01:17:36,autoscaler,customdas-cpu-queue-autoscaler-shippingservice,2,60,1,,,
2026-08-30 01:17:36,node,ze-master-node,2364,4053,,59.1,51.0,
2026-08-30 01:17:36,node,ze-worker-node,2526,1876,,63.1,23.6,
2026-08-30 01:17:45,deployment,adservice,49,94,1,,,
2026-08-30 01:17:45,deployment,cartservice,257,74,2,,,
2026-08-30 01:17:45,deployment,checkoutservice,33,12,2,,,
2026-08-30 01:17:45,deployment,currencyservice,280,128,2,,,
2026-08-30 01:17:45,deployment,emailservice,15,40,1,,,
2026-08-30 01:17:45,deployment,frontend,585,67,6,,,
2026-08-30 01:17:45,http_p95_latency,frontend,,,,,,283.2
2026-08-30 01:17:45,deployment,paymentservice,9,32,1,,,
2026-08-30 01:17:45,deployment,productcatalogservice,349,42,5,,,
2026-08-30 01:17:45,deployment,recommendationservice,211,87,2,,,
2026-08-30 01:17:45,deployment,redis-cart,16,32,1,,,
2026-08-30 01:17:45,deployment,shippingservice,28,9,2,,,
2026-08-30 01:17:45,autoscaler,customdas-cpu-queue-autoscaler-adservice,2,60,1,,,
2026-08-30 01:17:45,autoscaler,customdas-cpu-queue-autoscaler-cartservice,0,60,1,,,
2026-08-30 01:17:45,autoscaler,customdas-cpu-queue-autoscaler-checkoutservice,2,60,1,,,
2026-08-30 01:17:45,autoscaler,customdas-cpu-queue-autoscaler-currencyservice,2,60,1,,,
2026-08-30 01:17:45,autoscaler,customdas-cpu-queue-autoscaler-emailservice,2,60,1,,,
2026-08-30 01:17:45,autoscaler,customdas-cpu-queue-autoscaler-frontend,0,60,1,,,
2026-08-30 01:17:45,autoscaler,customdas-cpu-queue-autoscaler-paymentservice,4,60,1,,,
2026-08-30 01:17:45,autoscaler,customdas-cpu-queue-autoscaler-productcatalogservice,5,60,1,,,
2026-08-30 01:17:45,autoscaler,customdas-cpu-queue-autoscaler-recommendationservice,5,60,1,,,
2026-08-30 01:17:45,autoscaler,customdas-cpu-queue-autoscaler-shippingservice,1,60,1,,,
2026-08-30 01:17:45,node,ze-master-node,2433,4051,,60.8,51.0,
2026-08-30 01:17:45,node,ze-worker-node,2525,1921,,63.1,24.2,
2026-08-30 01:17:55,deployment,adservice,48,94,1,,,
2026-08-30 01:17:55,deployment,cartservice,302,82,2,,,
2026-08-30 01:17:55,deployment,checkoutservice,33,12,2,,,
2026-08-30 01:17:55,deployment,currencyservice,290,126,2,,,
2026-08-30 01:17:55,deployment,emailservice,18,42,1,,,
2026-08-30 01:17:55,deployment,frontend,619,77,6,,,
2026-08-30 01:17:55,http_p95_latency,frontend,,,,,,283.2
2026-08-30 01:17:55,deployment,paymentservice,12,33,1,,,
2026-08-30 01:17:55,deployment,productcatalogservice,347,42,5,,,
2026-08-30 01:17:55,deployment,recommendationservice,215,87,2,,,
2026-08-30 01:17:55,deployment,redis-cart,16,32,1,,,
2026-08-30 01:17:55,deployment,shippingservice,28,9,2,,,
2026-08-30 01:17:55,autoscaler,customdas-cpu-queue-autoscaler-adservice,2,60,1,,,
2026-08-30 01:17:55,autoscaler,customdas-cpu-queue-autoscaler-cartservice,5,60,1,,,
2026-08-30 01:17:55,autoscaler,customdas-cpu-queue-autoscaler-checkoutservice,4,60,1,,,
2026-08-30 01:17:55,autoscaler,customdas-cpu-queue-autoscaler-currencyservice,3,60,1,,,
2026-08-30 01:17:55,autoscaler,customdas-cpu-queue-autoscaler-emailservice,3,60,1,,,
2026-08-30 01:17:55,autoscaler,customdas-cpu-queue-autoscaler-frontend,10,60,1,,,
2026-08-30 01:17:55,autoscaler,customdas-cpu-queue-autoscaler-paymentservice,3,60,1,,,
2026-08-30 01:17:55,autoscaler,customdas-cpu-queue-autoscaler-productcatalogservice,5,60,1,,,
2026-08-30 01:17:55,autoscaler,customdas-cpu-queue-autoscaler-recommendationservice,5,60,1,,,
2026-08-30 01:17:55,autoscaler,customdas-cpu-queue-autoscaler-shippingservice,1,60,1,,,
2026-08-30 01:17:55,node,ze-master-node,2433,4051,,60.8,51.0,
2026-08-30 01:17:55,node,ze-worker-node,2525,1921,,63.1,24.2,
2026-08-30 01:18:02,deployment,adservice,48,94,1,,,
2026-08-30 01:18:02,deployment,cartservice,302,82,2,,,
2026-08-30 01:18:02,deployment,checkoutservice,33,12,2,,,
2026-08-30 01:18:02,deployment,currencyservice,290,126,2,,,
2026-08-30 01:18:02,deployment,emailservice,18,42,1,,,
2026-08-30 01:18:02,deployment,frontend,619,77,6,,,
2026-08-30 01:18:02,http_p95_latency,frontend,,,,,,424.9
2026-08-30 01:18:02,deployment,paymentservice,12,33,1,,,
2026-08-30 01:18:02,deployment,productcatalogservice,347,42,5,,,
2026-08-30 01:18:02,deployment,recommendationservice,215,87,2,,,
2026-08-30 01:18:02,deployment,redis-cart,18,32,1,,,
2026-08-30 01:18:02,deployment,shippingservice,50,15,2,,,
2026-08-30 01:18:02,autoscaler,customdas-cpu-queue-autoscaler-adservice,3,60,1,,,
2026-08-30 01:18:02,autoscaler,customdas-cpu-queue-autoscaler-cartservice,3,60,1,,,
2026-08-30 01:18:02,autoscaler,customdas-cpu-queue-autoscaler-checkoutservice,0,60,1,,,
2026-08-30 01:18:02,autoscaler,customdas-cpu-queue-autoscaler-currencyservice,3,60,1,,,
2026-08-30 01:18:02,autoscaler,customdas-cpu-queue-autoscaler-emailservice,2,60,1,,,
2026-08-30 01:18:02,autoscaler,customdas-cpu-queue-autoscaler-frontend,7,60,1,,,
2026-08-30 01:18:02,autoscaler,customdas-cpu-queue-autoscaler-paymentservice,3,60,1,,,
2026-08-30 01:18:02,autoscaler,customdas-cpu-queue-autoscaler-productcatalogservice,4,60,1,,,
2026-08-30 01:18:02,autoscaler,customdas-cpu-queue-autoscaler-recommendationservice,1,60,1,,,
2026-08-30 01:18:02,autoscaler,customdas-cpu-queue-autoscaler-shippingservice,3,60,1,,,
2026-08-30 01:18:02,node,ze-master-node,2505,4068,,62.6,51.2,
2026-08-30 01:18:02,node,ze-worker-node,2870,1926,,71.8,24.3,
2026-08-30 01:18:13,deployment,adservice,58,94,1,,,
2026-08-30 01:18:13,deployment,cartservice,188,80,2,,,
2026-08-30 01:18:13,deployment,checkoutservice,46,21,2,,,
2026-08-30 01:18:13,deployment,currencyservice,324,126,2,,,
2026-08-30 01:18:13,deployment,emailservice,14,40,1,,,
2026-08-30 01:18:13,deployment,frontend,683,78,6,,,
2026-08-30 01:18:13,http_p95_latency,frontend,,,,,,243.5
2026-08-30 01:18:13,deployment,paymentservice,10,33,1,,,
2026-08-30 01:18:13,deployment,productcatalogservice,365,41,5,,,
2026-08-30 01:18:13,deployment,recommendationservice,237,87,2,,,
2026-08-30 01:18:13,deployment,redis-cart,18,32,1,,,
2026-08-30 01:18:13,deployment,shippingservice,50,15,2,,,
2026-08-30 01:18:13,autoscaler,customdas-cpu-queue-autoscaler-adservice,3,60,1,,,
2026-08-30 01:18:13,autoscaler,customdas-cpu-queue-autoscaler-cartservice,3,60,1,,,
2026-08-30 01:18:13,autoscaler,customdas-cpu-queue-autoscaler-checkoutservice,0,60,1,,,
2026-08-30 01:18:13,autoscaler,customdas-cpu-queue-autoscaler-currencyservice,3,60,1,,,
2026-08-30 01:18:13,autoscaler,customdas-cpu-queue-autoscaler-emailservice,2,60,1,,,
2026-08-30 01:18:13,autoscaler,customdas-cpu-queue-autoscaler-frontend,7,60,1,,,
2026-08-30 01:18:13,autoscaler,customdas-cpu-queue-autoscaler-paymentservice,3,60,1,,,
2026-08-30 01:18:13,autoscaler,customdas-cpu-queue-autoscaler-productcatalogservice,4,60,1,,,
2026-08-30 01:18:13,autoscaler,customdas-cpu-queue-autoscaler-recommendationservice,1,60,1,,,
2026-08-30 01:18:13,autoscaler,customdas-cpu-queue-autoscaler-shippingservice,3,60,1,,,
2026-08-30 01:18:13,node,ze-master-node,2505,4068,,62.6,51.2,
2026-08-30 01:18:13,node,ze-worker-node,2870,1926,,71.8,24.3,
2026-08-30 01:18:21,deployment,adservice,58,94,1,,,
2026-08-30 01:18:21,deployment,cartservice,189,80,2,,,
2026-08-30 01:18:21,deployment,checkoutservice,49,21,2,,,
2026-08-30 01:18:21,deployment,currencyservice,319,126,2,,,
2026-08-30 01:18:21,deployment,emailservice,16,40,1,,,
2026-08-30 01:18:21,deployment,frontend,683,77,7,,,
2026-08-30 01:18:21,http_p95_latency,frontend,,,,,,243.5
2026-08-30 01:18:21,deployment,paymentservice,11,33,1,,,
2026-08-30 01:18:21,deployment,productcatalogservice,380,41,5,,,
2026-08-30 01:18:21,deployment,recommendationservice,244,87,2,,,
2026-08-30 01:18:21,deployment,redis-cart,19,32,1,,,
2026-08-30 01:18:21,deployment,shippingservice,42,16,2,,,
2026-08-30 01:18:21,autoscaler,customdas-cpu-queue-autoscaler-adservice,4,60,1,,,
2026-08-30 01:18:21,autoscaler,customdas-cpu-queue-autoscaler-cartservice,4,60,1,,,
2026-08-30 01:18:21,autoscaler,customdas-cpu-queue-autoscaler-checkoutservice,5,60,1,,,
2026-08-30 01:18:21,autoscaler,customdas-cpu-queue-autoscaler-currencyservice,3,60,1,,,
2026-08-30 01:18:21,autoscaler,customdas-cpu-queue-autoscaler-emailservice,2,60,1,,,
2026-08-30 01:18:21,autoscaler,customdas-cpu-queue-autoscaler-frontend,0,60,1,,,
2026-08-30 01:18:21,autoscaler,customdas-cpu-queue-autoscaler-paymentservice,3,60,1,,,
2026-08-30 01:18:21,autoscaler,customdas-cpu-queue-autoscaler-productcatalogservice,4,60,1,,,
2026-08-30 01:18:21,autoscaler,customdas-cpu-queue-autoscaler-recommendationservice,1,60,1,,,
2026-08-30 01:18:21,autoscaler,customdas-cpu-queue-autoscaler-shippingservice,3,60,1,,,
2026-08-30 01:18:21,node,ze-master-node,2504,4071,,62.6,51.3,
2026-08-30 01:18:21,node,ze-worker-node,2722,1920,,68.0,24.2,
2026-08-30 01:18:30,deployment,adservice,58,94,1,,,
2026-08-30 01:18:30,deployment,cartservice,189,80,2,,,
2026-08-30 01:18:30,deployment,checkoutservice,49,21,2,,,
2026-08-30 01:18:30,deployment,currencyservice,319,126,2,,,
2026-08-30 01:18:30,deployment,emailservice,16,40,1,,,
2026-08-30 01:18:30,deployment,frontend,683,77,7,,,
2026-08-30 01:18:30,http_p95_latency,frontend,,,,,,245.7
2026-08-30 01:18:30,deployment,paymentservice,11,33,1,,,
2026-08-30 01:18:30,deployment,productcatalogservice,380,41,5,,,
2026-08-30 01:18:30,deployment,recommendationservice,244,87,3,,,
2026-08-30 01:18:30,deployment,redis-cart,19,32,1,,,
2026-08-30 01:18:30,deployment,shippingservice,42,16,2,,,
2026-08-30 01:18:30,autoscaler,customdas-cpu-queue-autoscaler-adservice,4,60,1,,,
2026-08-30 01:18:30,autoscaler,customdas-cpu-queue-autoscaler-cartservice,4,60,1,,,
2026-08-30 01:18:30,autoscaler,customdas-cpu-queue-autoscaler-checkoutservice,5,60,1,,,
2026-08-30 01:18:30,autoscaler,customdas-cpu-queue-autoscaler-currencyservice,3,60,1,,,
2026-08-30 01:18:30,autoscaler,customdas-cpu-queue-autoscaler-emailservice,2,60,1,,,
2026-08-30 01:18:30,autoscaler,customdas-cpu-queue-autoscaler-frontend,0,60,1,,,
2026-08-30 01:18:30,autoscaler,customdas-cpu-queue-autoscaler-paymentservice,3,60,1,,,
2026-08-30 01:18:30,autoscaler,customdas-cpu-queue-autoscaler-productcatalogservice,4,60,1,,,
2026-08-30 01:18:30,autoscaler,customdas-cpu-queue-autoscaler-recommendationservice,1,60,1,,,
2026-08-30 01:18:30,autoscaler,customdas-cpu-queue-autoscaler-shippingservice,3,60,1,,,
2026-08-30 01:18:30,node,ze-master-node,2504,4071,,62.6,51.3,
2026-08-30 01:18:30,node,ze-worker-node,2722,1920,,68.0,24.2,
2026-08-30 01:18:37,deployment,adservice,54,94,1,,,
2026-08-30 01:18:37,deployment,cartservice,188,80,2,,,
2026-08-30 01:18:37,deployment,checkoutservice,50,20,2,,,
2026-08-30 01:18:37,deployment,currencyservice,320,126,2,,,
2026-08-30 01:18:37,deployment,emailservice,16,40,1,,,
2026-08-30 01:18:37,deployment,frontend,674,85,7,,,
2026-08-30 01:18:37,http_p95_latency,frontend,,,,,,245.7
2026-08-30 01:18:37,deployment,paymentservice,14,30,1,,,
2026-08-30 01:18:37,deployment,productcatalogservice,379,42,5,,,
2026-08-30 01:18:37,deployment,recommendationservice,243,87,3,,,
2026-08-30 01:18:37,deployment,redis-cart,30,34,1,,,
2026-08-30 01:18:37,deployment,shippingservice,42,16,2,,,
2026-08-30 01:18:37,autoscaler,customdas-cpu-queue-autoscaler-adservice,3,60,1,,,
2026-08-30 01:18:37,autoscaler,customdas-cpu-queue-autoscaler-cartservice,3,60,1,,,
2026-08-30 01:18:37,autoscaler,customdas-cpu-queue-autoscaler-checkoutservice,4,60,1,,,
2026-08-30 01:18:37,autoscaler,customdas-cpu-queue-autoscaler-currencyservice,3,60,1,,,
2026-08-30 01:18:37,autoscaler,customdas-cpu-queue-autoscaler-emailservice,2,60,1,,,
2026-08-30 01:18:37,autoscaler,customdas-cpu-queue-autoscaler-frontend,6,60,1,,,
2026-08-30 01:18:37,autoscaler,customdas-cpu-queue-autoscaler-paymentservice,2,60,1,,,
2026-08-30 01:18:37,autoscaler,customdas-cpu-queue-autoscaler-productcatalogservice,4,60,1,,,
2026-08-30 01:18:37,autoscaler,customdas-cpu-queue-autoscaler-recommendationservice,2,60,1,,,
2026-08-30 01:18:37,autoscaler,customdas-cpu-queue-autoscaler-shippingservice,6,60,1,,,
2026-08-30 01:18:37,node,ze-master-node,2735,4101,,68.4,51.6,
2026-08-30 01:18:37,node,ze-worker-node,2738,1922,,68.5,24.2,
2026-08-30 01:18:45,deployment,adservice,54,94,1,,,
2026-08-30 01:18:45,deployment,cartservice,188,80,2,,,
2026-08-30 01:18:45,deployment,checkoutservice,50,20,2,,,
2026-08-30 01:18:45,deployment,currencyservice,320,126,2,,,
2026-08-30 01:18:45,deployment,emailservice,16,40,1,,,
2026-08-30 01:18:45,deployment,frontend,674,85,7,,,
2026-08-30 01:18:45,http_p95_latency,frontend,,,,,,238.3
2026-08-30 01:18:45,deployment,paymentservice,14,30,1,,,
2026-08-30 01:18:45,deployment,productcatalogservice,379,42,6,,,
2026-08-30 01:18:45,deployment,recommendationservice,243,87,3,,,
2026-08-30 01:18:45,deployment,redis-cart,30,34,1,,,
2026-08-30 01:18:45,deployment,shippingservice,42,16,2,,,
2026-08-30 01:18:45,autoscaler,customdas-cpu-queue-autoscaler-adservice,3,60,1,,,
2026-08-30 01:18:45,autoscaler,customdas-cpu-queue-autoscaler-cartservice,3,60,1,,,
2026-08-30 01:18:45,autoscaler,customdas-cpu-queue-autoscaler-checkoutservice,4,60,1,,,
2026-08-30 01:18:45,autoscaler,customdas-cpu-queue-autoscaler-currencyservice,3,60,1,,,
2026-08-30 01:18:45,autoscaler,customdas-cpu-queue-autoscaler-emailservice,2,60,1,,,
2026-08-30 01:18:45,autoscaler,customdas-cpu-queue-autoscaler-frontend,6,60,1,,,
2026-08-30 01:18:45,autoscaler,customdas-cpu-queue-autoscaler-paymentservice,7,60,1,,,
2026-08-30 01:18:45,autoscaler,customdas-cpu-queue-autoscaler-productcatalogservice,4,60,1,,,
2026-08-30 01:18:45,autoscaler,customdas-cpu-queue-autoscaler-recommendationservice,5,60,1,,,
2026-08-30 01:18:45,autoscaler,customdas-cpu-queue-autoscaler-shippingservice,0,60,1,,,
2026-08-30 01:18:45,node,ze-master-node,2534,4124,,63.3,51.9,
2026-08-30 01:18:45,node,ze-worker-node,2653,1924,,66.3,24.2,
2026-08-30 01:18:55,deployment,adservice,56,94,1,,,
2026-08-30 01:18:55,deployment,cartservice,202,80,2,,,
2026-08-30 01:18:55,deployment,checkoutservice,44,21,2,,,
2026-08-30 01:18:55,deployment,currencyservice,321,131,2,,,
2026-08-30 01:18:55,deployment,emailservice,16,40,1,,,
2026-08-30 01:18:55,deployment,frontend,659,88,7,,,
2026-08-30 01:18:55,http_p95_latency,frontend,,,,,,238.3
2026-08-30 01:18:55,deployment,paymentservice,9,31,1,,,
2026-08-30 01:18:55,deployment,productcatalogservice,382,41,6,,,
2026-08-30 01:18:55,deployment,recommendationservice,303,125,3,,,
2026-08-30 01:18:55,deployment,redis-cart,33,32,1,,,
2026-08-30 01:18:55,deployment,shippingservice,40,16,2,,,
2026-08-30 01:18:55,autoscaler,customdas-cpu-queue-autoscaler-adservice,3,60,1,,,
2026-08-30 01:18:55,autoscaler,customdas-cpu-queue-autoscaler-cartservice,4,60,1,,,
2026-08-30 01:18:55,autoscaler,customdas-cpu-queue-autoscaler-checkoutservice,5,60,1,,,
2026-08-30 01:18:55,autoscaler,customdas-cpu-queue-autoscaler-currencyservice,2,60,1,,,
2026-08-30 01:18:55,autoscaler,customdas-cpu-queue-autoscaler-emailservice,2,60,1,,,
2026-08-30 01:18:55,autoscaler,customdas-cpu-queue-autoscaler-frontend,5,60,1,,,
2026-08-30 01:18:55,autoscaler,customdas-cpu-queue-autoscaler-paymentservice,7,60,1,,,
2026-08-30 01:18:55,autoscaler,customdas-cpu-queue-autoscaler-productcatalogservice,4,60,1,,,
2026-08-30 01:18:55,autoscaler,customdas-cpu-queue-autoscaler-recommendationservice,5,60,1,,,
2026-08-30 01:18:55,autoscaler,customdas-cpu-queue-autoscaler-shippingservice,0,60,1,,,
2026-08-30 01:18:55,node,ze-master-node,2534,4124,,63.3,51.9,
2026-08-30 01:18:55,node,ze-worker-node,2653,1924,,66.3,24.2,
2026-08-30 01:19:02,deployment,adservice,56,94,1,,,
2026-08-30 01:19:02,deployment,cartservice,202,80,2,,,
2026-08-30 01:19:02,deployment,checkoutservice,44,21,2,,,
2026-08-30 01:19:02,deployment,currencyservice,321,131,2,,,
2026-08-30 01:19:02,deployment,emailservice,16,40,1,,,
2026-08-30 01:19:02,deployment,frontend,659,88,7,,,
2026-08-30 01:19:02,http_p95_latency,frontend,,,,,,219.2
2026-08-30 01:19:02,deployment,paymentservice,9,31,1,,,
2026-08-30 01:19:02,deployment,productcatalogservice,404,49,6,,,
2026-08-30 01:19:02,deployment,recommendationservice,258,125,3,,,
2026-08-30 01:19:02,deployment,redis-cart,33,32,1,,,
2026-08-30 01:19:02,deployment,shippingservice,42,16,2,,,
2026-08-30 01:19:02,autoscaler,customdas-cpu-queue-autoscaler-adservice,4,60,1,,,
2026-08-30 01:19:02,autoscaler,customdas-cpu-queue-autoscaler-cartservice,4,60,1,,,
2026-08-30 01:19:02,autoscaler,customdas-cpu-queue-autoscaler-checkoutservice,2,60,1,,,
2026-08-30 01:19:02,autoscaler,customdas-cpu-queue-autoscaler-currencyservice,2,60,1,,,
2026-08-30 01:19:02,autoscaler,customdas-cpu-queue-autoscaler-emailservice,3,60,1,,,
2026-08-30 01:19:02,autoscaler,customdas-cpu-queue-autoscaler-frontend,7,60,1,,,
2026-08-30 01:19:02,autoscaler,customdas-cpu-queue-autoscaler-paymentservice,2,60,1,,,
2026-08-30 01:19:02,autoscaler,customdas-cpu-queue-autoscaler-productcatalogservice,4,60,1,,,
2026-08-30 01:19:02,autoscaler,customdas-cpu-queue-autoscaler-recommendationservice,5,60,1,,,
2026-08-30 01:19:02,autoscaler,customdas-cpu-queue-autoscaler-shippingservice,2,60,1,,,
2026-08-30 01:19:02,node,ze-master-node,2580,4142,,64.5,52.2,
2026-08-30 01:19:02,node,ze-worker-node,2557,1927,,63.9,24.3,
2026-08-30 01:19:11,deployment,adservice,56,94,1,,,
2026-08-30 01:19:11,deployment,cartservice,194,80,2,,,
2026-08-30 01:19:11,deployment,checkoutservice,44,21,2,,,
2026-08-30 01:19:11,deployment,currencyservice,304,126,2,,,
2026-08-30 01:19:11,deployment,emailservice,15,40,1,,,
2026-08-30 01:19:11,deployment,frontend,667,88,7,,,
2026-08-30 01:19:11,http_p95_latency,frontend,,,,,,219.2
2026-08-30 01:19:11,deployment,paymentservice,9,30,1,,,
2026-08-30 01:19:11,deployment,productcatalogservice,404,49,6,,,
2026-08-30 01:19:11,deployment,recommendationservice,258,125,3,,,
2026-08-30 01:19:11,deployment,redis-cart,33,32,1,,,
2026-08-30 01:19:11,deployment,shippingservice,42,16,2,,,
2026-08-30 01:19:11,autoscaler,customdas-cpu-queue-autoscaler-adservice,4,60,1,,,
2026-08-30 01:19:11,autoscaler,customdas-cpu-queue-autoscaler-cartservice,4,60,1,,,
2026-08-30 01:19:11,autoscaler,customdas-cpu-queue-autoscaler-checkoutservice,2,60,1,,,
2026-08-30 01:19:11,autoscaler,customdas-cpu-queue-autoscaler-currencyservice,2,60,1,,,
2026-08-30 01:19:11,autoscaler,customdas-cpu-queue-autoscaler-emailservice,3,60,1,,,
2026-08-30 01:19:11,autoscaler,customdas-cpu-queue-autoscaler-frontend,7,60,1,,,
2026-08-30 01:19:11,autoscaler,customdas-cpu-queue-autoscaler-paymentservice,2,60,1,,,
2026-08-30 01:19:11,autoscaler,customdas-cpu-queue-autoscaler-productcatalogservice,4,60,1,,,
2026-08-30 01:19:11,autoscaler,customdas-cpu-queue-autoscaler-recommendationservice,5,60,1,,,
2026-08-30 01:19:11,autoscaler,customdas-cpu-queue-autoscaler-shippingservice,2,60,1,,,
2026-08-30 01:19:11,node,ze-master-node,2580,4142,,64.5,52.2,
2026-08-30 01:19:11,node,ze-worker-node,2557,1927,,63.9,24.3,
2026-08-30 01:19:19,deployment,adservice,58,94,1,,,
2026-08-30 01:19:19,deployment,cartservice,180,80,2,,,
2026-08-30 01:19:19,deployment,checkoutservice,43,22,2,,,
2026-08-30 01:19:19,deployment,currencyservice,308,127,2,,,
2026-08-30 01:19:19,deployment,emailservice,14,40,1,,,
2026-08-30 01:19:19,deployment,frontend,680,89,7,,,
2026-08-30 01:19:19,http_p95_latency,frontend,,,,,,226.4
2026-08-30 01:19:19,deployment,paymentservice,11,31,1,,,
2026-08-30 01:19:19,deployment,productcatalogservice,375,49,6,,,
2026-08-30 01:19:19,deployment,recommendationservice,253,126,3,,,
2026-08-30 01:19:19,deployment,redis-cart,19,32,1,,,
2026-08-30 01:19:19,deployment,shippingservice,40,16,2,,,
2026-08-30 01:19:19,autoscaler,customdas-cpu-queue-autoscaler-adservice,4,60,1,,,
2026-08-30 01:19:19,autoscaler,customdas-cpu-queue-autoscaler-cartservice,0,60,1,,,
2026-08-30 01:19:19,autoscaler,customdas-cpu-queue-autoscaler-checkoutservice,2,60,1,,,
2026-08-30 01:19:19,autoscaler,customdas-cpu-queue-autoscaler-currencyservice,4,60,1,,,
2026-08-30 01:19:19,autoscaler,customdas-cpu-queue-autoscaler-emailservice,2,60,1,,,
2026-08-30 01:19:19,autoscaler,customdas-cpu-queue-autoscaler-frontend,4,60,1,,,
2026-08-30 01:19:19,autoscaler,customdas-cpu-queue-autoscaler-paymentservice,3,60,1,,,
2026-08-30 01:19:19,autoscaler,customdas-cpu-queue-autoscaler-productcatalogservice,0,60,1,,,
2026-08-30 01:19:19,autoscaler,customdas-cpu-queue-autoscaler-recommendationservice,2,60,1,,,
2026-08-30 01:19:19,autoscaler,customdas-cpu-queue-autoscaler-shippingservice,3,60,1,,,
2026-08-30 01:19:19,node,ze-master-node,2568,4137,,64.2,52.1,
2026-08-30 01:19:19,node,ze-worker-node,2676,1929,,66.9,24.3,
2026-08-30 01:19:28,deployment,adservice,58,94,1,,,
2026-08-30 01:19:28,deployment,cartservice,180,80,2,,,
2026-08-30 01:19:28,deployment,checkoutservice,43,22,2,,,
2026-08-30 01:19:28,deployment,currencyservice,308,127,2,,,
2026-08-30 01:19:28,deployment,emailservice,14,40,1,,,
2026-08-30 01:19:28,deployment,frontend,680,89,7,,,
2026-08-30 01:19:28,http_p95_latency,frontend,,,,,,220.0
2026-08-30 01:19:28,deployment,paymentservice,11,31,1,,,
2026-08-30 01:19:28,deployment,productcatalogservice,375,49,6,,,
2026-08-30 01:19:28,deployment,recommendationservice,253,126,3,,,
2026-08-30 01:19:28,deployment,redis-cart,19,32,1,,,
2026-08-30 01:19:28,deployment,shippingservice,40,16,2,,,
2026-08-30 01:19:28,autoscaler,customdas-cpu-queue-autoscaler-adservice,4,60,1,,,
2026-08-30 01:19:28,autoscaler,customdas-cpu-queue-autoscaler-cartservice,0,60,1,,,
2026-08-30 01:19:28,autoscaler,customdas-cpu-queue-autoscaler-checkoutservice,2,60,1,,,
2026-08-30 01:19:28,autoscaler,customdas-cpu-queue-autoscaler-currencyservice,4,60,1,,,
2026-08-30 01:19:28,autoscaler,customdas-cpu-queue-autoscaler-emailservice,2,60,1,,,
2026-08-30 01:19:28,autoscaler,customdas-cpu-queue-autoscaler-frontend,4,60,1,,,
2026-08-30 01:19:28,autoscaler,customdas-cpu-queue-autoscaler-paymentservice,3,60,1,,,
2026-08-30 01:19:28,autoscaler,customdas-cpu-queue-autoscaler-productcatalogservice,0,60,1,,,
2026-08-30 01:19:28,autoscaler,customdas-cpu-queue-autoscaler-recommendationservice,2,60,1,,,
2026-08-30 01:19:28,autoscaler,customdas-cpu-queue-autoscaler-shippingservice,3,60,1,,,
2026-08-30 01:19:28,node,ze-master-node,2568,4137,,64.2,52.1,
2026-08-30 01:19:28,node,ze-worker-node,2676,1929,,66.9,24.3,
2026-08-30 01:19:37,deployment,adservice,58,94,1,,,
2026-08-30 01:19:37,deployment,cartservice,198,81,2,,,
2026-08-30 01:19:37,deployment,checkoutservice,43,21,2,,,
2026-08-30 01:19:37,deployment,currencyservice,310,127,2,,,
2026-08-30 01:19:37,deployment,emailservice,15,40,1,,,
2026-08-30 01:19:37,deployment,frontend,698,89,7,,,
2026-08-30 01:19:37,http_p95_latency,frontend,,,,,,220.0
2026-08-30 01:19:37,deployment,paymentservice,10,31,1,,,
2026-08-30 01:19:37,deployment,productcatalogservice,397,50,6,,,
2026-08-30 01:19:37,deployment,recommendationservice,256,127,3,,,
2026-08-30 01:19:37,deployment,redis-cart,20,32,1,,,
2026-08-30 01:19:37,deployment,shippingservice,41,16,2,,,
2026-08-30 01:19:37,autoscaler,customdas-cpu-queue-autoscaler-adservice,3,60,1,,,
2026-08-30 01:19:37,autoscaler,customdas-cpu-queue-autoscaler-cartservice,3,60,1,,,
2026-08-30 01:19:37,autoscaler,customdas-cpu-queue-autoscaler-checkoutservice,4,60,1,,,
2026-08-30 01:19:37,autoscaler,customdas-cpu-queue-autoscaler-currencyservice,4,60,1,,,
2026-08-30 01:19:37,autoscaler,customdas-cpu-queue-autoscaler-emailservice,2,60,1,,,
2026-08-30 01:19:37,autoscaler,customdas-cpu-queue-autoscaler-frontend,6,60,1,,,
2026-08-30 01:19:37,autoscaler,customdas-cpu-queue-autoscaler-paymentservice,2,60,1,,,
2026-08-30 01:19:37,autoscaler,customdas-cpu-queue-autoscaler-productcatalogservice,7,60,1,,,
2026-08-30 01:19:37,autoscaler,customdas-cpu-queue-autoscaler-recommendationservice,3,60,1,,,
2026-08-30 01:19:37,autoscaler,customdas-cpu-queue-autoscaler-shippingservice,3,60,1,,,
2026-08-30 01:19:37,node,ze-master-node,2580,4143,,64.5,52.2,
2026-08-30 01:19:37,node,ze-worker-node,2638,1930,,66.0,24.3,
2026-08-30 01:19:46,deployment,adservice,58,94,1,,,
2026-08-30 01:19:46,deployment,cartservice,198,81,2,,,
2026-08-30 01:19:46,deployment,checkoutservice,43,21,2,,,
2026-08-30 01:19:46,deployment,currencyservice,310,127,2,,,
2026-08-30 01:19:46,deployment,emailservice,15,40,1,,,
2026-08-30 01:19:46,deployment,frontend,698,89,7,,,
2026-08-30 01:19:46,http_p95_latency,frontend,,,,,,231.6
2026-08-30 01:19:46,deployment,paymentservice,10,31,1,,,
2026-08-30 01:19:46,deployment,productcatalogservice,397,50,6,,,
2026-08-30 01:19:46,deployment,recommendationservice,256,127,3,,,
2026-08-30 01:19:46,deployment,redis-cart,20,32,1,,,
2026-08-30 01:19:46,deployment,shippingservice,41,16,2,,,
2026-08-30 01:19:46,autoscaler,customdas-cpu-queue-autoscaler-adservice,3,60,1,,,
2026-08-30 01:19:46,autoscaler,customdas-cpu-queue-autoscaler-cartservice,3,60,1,,,
2026-08-30 01:19:46,autoscaler,customdas-cpu-queue-autoscaler-checkoutservice,4,60,1,,,
2026-08-30 01:19:46,autoscaler,customdas-cpu-queue-autoscaler-currencyservice,4,60,1,,,
2026-08-30 01:19:46,autoscaler,customdas-cpu-queue-autoscaler-emailservice,2,60,1,,,
2026-08-30 01:19:46,autoscaler,customdas-cpu-queue-autoscaler-frontend,6,60,1,,,
2026-08-30 01:19:46,autoscaler,customdas-cpu-queue-autoscaler-paymentservice,2,60,1,,,
2026-08-30 01:19:46,autoscaler,customdas-cpu-queue-autoscaler-productcatalogservice,7,60,1,,,
2026-08-30 01:19:46,autoscaler,customdas-cpu-queue-autoscaler-recommendationservice,3,60,1,,,
2026-08-30 01:19:46,autoscaler,customdas-cpu-queue-autoscaler-shippingservice,3,60,1,,,
2026-08-30 01:19:46,node,ze-master-node,2580,4143,,64.5,52.2,
2026-08-30 01:19:46,node,ze-worker-node,2638,1930,,66.0,24.3,
2026-08-30 01:19:53,deployment,adservice,63,94,1,,,
2026-08-30 01:19:53,deployment,cartservice,198,80,2,,,
2026-08-30 01:19:53,deployment,checkoutservice,51,22,2,,,
2026-08-30 01:19:53,deployment,currencyservice,314,128,2,,,
2026-08-30 01:19:53,deployment,emailservice,15,40,1,,,
2026-08-30 01:19:53,deployment,frontend,697,89,7,,,
2026-08-30 01:19:53,http_p95_latency,frontend,,,,,,231.6
2026-08-30 01:19:53,deployment,paymentservice,12,31,1,,,
2026-08-30 01:19:53,deployment,productcatalogservice,406,49,6,,,
2026-08-30 01:19:53,deployment,recommendationservice,256,127,3,,,
2026-08-30 01:19:53,deployment,redis-cart,20,32,1,,,
2026-08-30 01:19:53,deployment,shippingservice,42,16,2,,,
2026-08-30 01:19:53,autoscaler,customdas-cpu-queue-autoscaler-adservice,5,60,1,,,
2026-08-30 01:19:53,autoscaler,customdas-cpu-queue-autoscaler-cartservice,3,60,1,,,
2026-08-30 01:19:53,autoscaler,customdas-cpu-queue-autoscaler-checkoutservice,0,60,1,,,
2026-08-30 01:19:53,autoscaler,customdas-cpu-queue-autoscaler-currencyservice,2,60,1,,,
2026-08-30 01:19:53,autoscaler,customdas-cpu-queue-autoscaler-emailservice,2,60,1,,,
2026-08-30 01:19:53,autoscaler,customdas-cpu-queue-autoscaler-frontend,12,60,1,,,
2026-08-30 01:19:53,autoscaler,customdas-cpu-queue-autoscaler-paymentservice,4,60,1,,,
2026-08-30 01:19:53,autoscaler,customdas-cpu-queue-autoscaler-productcatalogservice,0,60,1,,,
2026-08-30 01:19:53,autoscaler,customdas-cpu-queue-autoscaler-recommendationservice,4,60,1,,,
2026-08-30 01:19:53,autoscaler,customdas-cpu-queue-autoscaler-shippingservice,3,60,1,,,
2026-08-30 01:19:53,node,ze-master-node,2609,4138,,65.2,52.1,
2026-08-30 01:19:53,node,ze-worker-node,2648,1929,,66.2,24.3,
2026-08-30 01:20:00,deployment,adservice,63,94,1,,,
2026-08-30 01:20:00,deployment,cartservice,198,80,2,,,
2026-08-30 01:20:00,deployment,checkoutservice,51,22,2,,,
2026-08-30 01:20:00,deployment,currencyservice,314,128,2,,,
2026-08-30 01:20:00,deployment,emailservice,15,40,1,,,
2026-08-30 01:20:00,deployment,frontend,697,89,7,,,
2026-08-30 01:20:00,http_p95_latency,frontend,,,,,,214.1
2026-08-30 01:20:00,deployment,paymentservice,12,31,1,,,
2026-08-30 01:20:00,deployment,productcatalogservice,406,49,6,,,
2026-08-30 01:20:00,deployment,recommendationservice,256,127,3,,,
2026-08-30 01:20:00,deployment,redis-cart,20,32,1,,,
2026-08-30 01:20:00,deployment,shippingservice,42,16,2,,,
2026-08-30 01:20:00,autoscaler,customdas-cpu-queue-autoscaler-adservice,5,60,1,,,
2026-08-30 01:20:00,autoscaler,customdas-cpu-queue-autoscaler-cartservice,3,60,1,,,
2026-08-30 01:20:00,autoscaler,customdas-cpu-queue-autoscaler-checkoutservice,0,60,1,,,
2026-08-30 01:20:00,autoscaler,customdas-cpu-queue-autoscaler-currencyservice,2,60,1,,,
2026-08-30 01:20:00,autoscaler,customdas-cpu-queue-autoscaler-emailservice,2,60,1,,,
2026-08-30 01:20:00,autoscaler,customdas-cpu-queue-autoscaler-frontend,12,60,1,,,
2026-08-30 01:20:00,autoscaler,customdas-cpu-queue-autoscaler-paymentservice,4,60,1,,,
2026-08-30 01:20:00,autoscaler,customdas-cpu-queue-autoscaler-productcatalogservice,0,60,1,,,
2026-08-30 01:20:00,autoscaler,customdas-cpu-queue-autoscaler-recommendationservice,4,60,1,,,
2026-08-30 01:20:00,autoscaler,customdas-cpu-queue-autoscaler-shippingservice,3,60,1,,,
2026-08-30 01:20:00,node,ze-master-node,2609,4138,,65.2,52.1,
2026-08-30 01:20:00,node,ze-worker-node,2648,1929,,66.2,24.3,
2026-08-30 01:20:07,deployment,adservice,53,94,1,,,
2026-08-30 01:20:07,deployment,cartservice,209,80,2,,,
2026-08-30 01:20:07,deployment,checkoutservice,41,22,2,,,
2026-08-30 01:20:07,deployment,currencyservice,298,129,2,,,
2026-08-30 01:20:07,deployment,emailservice,16,40,1,,,
2026-08-30 01:20:07,deployment,frontend,676,89,7,,,
2026-08-30 01:20:07,http_p95_latency,frontend,,,,,,214.1
2026-08-30 01:20:07,deployment,paymentservice,12,31,1,,,
2026-08-30 01:20:07,deployment,productcatalogservice,373,50,6,,,
2026-08-30 01:20:07,deployment,recommendationservice,236,127,3,,,
2026-08-30 01:20:07,deployment,redis-cart,18,32,1,,,
2026-08-30 01:20:07,deployment,shippingservice,42,16,2,,,
2026-08-30 01:20:07,autoscaler,customdas-cpu-queue-autoscaler-adservice,4,60,1,,,
2026-08-30 01:20:07,autoscaler,customdas-cpu-queue-autoscaler-cartservice,5,60,1,,,
2026-08-30 01:20:07,autoscaler,customdas-cpu-queue-autoscaler-checkoutservice,4,60,1,,,
2026-08-30 01:20:07,autoscaler,customdas-cpu-queue-autoscaler-currencyservice,3,60,1,,,
2026-08-30 01:20:07,autoscaler,customdas-cpu-queue-autoscaler-emailservice,3,60,1,,,
2026-08-30 01:20:07,autoscaler,customdas-cpu-queue-autoscaler-frontend,3,60,1,,,
2026-08-30 01:20:07,autoscaler,customdas-cpu-queue-autoscaler-paymentservice,4,60,1,,,
2026-08-30 01:20:07,autoscaler,customdas-cpu-queue-autoscaler-productcatalogservice,7,60,1,,,
2026-08-30 01:20:07,autoscaler,customdas-cpu-queue-autoscaler-recommendationservice,3,60,1,,,
2026-08-30 01:20:07,autoscaler,customdas-cpu-queue-autoscaler-shippingservice,3,60,1,,,
2026-08-30 01:20:07,node,ze-master-node,2696,4139,,67.4,52.1,
2026-08-30 01:20:07,node,ze-worker-node,2462,1928,,61.6,24.3,
2026-08-30 01:20:14,deployment,adservice,53,94,1,,,
2026-08-30 01:20:14,deployment,cartservice,209,80,2,,,
2026-08-30 01:20:14,deployment,checkoutservice,41,22,2,,,
2026-08-30 01:20:14,deployment,currencyservice,298,129,2,,,
2026-08-30 01:20:14,deployment,emailservice,16,40,1,,,
2026-08-30 01:20:14,deployment,frontend,676,89,7,,,
2026-08-30 01:20:14,http_p95_latency,frontend,,,,,,198.6
2026-08-30 01:20:14,deployment,paymentservice,12,31,1,,,
2026-08-30 01:20:14,deployment,productcatalogservice,373,50,6,,,
2026-08-30 01:20:14,deployment,recommendationservice,236,127,3,,,
2026-08-30 01:20:14,deployment,redis-cart,18,32,1,,,
2026-08-30 01:20:14,deployment,shippingservice,42,16,2,,,
2026-08-30 01:20:14,autoscaler,customdas-cpu-queue-autoscaler-adservice,4,60,1,,,
2026-08-30 01:20:14,autoscaler,customdas-cpu-queue-autoscaler-cartservice,5,60,1,,,
2026-08-30 01:20:14,autoscaler,customdas-cpu-queue-autoscaler-checkoutservice,4,60,1,,,
2026-08-30 01:20:14,autoscaler,customdas-cpu-queue-autoscaler-currencyservice,3,60,1,,,
2026-08-30 01:20:14,autoscaler,customdas-cpu-queue-autoscaler-emailservice,3,60,1,,,
2026-08-30 01:20:14,autoscaler,customdas-cpu-queue-autoscaler-frontend,3,60,1,,,
2026-08-30 01:20:14,autoscaler,customdas-cpu-queue-autoscaler-paymentservice,4,60,1,,,
2026-08-30 01:20:14,autoscaler,customdas-cpu-queue-autoscaler-productcatalogservice,7,60,1,,,
2026-08-30 01:20:14,autoscaler,customdas-cpu-queue-autoscaler-recommendationservice,3,60,1,,,
2026-08-30 01:20:14,autoscaler,customdas-cpu-queue-autoscaler-shippingservice,3,60,1,,,
2026-08-30 01:20:14,node,ze-master-node,2696,4139,,67.4,52.1,
2026-08-30 01:20:14,node,ze-worker-node,2462,1928,,61.6,24.3,
2026-08-30 01:20:21,deployment,adservice,53,94,1,,,
2026-08-30 01:20:21,deployment,cartservice,222,80,2,,,
2026-08-30 01:20:21,deployment,checkoutservice,41,25,2,,,
2026-08-30 01:20:21,deployment,currencyservice,304,127,2,,,
2026-08-30 01:20:21,deployment,emailservice,14,40,1,,,
2026-08-30 01:20:21,deployment,frontend,666,90,7,,,
2026-08-30 01:20:21,http_p95_latency,frontend,,,,,,198.6
2026-08-30 01:20:21,deployment,paymentservice,11,31,1,,,
2026-08-30 01:20:21,deployment,productcatalogservice,374,49,6,,,
2026-08-30 01:20:21,deployment,recommendationservice,245,127,3,,,
2026-08-30 01:20:21,deployment,redis-cart,19,32,1,,,
2026-08-30 01:20:21,deployment,shippingservice,39,16,2,,,
2026-08-30 01:20:21,autoscaler,customdas-cpu-queue-autoscaler-adservice,5,60,1,,,
2026-08-30 01:20:21,autoscaler,customdas-cpu-queue-autoscaler-cartservice,0,60,1,,,
2026-08-30 01:20:21,autoscaler,customdas-cpu-queue-autoscaler-checkoutservice,3,60,1,,,
2026-08-30 01:20:21,autoscaler,customdas-cpu-queue-autoscaler-currencyservice,4,60,1,,,
2026-08-30 01:20:21,autoscaler,customdas-cpu-queue-autoscaler-emailservice,3,60,1,,,
2026-08-30 01:20:21,autoscaler,customdas-cpu-queue-autoscaler-frontend,4,60,1,,,
2026-08-30 01:20:21,autoscaler,customdas-cpu-queue-autoscaler-paymentservice,0,60,1,,,
2026-08-30 01:20:21,autoscaler,customdas-cpu-queue-autoscaler-productcatalogservice,5,60,1,,,
2026-08-30 01:20:21,autoscaler,customdas-cpu-queue-autoscaler-recommendationservice,3,60,1,,,
2026-08-30 01:20:21,autoscaler,customdas-cpu-queue-autoscaler-shippingservice,3,60,1,,,
2026-08-30 01:20:21,node,ze-master-node,2660,4142,,66.5,52.2,
2026-08-30 01:20:21,node,ze-worker-node,2538,1920,,63.4,24.2,
2026-08-30 01:20:29,deployment,adservice,53,94,1,,,
2026-08-30 01:20:29,deployment,cartservice,222,80,2,,,
2026-08-30 01:20:29,deployment,checkoutservice,41,25,2,,,
2026-08-30 01:20:29,deployment,currencyservice,304,127,2,,,
2026-08-30 01:20:29,deployment,emailservice,14,40,1,,,
2026-08-30 01:20:29,deployment,frontend,666,90,7,,,
2026-08-30 01:20:29,http_p95_latency,frontend,,,,,,171.5
2026-08-30 01:20:29,deployment,paymentservice,11,31,1,,,
2026-08-30 01:20:29,deployment,productcatalogservice,374,49,6,,,
2026-08-30 01:20:29,deployment,recommendationservice,245,127,3,,,
2026-08-30 01:20:29,deployment,redis-cart,19,32,1,,,
2026-08-30 01:20:29,deployment,shippingservice,39,16,2,,,
2026-08-30 01:20:29,autoscaler,customdas-cpu-queue-autoscaler-adservice,5,60,1,,,
2026-08-30 01:20:29,autoscaler,customdas-cpu-queue-autoscaler-cartservice,0,60,1,,,
2026-08-30 01:20:29,autoscaler,customdas-cpu-queue-autoscaler-checkoutservice,3,60,1,,,
2026-08-30 01:20:29,autoscaler,customdas-cpu-queue-autoscaler-currencyservice,4,60,1,,,
2026-08-30 01:20:29,autoscaler,customdas-cpu-queue-autoscaler-emailservice,3,60,1,,,
2026-08-30 01:20:29,autoscaler,customdas-cpu-queue-autoscaler-frontend,4,60,1,,,
2026-08-30 01:20:29,autoscaler,customdas-cpu-queue-autoscaler-paymentservice,0,60,1,,,
2026-08-30 01:20:29,autoscaler,customdas-cpu-queue-autoscaler-productcatalogservice,5,60,1,,,
2026-08-30 01:20:29,autoscaler,customdas-cpu-queue-autoscaler-recommendationservice,3,60,1,,,
2026-08-30 01:20:29,autoscaler,customdas-cpu-queue-autoscaler-shippingservice,3,60,1,,,
2026-08-30 01:20:29,node,ze-master-node,2660,4142,,66.5,52.2,
2026-08-30 01:20:29,node,ze-worker-node,2538,1920,,63.4,24.2,
2026-08-30 01:20:38,deployment,adservice,54,94,1,,,
2026-08-30 01:20:38,deployment,cartservice,213,80,2,,,
2026-08-30 01:20:38,deployment,checkoutservice,41,22,2,,,
2026-08-30 01:20:38,deployment,currencyservice,293,130,2,,,
2026-08-30 01:20:38,deployment,emailservice,14,40,1,,,
2026-08-30 01:20:38,deployment,frontend,578,79,6,,,
2026-08-30 01:20:38,http_p95_latency,frontend,,,,,,171.5
2026-08-30 01:20:38,deployment,paymentservice,9,31,1,,,
2026-08-30 01:20:38,deployment,productcatalogservice,312,43,5,,,
2026-08-30 01:20:38,deployment,recommendationservice,232,127,3,,,
2026-08-30 01:20:38,deployment,redis-cart,18,32,1,,,
2026-08-30 01:20:38,deployment,shippingservice,40,16,2,,,
2026-08-30 01:20:38,autoscaler,customdas-cpu-queue-autoscaler-adservice,0,60,1,,,
2026-08-30 01:20:38,autoscaler,customdas-cpu-queue-autoscaler-cartservice,6,60,1,,,
2026-08-30 01:20:38,autoscaler,customdas-cpu-queue-autoscaler-checkoutservice,4,60,1,,,
2026-08-30 01:20:38,autoscaler,customdas-cpu-queue-autoscaler-currencyservice,4,60,1,,,
2026-08-30 01:20:38,autoscaler,customdas-cpu-queue-autoscaler-emailservice,2,60,1,,,
2026-08-30 01:20:38,autoscaler,customdas-cpu-queue-autoscaler-frontend,7,60,1,,,
2026-08-30 01:20:38,autoscaler,customdas-cpu-queue-autoscaler-paymentservice,6,60,1,,,
2026-08-30 01:20:38,autoscaler,customdas-cpu-queue-autoscaler-productcatalogservice,7,60,1,,,
2026-08-30 01:20:38,autoscaler,customdas-cpu-queue-autoscaler-recommendationservice,4,60,1,,,
2026-08-30 01:20:38,autoscaler,customdas-cpu-queue-autoscaler-shippingservice,3,60,1,,,
2026-08-30 01:20:38,node,ze-master-node,2680,4143,,67.0,52.2,
2026-08-30 01:20:38,node,ze-worker-node,2406,1929,,60.2,24.3,
2026-08-30 01:20:47,deployment,adservice,54,94,1,,,
2026-08-30 01:20:47,deployment,cartservice,213,80,2,,,
2026-08-30 01:20:47,deployment,checkoutservice,41,22,2,,,
2026-08-30 01:20:47,deployment,currencyservice,293,130,2,,,
2026-08-30 01:20:47,deployment,emailservice,14,40,1,,,
2026-08-30 01:20:47,deployment,frontend,578,79,6,,,
2026-08-30 01:20:47,http_p95_latency,frontend,,,,,,201.7
2026-08-30 01:20:47,deployment,paymentservice,9,31,1,,,
2026-08-30 01:20:47,deployment,productcatalogservice,312,43,5,,,
2026-08-30 01:20:47,deployment,recommendationservice,232,127,3,,,
2026-08-30 01:20:47,deployment,redis-cart,18,32,1,,,
2026-08-30 01:20:47,deployment,shippingservice,43,16,2,,,
2026-08-30 01:20:47,autoscaler,customdas-cpu-queue-autoscaler-adservice,3,60,1,,,
2026-08-30 01:20:47,autoscaler,customdas-cpu-queue-autoscaler-cartservice,5,60,1,,,
2026-08-30 01:20:47,autoscaler,customdas-cpu-queue-autoscaler-checkoutservice,0,60,1,,,
2026-08-30 01:20:47,autoscaler,customdas-cpu-queue-autoscaler-currencyservice,4,60,1,,,
2026-08-30 01:20:47,autoscaler,customdas-cpu-queue-autoscaler-emailservice,3,60,1,,,
2026-08-30 01:20:47,autoscaler,customdas-cpu-queue-autoscaler-frontend,7,60,1,,,
2026-08-30 01:20:47,autoscaler,customdas-cpu-queue-autoscaler-paymentservice,6,60,1,,,
2026-08-30 01:20:47,autoscaler,customdas-cpu-queue-autoscaler-productcatalogservice,0,60,1,,,
2026-08-30 01:20:47,autoscaler,customdas-cpu-queue-autoscaler-recommendationservice,4,60,1,,,
2026-08-30 01:20:47,autoscaler,customdas-cpu-queue-autoscaler-shippingservice,3,60,1,,,
2026-08-30 01:20:47,node,ze-master-node,2579,4104,,64.5,51.7,
2026-08-30 01:20:47,node,ze-worker-node,2590,1930,,64.8,24.3,
2026-08-30 01:20:57,deployment,adservice,52,94,1,,,
2026-08-30 01:20:57,deployment,cartservice,170,80,2,,,
2026-08-30 01:20:57,deployment,checkoutservice,47,21,2,,,
2026-08-30 01:20:57,deployment,currencyservice,296,129,2,,,
2026-08-30 01:20:57,deployment,emailservice,16,40,1,,,
2026-08-30 01:20:57,deployment,frontend,626,79,6,,,
2026-08-30 01:20:57,http_p95_latency,frontend,,,,,,212.8
2026-08-30 01:20:57,deployment,paymentservice,11,31,1,,,
2026-08-30 01:20:57,deployment,productcatalogservice,350,42,5,,,
2026-08-30 01:20:57,deployment,recommendationservice,175,87,2,,,
2026-08-30 01:20:57,deployment,redis-cart,18,32,1,,,
2026-08-30 01:20:57,deployment,shippingservice,43,16,2,,,
2026-08-30 01:20:57,autoscaler,customdas-cpu-queue-autoscaler-adservice,3,60,1,,,
2026-08-30 01:20:57,autoscaler,customdas-cpu-queue-autoscaler-cartservice,5,60,1,,,
2026-08-30 01:20:57,autoscaler,customdas-cpu-queue-autoscaler-checkoutservice,0,60,1,,,
2026-08-30 01:20:57,autoscaler,customdas-cpu-queue-autoscaler-currencyservice,4,60,1,,,
2026-08-30 01:20:57,autoscaler,customdas-cpu-queue-autoscaler-emailservice,3,60,1,,,
2026-08-30 01:20:57,autoscaler,customdas-cpu-queue-autoscaler-frontend,7,60,1,,,
2026-08-30 01:20:57,autoscaler,customdas-cpu-queue-autoscaler-paymentservice,6,60,1,,,
2026-08-30 01:20:57,autoscaler,customdas-cpu-queue-autoscaler-productcatalogservice,0,60,1,,,
2026-08-30 01:20:57,autoscaler,customdas-cpu-queue-autoscaler-recommendationservice,4,60,1,,,
2026-08-30 01:20:57,autoscaler,customdas-cpu-queue-autoscaler-shippingservice,3,60,1,,,
2026-08-30 01:20:57,node,ze-master-node,2579,4104,,64.5,51.7,
2026-08-30 01:20:57,node,ze-worker-node,2590,1930,,64.8,24.3,
2026-08-30 01:21:06,deployment,adservice,50,94,1,,,
2026-08-30 01:21:06,deployment,cartservice,190,80,2,,,
2026-08-30 01:21:06,deployment,checkoutservice,35,21,2,,,
2026-08-30 01:21:06,deployment,currencyservice,313,127,2,,,
2026-08-30 01:21:06,deployment,emailservice,18,40,1,,,
2026-08-30 01:21:06,deployment,frontend,597,79,6,,,
2026-08-30 01:21:06,http_p95_latency,frontend,,,,,,212.8
2026-08-30 01:21:06,deployment,paymentservice,9,31,1,,,
2026-08-30 01:21:06,deployment,productcatalogservice,333,41,5,,,
2026-08-30 01:21:06,deployment,recommendationservice,186,89,2,,,
2026-08-30 01:21:06,deployment,redis-cart,17,32,1,,,
2026-08-30 01:21:06,deployment,shippingservice,37,16,2,,,
2026-08-30 01:21:06,autoscaler,customdas-cpu-queue-autoscaler-adservice,5,60,1,,,
2026-08-30 01:21:06,autoscaler,customdas-cpu-queue-autoscaler-cartservice,1,60,1,,,
2026-08-30 01:21:06,autoscaler,customdas-cpu-queue-autoscaler-checkoutservice,6,60,1,,,
2026-08-30 01:21:06,autoscaler,customdas-cpu-queue-autoscaler-currencyservice,4,60,1,,,
2026-08-30 01:21:06,autoscaler,customdas-cpu-queue-autoscaler-emailservice,3,60,1,,,
2026-08-30 01:21:06,autoscaler,customdas-cpu-queue-autoscaler-frontend,5,60,1,,,
2026-08-30 01:21:06,autoscaler,customdas-cpu-queue-autoscaler-paymentservice,3,60,1,,,
2026-08-30 01:21:06,autoscaler,customdas-cpu-queue-autoscaler-productcatalogservice,9,60,1,,,
2026-08-30 01:21:06,autoscaler,customdas-cpu-queue-autoscaler-recommendationservice,7,60,1,,,
2026-08-30 01:21:06,autoscaler,customdas-cpu-queue-autoscaler-shippingservice,3,60,1,,,
2026-08-30 01:21:06,node,ze-master-node,2489,4068,,62.2,51.2,
2026-08-30 01:21:06,node,ze-worker-node,2396,1933,,59.9,24.3,
2026-08-30 01:21:15,deployment,adservice,50,94,1,,,
2026-08-30 01:21:15,deployment,cartservice,190,80,2,,,
2026-08-30 01:21:15,deployment,checkoutservice,35,21,2,,,
2026-08-30 01:21:15,deployment,currencyservice,313,127,2,,,
2026-08-30 01:21:15,deployment,emailservice,18,40,1,,,
2026-08-30 01:21:15,deployment,frontend,597,79,6,,,
2026-08-30 01:21:15,http_p95_latency,frontend,,,,,,234.2
2026-08-30 01:21:15,deployment,paymentservice,9,31,1,,,
2026-08-30 01:21:15,deployment,productcatalogservice,333,41,5,,,
2026-08-30 01:21:15,deployment,recommendationservice,186,89,2,,,
2026-08-30 01:21:15,deployment,redis-cart,17,32,1,,,
2026-08-30 01:21:15,deployment,shippingservice,37,16,2,,,
2026-08-30 01:21:15,autoscaler,customdas-cpu-queue-autoscaler-adservice,5,60,1,,,
2026-08-30 01:21:15,autoscaler,customdas-cpu-queue-autoscaler-cartservice,1,60,1,,,
2026-08-30 01:21:15,autoscaler,customdas-cpu-queue-autoscaler-checkoutservice,6,60,1,,,
2026-08-30 01:21:15,autoscaler,customdas-cpu-queue-autoscaler-currencyservice,4,60,1,,,
2026-08-30 01:21:15,autoscaler,customdas-cpu-queue-autoscaler-emailservice,3,60,1,,,
2026-08-30 01:21:15,autoscaler,customdas-cpu-queue-autoscaler-frontend,5,60,1,,,
2026-08-30 01:21:15,autoscaler,customdas-cpu-queue-autoscaler-paymentservice,3,60,1,,,
2026-08-30 01:21:15,autoscaler,customdas-cpu-queue-autoscaler-productcatalogservice,9,60,1,,,
2026-08-30 01:21:15,autoscaler,customdas-cpu-queue-autoscaler-recommendationservice,7,60,1,,,
2026-08-30 01:21:15,autoscaler,customdas-cpu-queue-autoscaler-shippingservice,3,60,1,,,
2026-08-30 01:21:15,node,ze-master-node,2489,4068,,62.2,51.2,
2026-08-30 01:21:15,node,ze-worker-node,2396,1933,,59.9,24.3,
2026-08-30 01:21:23,deployment,adservice,43,94,1,,,
2026-08-30 01:21:23,deployment,cartservice,154,80,2,,,
2026-08-30 01:21:23,deployment,checkoutservice,37,22,2,,,
2026-08-30 01:21:23,deployment,currencyservice,265,128,2,,,
2026-08-30 01:21:23,deployment,emailservice,15,40,1,,,
2026-08-30 01:21:23,deployment,frontend,567,79,6,,,
2026-08-30 01:21:23,http_p95_latency,frontend,,,,,,234.2
2026-08-30 01:21:23,deployment,paymentservice,8,31,1,,,
2026-08-30 01:21:23,deployment,productcatalogservice,324,42,5,,,
2026-08-30 01:21:23,deployment,recommendationservice,197,87,2,,,
2026-08-30 01:21:23,deployment,redis-cart,32,32,1,,,
2026-08-30 01:21:23,deployment,shippingservice,38,16,2,,,
2026-08-30 01:21:23,autoscaler,customdas-cpu-queue-autoscaler-adservice,4,60,1,,,
2026-08-30 01:21:23,autoscaler,customdas-cpu-queue-autoscaler-cartservice,6,60,1,,,
2026-08-30 01:21:23,autoscaler,customdas-cpu-queue-autoscaler-checkoutservice,0,60,1,,,
2026-08-30 01:21:23,autoscaler,customdas-cpu-queue-autoscaler-currencyservice,5,60,1,,,
2026-08-30 01:21:23,autoscaler,customdas-cpu-queue-autoscaler-emailservice,3,60,1,,,
2026-08-30 01:21:23,autoscaler,customdas-cpu-queue-autoscaler-frontend,4,60,1,,,
2026-08-30 01:21:23,autoscaler,customdas-cpu-queue-autoscaler-paymentservice,5,60,1,,,
2026-08-30 01:21:23,autoscaler,customdas-cpu-queue-autoscaler-productcatalogservice,7,60,1,,,
2026-08-30 01:21:23,autoscaler,customdas-cpu-queue-autoscaler-recommendationservice,5,60,1,,,
2026-08-30 01:21:23,autoscaler,customdas-cpu-queue-autoscaler-shippingservice,6,60,1,,,
2026-08-30 01:21:23,node,ze-master-node,2379,4061,,59.5,51.1,
2026-08-30 01:21:23,node,ze-worker-node,2343,1931,,58.9,24.4,
2026-08-30 01:21:41,deployment,adservice,42,94,1,,,
2026-08-30 01:21:41,deployment,cartservice,92,45,1,,,
2026-08-30 01:21:41,deployment,checkoutservice,15,12,1,,,
2026-08-30 01:21:41,deployment,currencyservice,271,127,2,,,
2026-08-30 01:21:41,deployment,emailservice,15,40,1,,,
2026-08-30 01:21:41,deployment,frontend,577,79,6,,,
2026-08-30 01:21:41,http_p95_latency,frontend,,,,,,218.9
2026-08-30 01:21:41,deployment,paymentservice,11,30,1,,,
2026-08-30 01:21:41,deployment,productcatalogservice,324,42,5,,,
2026-08-30 01:21:41,deployment,recommendationservice,204,88,2,,,
2026-08-30 01:21:41,deployment,redis-cart,16,32,1,,,
2026-08-30 01:21:41,deployment,shippingservice,35,16,2,,,
2026-08-30 01:21:41,autoscaler,customdas-cpu-queue-autoscaler-adservice,4,60,1,,,
2026-08-30 01:21:41,autoscaler,customdas-cpu-queue-autoscaler-cartservice,5,60,1,,,
2026-08-30 01:21:41,autoscaler,customdas-cpu-queue-autoscaler-checkoutservice,3,60,1,,,
2026-08-30 01:21:41,autoscaler,customdas-cpu-queue-autoscaler-currencyservice,0,60,1,,,
2026-08-30 01:21:41,autoscaler,customdas-cpu-queue-autoscaler-emailservice,3,60,1,,,
2026-08-30 01:21:41,autoscaler,customdas-cpu-queue-autoscaler-frontend,8,60,1,,,
2026-08-30 01:21:41,autoscaler,customdas-cpu-queue-autoscaler-paymentservice,0,60,1,,,
2026-08-30 01:21:41,autoscaler,customdas-cpu-queue-autoscaler-productcatalogservice,5,60,1,,,
2026-08-30 01:21:41,autoscaler,customdas-cpu-queue-autoscaler-recommendationservice,0,60,1,,,
2026-08-30 01:21:41,autoscaler,customdas-cpu-queue-autoscaler-shippingservice,0,60,1,,,
2026-08-30 01:21:41,node,ze-master-node,2323,4037,,58.1,50.8,
2026-08-30 01:21:41,node,ze-worker-node,2356,1934,,58.9,24.4,
2026-08-30 01:21:48,deployment,adservice,42,94,1,,,
2026-08-30 01:21:48,deployment,cartservice,92,45,1,,,
2026-08-30 01:21:48,deployment,checkoutservice,15,12,1,,,
2026-08-30 01:21:48,deployment,currencyservice,271,127,2,,,
2026-08-30 01:21:48,deployment,emailservice,15,40,1,,,
2026-08-30 01:21:48,deployment,frontend,577,79,6,,,
2026-08-30 01:21:48,http_p95_latency,frontend,,,,,,229.3
2026-08-30 01:21:48,deployment,paymentservice,11,30,1,,,
2026-08-30 01:21:48,deployment,productcatalogservice,324,42,5,,,
2026-08-30 01:21:48,deployment,recommendationservice,204,88,2,,,
2026-08-30 01:21:48,deployment,redis-cart,14,32,1,,,
2026-08-30 01:21:48,deployment,shippingservice,16,9,1,,,
2026-08-30 01:21:48,autoscaler,customdas-cpu-queue-autoscaler-adservice,4,60,1,,,
2026-08-30 01:21:48,autoscaler,customdas-cpu-queue-autoscaler-cartservice,5,60,1,,,
2026-08-30 01:21:48,autoscaler,customdas-cpu-queue-autoscaler-checkoutservice,6,60,1,,,
2026-08-30 01:21:48,autoscaler,customdas-cpu-queue-autoscaler-currencyservice,5,60,1,,,
2026-08-30 01:21:48,autoscaler,customdas-cpu-queue-autoscaler-emailservice,5,60,1,,,
2026-08-30 01:21:48,autoscaler,customdas-cpu-queue-autoscaler-frontend,6,60,1,,,
2026-08-30 01:21:48,autoscaler,customdas-cpu-queue-autoscaler-paymentservice,8,60,1,,,
2026-08-30 01:21:48,autoscaler,customdas-cpu-queue-autoscaler-productcatalogservice,6,60,1,,,
2026-08-30 01:21:48,autoscaler,customdas-cpu-queue-autoscaler-recommendationservice,0,60,1,,,
2026-08-30 01:21:48,autoscaler,customdas-cpu-queue-autoscaler-shippingservice,4,60,1,,,
2026-08-30 01:21:48,node,ze-master-node,2293,4033,,57.3,50.8,
2026-08-30 01:21:48,node,ze-worker-node,2248,1859,,56.2,23.4,
2026-08-30 01:21:55,deployment,adservice,42,94,1,,,
2026-08-30 01:21:55,deployment,cartservice,97,45,1,,,
2026-08-30 01:21:55,deployment,checkoutservice,22,12,1,,,
2026-08-30 01:21:55,deployment,currencyservice,258,127,2,,,
2026-08-30 01:21:55,deployment,emailservice,16,40,1,,,
2026-08-30 01:21:55,deployment,frontend,558,79,6,,,
2026-08-30 01:21:55,http_p95_latency,frontend,,,,,,229.3
2026-08-30 01:21:55,deployment,paymentservice,11,30,1,,,
2026-08-30 01:21:55,deployment,productcatalogservice,318,41,5,,,
2026-08-30 01:21:55,deployment,recommendationservice,192,87,2,,,
2026-08-30 01:21:55,deployment,redis-cart,14,32,1,,,
2026-08-30 01:21:55,deployment,shippingservice,16,9,1,,,
2026-08-30 01:21:55,autoscaler,customdas-cpu-queue-autoscaler-adservice,4,60,1,,,
2026-08-30 01:21:55,autoscaler,customdas-cpu-queue-autoscaler-cartservice,5,60,1,,,
2026-08-30 01:21:55,autoscaler,customdas-cpu-queue-autoscaler-checkoutservice,6,60,1,,,
2026-08-30 01:21:55,autoscaler,customdas-cpu-queue-autoscaler-currencyservice,5,60,1,,,
2026-08-30 01:21:55,autoscaler,customdas-cpu-queue-autoscaler-emailservice,5,60,1,,,
2026-08-30 01:21:55,autoscaler,customdas-cpu-queue-autoscaler-frontend,6,60,1,,,
2026-08-30 01:21:55,autoscaler,customdas-cpu-queue-autoscaler-paymentservice,8,60,1,,,
2026-08-30 01:21:55,autoscaler,customdas-cpu-queue-autoscaler-productcatalogservice,6,60,1,,,
2026-08-30 01:21:55,autoscaler,customdas-cpu-queue-autoscaler-recommendationservice,0,60,1,,,
2026-08-30 01:21:55,autoscaler,customdas-cpu-queue-autoscaler-shippingservice,4,60,1,,,
2026-08-30 01:21:55,node,ze-master-node,2293,4033,,57.3,50.8,
2026-08-30 01:21:55,node,ze-worker-node,2248,1859,,56.2,23.4,
2026-08-30 01:22:03,deployment,adservice,42,94,1,,,
2026-08-30 01:22:03,deployment,cartservice,97,45,1,,,
2026-08-30 01:22:03,deployment,checkoutservice,22,12,1,,,
2026-08-30 01:22:03,deployment,currencyservice,258,127,2,,,
2026-08-30 01:22:03,deployment,emailservice,16,40,1,,,
2026-08-30 01:22:03,deployment,frontend,523,79,6,,,
2026-08-30 01:22:03,http_p95_latency,frontend,,,,,,266.3
2026-08-30 01:22:03,deployment,paymentservice,11,30,1,,,
2026-08-30 01:22:03,deployment,productcatalogservice,311,45,5,,,
2026-08-30 01:22:03,deployment,recommendationservice,192,87,2,,,
2026-08-30 01:22:03,deployment,redis-cart,15,32,1,,,
2026-08-30 01:22:03,deployment,shippingservice,19,9,1,,,
2026-08-30 01:22:03,autoscaler,customdas-cpu-queue-autoscaler-adservice,6,60,1,,,
2026-08-30 01:22:03,autoscaler,customdas-cpu-queue-autoscaler-cartservice,3,60,1,,,
2026-08-30 01:22:03,autoscaler,customdas-cpu-queue-autoscaler-checkoutservice,0,60,1,,,
2026-08-30 01:22:03,autoscaler,customdas-cpu-queue-autoscaler-currencyservice,6,60,1,,,
2026-08-30 01:22:03,autoscaler,customdas-cpu-queue-autoscaler-emailservice,2,60,1,,,
2026-08-30 01:22:03,autoscaler,customdas-cpu-queue-autoscaler-frontend,10,60,1,,,
2026-08-30 01:22:03,autoscaler,customdas-cpu-queue-autoscaler-paymentservice,0,60,1,,,
2026-08-30 01:22:03,autoscaler,customdas-cpu-queue-autoscaler-productcatalogservice,3,60,1,,,
2026-08-30 01:22:03,autoscaler,customdas-cpu-queue-autoscaler-recommendationservice,6,60,1,,,
2026-08-30 01:22:03,autoscaler,customdas-cpu-queue-autoscaler-shippingservice,4,60,1,,,
2026-08-30 01:22:03,node,ze-master-node,2305,4050,,57.6,51.0,
2026-08-30 01:22:03,node,ze-worker-node,2123,1860,,53.1,23.4,
2026-08-30 01:22:11,deployment,adservice,44,94,1,,,
2026-08-30 01:22:11,deployment,cartservice,90,45,1,,,
2026-08-30 01:22:11,deployment,checkoutservice,24,12,1,,,
2026-08-30 01:22:11,deployment,currencyservice,248,127,2,,,
2026-08-30 01:22:11,deployment,emailservice,16,40,1,,,
2026-08-30 01:22:11,deployment,frontend,523,79,6,,,
2026-08-30 01:22:11,http_p95_latency,frontend,,,,,,324.2
2026-08-30 01:22:11,deployment,paymentservice,11,30,1,,,
2026-08-30 01:22:11,deployment,productcatalogservice,311,45,5,,,
2026-08-30 01:22:11,deployment,recommendationservice,192,87,2,,,
2026-08-30 01:22:11,deployment,redis-cart,15,32,1,,,
2026-08-30 01:22:11,deployment,shippingservice,19,9,1,,,
2026-08-30 01:22:11,autoscaler,customdas-cpu-queue-autoscaler-adservice,6,60,1,,,
2026-08-30 01:22:11,autoscaler,customdas-cpu-queue-autoscaler-cartservice,3,60,1,,,
2026-08-30 01:22:11,autoscaler,customdas-cpu-queue-autoscaler-checkoutservice,0,60,1,,,
2026-08-30 01:22:11,autoscaler,customdas-cpu-queue-autoscaler-currencyservice,6,60,1,,,
2026-08-30 01:22:11,autoscaler,customdas-cpu-queue-autoscaler-emailservice,2,60,1,,,
2026-08-30 01:22:11,autoscaler,customdas-cpu-queue-autoscaler-frontend,10,60,1,,,
2026-08-30 01:22:11,autoscaler,customdas-cpu-queue-autoscaler-paymentservice,0,60,1,,,
2026-08-30 01:22:11,autoscaler,customdas-cpu-queue-autoscaler-productcatalogservice,3,60,1,,,
2026-08-30 01:22:11,autoscaler,customdas-cpu-queue-autoscaler-recommendationservice,6,60,1,,,
2026-08-30 01:22:11,autoscaler,customdas-cpu-queue-autoscaler-shippingservice,4,60,1,,,
2026-08-30 01:22:11,node,ze-master-node,2305,4050,,57.6,51.0,
2026-08-30 01:22:11,node,ze-worker-node,2123,1860,,53.1,23.4,
2026-08-30 01:22:21,deployment,adservice,44,94,1,,,
2026-08-30 01:22:21,deployment,cartservice,107,45,1,,,
2026-08-30 01:22:21,deployment,checkoutservice,20,12,1,,,
2026-08-30 01:22:21,deployment,currencyservice,254,128,2,,,
2026-08-30 01:22:21,deployment,emailservice,12,40,1,,,
2026-08-30 01:22:21,deployment,frontend,524,79,6,,,
2026-08-30 01:22:21,http_p95_latency,frontend,,,,,,324.2
2026-08-30 01:22:21,deployment,paymentservice,8,31,1,,,
2026-08-30 01:22:21,deployment,productcatalogservice,300,42,5,,,
2026-08-30 01:22:21,deployment,recommendationservice,183,87,2,,,
2026-08-30 01:22:21,deployment,redis-cart,14,32,1,,,
2026-08-30 01:22:21,deployment,shippingservice,24,9,1,,,
2026-08-30 01:22:21,autoscaler,customdas-cpu-queue-autoscaler-adservice,6,60,1,,,
2026-08-30 01:22:21,autoscaler,customdas-cpu-queue-autoscaler-cartservice,3,60,1,,,
2026-08-30 01:22:21,autoscaler,customdas-cpu-queue-autoscaler-checkoutservice,5,60,1,,,
2026-08-30 01:22:21,autoscaler,customdas-cpu-queue-autoscaler-currencyservice,6,60,1,,,
2026-08-30 01:22:21,autoscaler,customdas-cpu-queue-autoscaler-emailservice,5,60,1,,,
2026-08-30 01:22:21,autoscaler,customdas-cpu-queue-autoscaler-frontend,5,60,1,,,
2026-08-30 01:22:21,autoscaler,customdas-cpu-queue-autoscaler-paymentservice,5,60,1,,,
2026-08-30 01:22:21,autoscaler,customdas-cpu-queue-autoscaler-productcatalogservice,5,60,1,,,
2026-08-30 01:22:21,autoscaler,customdas-cpu-queue-autoscaler-recommendationservice,4,60,1,,,
2026-08-30 01:22:21,autoscaler,customdas-cpu-queue-autoscaler-shippingservice,3,60,1,,,
2026-08-30 01:22:21,node,ze-master-node,2152,4041,,53.8,50.9,
2026-08-30 01:22:21,node,ze-worker-node,2043,1856,,51.1,23.4,
2026-08-30 01:22:29,deployment,adservice,44,94,1,,,
2026-08-30 01:22:29,deployment,cartservice,107,45,1,,,
2026-08-30 01:22:29,deployment,checkoutservice,20,12,1,,,
2026-08-30 01:22:29,deployment,currencyservice,254,128,2,,,
2026-08-30 01:22:29,deployment,emailservice,12,40,1,,,
2026-08-30 01:22:29,deployment,frontend,524,79,6,,,
2026-08-30 01:22:29,http_p95_latency,frontend,,,,,,535.0
2026-08-30 01:22:29,deployment,paymentservice,8,31,1,,,
2026-08-30 01:22:29,deployment,productcatalogservice,300,42,5,,,
2026-08-30 01:22:29,deployment,recommendationservice,183,87,2,,,
2026-08-30 01:22:29,deployment,redis-cart,14,32,1,,,
2026-08-30 01:22:29,deployment,shippingservice,24,9,1,,,
2026-08-30 01:22:29,autoscaler,customdas-cpu-queue-autoscaler-adservice,6,60,1,,,
2026-08-30 01:22:29,autoscaler,customdas-cpu-queue-autoscaler-cartservice,3,60,1,,,
2026-08-30 01:22:29,autoscaler,customdas-cpu-queue-autoscaler-checkoutservice,5,60,1,,,
2026-08-30 01:22:29,autoscaler,customdas-cpu-queue-autoscaler-currencyservice,6,60,1,,,
2026-08-30 01:22:29,autoscaler,customdas-cpu-queue-autoscaler-emailservice,5,60,1,,,
2026-08-30 01:22:29,autoscaler,customdas-cpu-queue-autoscaler-frontend,5,60,1,,,
2026-08-30 01:22:29,autoscaler,customdas-cpu-queue-autoscaler-paymentservice,5,60,1,,,
2026-08-30 01:22:29,autoscaler,customdas-cpu-queue-autoscaler-productcatalogservice,5,60,1,,,
2026-08-30 01:22:29,autoscaler,customdas-cpu-queue-autoscaler-recommendationservice,4,60,1,,,
2026-08-30 01:22:29,autoscaler,customdas-cpu-queue-autoscaler-shippingservice,3,60,1,,,
2026-08-30 01:22:29,node,ze-master-node,2152,4041,,53.8,50.9,
2026-08-30 01:22:29,node,ze-worker-node,2043,1856,,51.1,23.4,
2026-08-30 01:22:38,deployment,adservice,38,94,1,,,
2026-08-30 01:22:38,deployment,cartservice,93,45,1,,,
2026-08-30 01:22:38,deployment,checkoutservice,25,12,1,,,
2026-08-30 01:22:38,deployment,currencyservice,251,127,2,,,
2026-08-30 01:22:38,deployment,emailservice,19,40,1,,,
2026-08-30 01:22:38,deployment,frontend,424,67,5,,,
2026-08-30 01:22:38,http_p95_latency,frontend,,,,,,535.0
2026-08-30 01:22:38,deployment,paymentservice,11,31,1,,,
2026-08-30 01:22:38,deployment,productcatalogservice,238,33,4,,,
2026-08-30 01:22:38,deployment,recommendationservice,179,89,2,,,
2026-08-30 01:22:38,deployment,redis-cart,14,32,1,,,
2026-08-30 01:22:38,deployment,shippingservice,25,9,1,,,
2026-08-30 01:22:38,autoscaler,customdas-cpu-queue-autoscaler-adservice,3,60,1,,,
2026-08-30 01:22:38,autoscaler,customdas-cpu-queue-autoscaler-cartservice,3,60,1,,,
2026-08-30 01:22:38,autoscaler,customdas-cpu-queue-autoscaler-checkoutservice,4,60,1,,,
2026-08-30 01:22:38,autoscaler,customdas-cpu-queue-autoscaler-currencyservice,3,60,1,,,
2026-08-30 01:22:38,autoscaler,customdas-cpu-queue-autoscaler-emailservice,5,60,1,,,
2026-08-30 01:22:38,autoscaler,customdas-cpu-queue-autoscaler-frontend,6,60,1,,,
2026-08-30 01:22:38,autoscaler,customdas-cpu-queue-autoscaler-paymentservice,5,60,1,,,
2026-08-30 01:22:38,autoscaler,customdas-cpu-queue-autoscaler-productcatalogservice,7,60,1,,,
2026-08-30 01:22:38,autoscaler,customdas-cpu-queue-autoscaler-recommendationservice,2,60,1,,,
2026-08-30 01:22:38,autoscaler,customdas-cpu-queue-autoscaler-shippingservice,4,60,1,,,
2026-08-30 01:22:38,node,ze-master-node,2243,4032,,56.1,50.8,
2026-08-30 01:22:38,node,ze-worker-node,1988,1857,,49.7,23.4,
2026-08-30 01:22:45,deployment,adservice,38,94,1,,,
2026-08-30 01:22:45,deployment,cartservice,93,45,1,,,
2026-08-30 01:22:45,deployment,checkoutservice,25,12,1,,,
2026-08-30 01:22:45,deployment,currencyservice,251,127,2,,,
2026-08-30 01:22:45,deployment,emailservice,19,40,1,,,
2026-08-30 01:22:45,deployment,frontend,424,67,5,,,
2026-08-30 01:22:45,http_p95_latency,frontend,,,,,,495.6
2026-08-30 01:22:45,deployment,paymentservice,11,31,1,,,
2026-08-30 01:22:45,deployment,productcatalogservice,238,33,4,,,
2026-08-30 01:22:45,deployment,recommendationservice,179,89,2,,,
2026-08-30 01:22:45,deployment,redis-cart,14,32,1,,,
2026-08-30 01:22:45,deployment,shippingservice,25,9,1,,,
2026-08-30 01:22:45,autoscaler,customdas-cpu-queue-autoscaler-adservice,3,60,1,,,
2026-08-30 01:22:45,autoscaler,customdas-cpu-queue-autoscaler-cartservice,3,60,1,,,
2026-08-30 01:22:45,autoscaler,customdas-cpu-queue-autoscaler-checkoutservice,4,60,1,,,
2026-08-30 01:22:45,autoscaler,customdas-cpu-queue-autoscaler-currencyservice,3,60,1,,,
2026-08-30 01:22:45,autoscaler,customdas-cpu-queue-autoscaler-emailservice,5,60,1,,,
2026-08-30 01:22:45,autoscaler,customdas-cpu-queue-autoscaler-frontend,6,60,1,,,
2026-08-30 01:22:45,autoscaler,customdas-cpu-queue-autoscaler-paymentservice,5,60,1,,,
2026-08-30 01:22:45,autoscaler,customdas-cpu-queue-autoscaler-productcatalogservice,7,60,1,,,
2026-08-30 01:22:45,autoscaler,customdas-cpu-queue-autoscaler-recommendationservice,2,60,1,,,
2026-08-30 01:22:45,autoscaler,customdas-cpu-queue-autoscaler-shippingservice,4,60,1,,,
2026-08-30 01:22:45,node,ze-master-node,2243,4032,,56.1,50.8,
2026-08-30 01:22:45,node,ze-worker-node,1988,1857,,49.7,23.4,
2026-08-30 01:22:52,deployment,adservice,38,94,1,,,
2026-08-30 01:22:52,deployment,cartservice,101,45,1,,,
2026-08-30 01:22:52,deployment,checkoutservice,24,12,1,,,
2026-08-30 01:22:52,deployment,currencyservice,246,127,2,,,
2026-08-30 01:22:52,deployment,emailservice,17,40,1,,,
2026-08-30 01:22:52,deployment,frontend,430,67,5,,,
2026-08-30 01:22:52,http_p95_latency,frontend,,,,,,495.6
2026-08-30 01:22:52,deployment,paymentservice,10,31,1,,,
2026-08-30 01:22:52,deployment,productcatalogservice,251,34,4,,,
2026-08-30 01:22:52,deployment,recommendationservice,180,89,2,,,
2026-08-30 01:22:52,deployment,redis-cart,14,32,1,,,
2026-08-30 01:22:52,deployment,shippingservice,23,9,1,,,
2026-08-30 01:22:52,autoscaler,customdas-cpu-queue-autoscaler-adservice,6,60,1,,,
2026-08-30 01:22:52,autoscaler,customdas-cpu-queue-autoscaler-cartservice,5,60,1,,,
2026-08-30 01:22:52,autoscaler,customdas-cpu-queue-autoscaler-checkoutservice,4,60,1,,,
2026-08-30 01:22:52,autoscaler,customdas-cpu-queue-autoscaler-currencyservice,3,60,1,,,
2026-08-30 01:22:52,autoscaler,customdas-cpu-queue-autoscaler-emailservice,4,60,1,,,
2026-08-30 01:22:52,autoscaler,customdas-cpu-queue-autoscaler-frontend,9,60,1,,,
2026-08-30 01:22:52,autoscaler,customdas-cpu-queue-autoscaler-paymentservice,3,60,1,,,
2026-08-30 01:22:52,autoscaler,customdas-cpu-queue-autoscaler-productcatalogservice,6,60,1,,,
2026-08-30 01:22:52,autoscaler,customdas-cpu-queue-autoscaler-recommendationservice,4,60,1,,,
2026-08-30 01:22:52,autoscaler,customdas-cpu-queue-autoscaler-shippingservice,4,60,1,,,
2026-08-30 01:22:52,node,ze-master-node,2252,3980,,56.3,50.1,
2026-08-30 01:22:52,node,ze-worker-node,2052,1825,,51.3,23.0,
2026-08-30 01:23:00,deployment,adservice,38,94,1,,,
2026-08-30 01:23:00,deployment,cartservice,101,45,1,,,
2026-08-30 01:23:00,deployment,checkoutservice,24,12,1,,,
2026-08-30 01:23:00,deployment,currencyservice,246,127,2,,,
2026-08-30 01:23:00,deployment,emailservice,17,40,1,,,
2026-08-30 01:23:00,deployment,frontend,430,67,5,,,
2026-08-30 01:23:00,http_p95_latency,frontend,,,,,,580.9
2026-08-30 01:23:00,deployment,paymentservice,10,31,1,,,
2026-08-30 01:23:00,deployment,productcatalogservice,251,34,4,,,
2026-08-30 01:23:00,deployment,recommendationservice,180,89,2,,,
2026-08-30 01:23:00,deployment,redis-cart,14,32,1,,,
2026-08-30 01:23:00,deployment,shippingservice,23,9,1,,,
2026-08-30 01:23:00,autoscaler,customdas-cpu-queue-autoscaler-adservice,6,60,1,,,
2026-08-30 01:23:00,autoscaler,customdas-cpu-queue-autoscaler-cartservice,4,60,1,,,
2026-08-30 01:23:00,autoscaler,customdas-cpu-queue-autoscaler-checkoutservice,4,60,1,,,
2026-08-30 01:23:00,autoscaler,customdas-cpu-queue-autoscaler-currencyservice,2,60,1,,,
2026-08-30 01:23:00,autoscaler,customdas-cpu-queue-autoscaler-emailservice,4,60,1,,,
2026-08-30 01:23:00,autoscaler,customdas-cpu-queue-autoscaler-frontend,6,60,1,,,
2026-08-30 01:23:00,autoscaler,customdas-cpu-queue-autoscaler-paymentservice,5,60,1,,,
2026-08-30 01:23:00,autoscaler,customdas-cpu-queue-autoscaler-productcatalogservice,4,60,1,,,
2026-08-30 01:23:00,autoscaler,customdas-cpu-queue-autoscaler-recommendationservice,3,60,1,,,
2026-08-30 01:23:00,autoscaler,customdas-cpu-queue-autoscaler-shippingservice,2,60,1,,,
2026-08-30 01:23:00,node,ze-master-node,2126,4007,,53.1,50.5,
2026-08-30 01:23:00,node,ze-worker-node,1867,1828,,46.7,23.0,
2026-08-30 01:23:10,deployment,adservice,37,94,1,,,
2026-08-30 01:23:10,deployment,cartservice,91,45,1,,,
2026-08-30 01:23:10,deployment,checkoutservice,25,12,1,,,
2026-08-30 01:23:10,deployment,currencyservice,249,127,2,,,
2026-08-30 01:23:10,deployment,emailservice,17,40,1,,,
2026-08-30 01:23:10,deployment,frontend,473,66,5,,,
2026-08-30 01:23:10,http_p95_latency,frontend,,,,,,580.9
2026-08-30 01:23:10,deployment,paymentservice,9,30,1,,,
2026-08-30 01:23:10,deployment,productcatalogservice,266,38,4,,,
2026-08-30 01:23:10,deployment,recommendationservice,172,87,2,,,
2026-08-30 01:23:10,deployment,redis-cart,14,32,1,,,
2026-08-30 01:23:10,deployment,shippingservice,20,9,1,,,
2026-08-30 01:23:10,autoscaler,customdas-cpu-queue-autoscaler-adservice,4,60,1,,,
2026-08-30 01:23:10,autoscaler,customdas-cpu-queue-autoscaler-cartservice,4,60,1,,,
2026-08-30 01:23:10,autoscaler,customdas-cpu-queue-autoscaler-checkoutservice,4,60,1,,,
2026-08-30 01:23:10,autoscaler,customdas-cpu-queue-autoscaler-currencyservice,2,60,1,,,
2026-08-30 01:23:10,autoscaler,customdas-cpu-queue-autoscaler-emailservice,4,60,1,,,
2026-08-30 01:23:10,autoscaler,customdas-cpu-queue-autoscaler-frontend,6,60,1,,,
2026-08-30 01:23:10,autoscaler,customdas-cpu-queue-autoscaler-paymentservice,5,60,1,,,
2026-08-30 01:23:10,autoscaler,customdas-cpu-queue-autoscaler-productcatalogservice,4,60,1,,,
2026-08-30 01:23:10,autoscaler,customdas-cpu-queue-autoscaler-recommendationservice,3,60,1,,,
2026-08-30 01:23:10,autoscaler,customdas-cpu-queue-autoscaler-shippingservice,2,60,1,,,
2026-08-30 01:23:10,node,ze-master-node,2126,4007,,53.1,50.5,
2026-08-30 01:23:10,node,ze-worker-node,1867,1828,,46.7,23.0,
2026-08-30 01:23:20,deployment,adservice,37,94,1,,,
2026-08-30 01:23:20,deployment,cartservice,97,45,1,,,
2026-08-30 01:23:20,deployment,checkoutservice,25,12,1,,,
2026-08-30 01:23:20,deployment,currencyservice,242,128,2,,,
2026-08-30 01:23:20,deployment,emailservice,15,40,1,,,
2026-08-30 01:23:20,deployment,frontend,469,67,5,,,
2026-08-30 01:23:20,http_p95_latency,frontend,,,,,,530.6
2026-08-30 01:23:20,deployment,paymentservice,11,31,1,,,
2026-08-30 01:23:20,deployment,productcatalogservice,264,33,4,,,
2026-08-30 01:23:20,deployment,recommendationservice,173,87,2,,,
2026-08-30 01:23:20,deployment,redis-cart,14,32,1,,,
2026-08-30 01:23:20,deployment,shippingservice,24,9,1,,,
2026-08-30 01:23:20,autoscaler,customdas-cpu-queue-autoscaler-adservice,10,60,1,,,
2026-08-30 01:23:20,autoscaler,customdas-cpu-queue-autoscaler-cartservice,4,60,1,,,
2026-08-30 01:23:20,autoscaler,customdas-cpu-queue-autoscaler-checkoutservice,2,60,1,,,
2026-08-30 01:23:20,autoscaler,customdas-cpu-queue-autoscaler-currencyservice,2,60,1,,,
2026-08-30 01:23:20,autoscaler,customdas-cpu-queue-autoscaler-emailservice,4,60,1,,,
2026-08-30 01:23:20,autoscaler,customdas-cpu-queue-autoscaler-frontend,8,60,1,,,
2026-08-30 01:23:20,autoscaler,customdas-cpu-queue-autoscaler-paymentservice,0,60,1,,,
2026-08-30 01:23:20,autoscaler,customdas-cpu-queue-autoscaler-productcatalogservice,7,60,1,,,
2026-08-30 01:23:20,autoscaler,customdas-cpu-queue-autoscaler-recommendationservice,4,60,1,,,
2026-08-30 01:23:20,autoscaler,customdas-cpu-queue-autoscaler-shippingservice,3,60,1,,,
2026-08-30 01:23:20,node,ze-master-node,2203,3999,,55.1,50.4,
2026-08-30 01:23:20,node,ze-worker-node,1854,1828,,46.4,23.0,
2026-08-30 01:23:29,deployment,adservice,37,94,1,,,
2026-08-30 01:23:29,deployment,cartservice,97,45,1,,,
2026-08-30 01:23:29,deployment,checkoutservice,25,12,1,,,
2026-08-30 01:23:29,deployment,currencyservice,242,128,2,,,
2026-08-30 01:23:29,deployment,emailservice,15,40,1,,,
2026-08-30 01:23:29,deployment,frontend,469,67,5,,,
2026-08-30 01:23:29,http_p95_latency,frontend,,,,,,428.3
2026-08-30 01:23:29,deployment,paymentservice,11,31,1,,,
2026-08-30 01:23:29,deployment,productcatalogservice,264,33,4,,,
2026-08-30 01:23:29,deployment,recommendationservice,173,87,2,,,
2026-08-30 01:23:29,deployment,redis-cart,14,32,1,,,
2026-08-30 01:23:29,deployment,shippingservice,24,9,1,,,
2026-08-30 01:23:29,autoscaler,customdas-cpu-queue-autoscaler-adservice,10,60,1,,,
2026-08-30 01:23:29,autoscaler,customdas-cpu-queue-autoscaler-cartservice,4,60,1,,,
2026-08-30 01:23:29,autoscaler,customdas-cpu-queue-autoscaler-checkoutservice,2,60,1,,,
2026-08-30 01:23:29,autoscaler,customdas-cpu-queue-autoscaler-currencyservice,2,60,1,,,
2026-08-30 01:23:29,autoscaler,customdas-cpu-queue-autoscaler-emailservice,4,60,1,,,
2026-08-30 01:23:29,autoscaler,customdas-cpu-queue-autoscaler-frontend,8,60,1,,,
2026-08-30 01:23:29,autoscaler,customdas-cpu-queue-autoscaler-paymentservice,0,60,1,,,
2026-08-30 01:23:29,autoscaler,customdas-cpu-queue-autoscaler-productcatalogservice,7,60,1,,,
2026-08-30 01:23:29,autoscaler,customdas-cpu-queue-autoscaler-recommendationservice,4,60,1,,,
2026-08-30 01:23:29,autoscaler,customdas-cpu-queue-autoscaler-shippingservice,3,60,1,,,
2026-08-30 01:23:29,node,ze-master-node,2203,3999,,55.1,50.4,
2026-08-30 01:23:29,node,ze-worker-node,1854,1828,,46.4,23.0,
2026-08-30 01:23:38,deployment,adservice,37,94,1,,,
2026-08-30 01:23:38,deployment,cartservice,104,45,1,,,
2026-08-30 01:23:38,deployment,checkoutservice,26,12,1,,,
2026-08-30 01:23:38,deployment,currencyservice,246,129,2,,,
2026-08-30 01:23:38,deployment,emailservice,19,40,1,,,
2026-08-30 01:23:38,deployment,frontend,473,67,5,,,
2026-08-30 01:23:38,http_p95_latency,frontend,,,,,,428.3
2026-08-30 01:23:38,deployment,paymentservice,9,31,1,,,
2026-08-30 01:23:38,deployment,productcatalogservice,268,34,4,,,
2026-08-30 01:23:38,deployment,recommendationservice,172,87,2,,,
2026-08-30 01:23:38,deployment,redis-cart,14,32,1,,,
2026-08-30 01:23:38,deployment,shippingservice,25,9,1,,,
2026-08-30 01:23:38,autoscaler,customdas-cpu-queue-autoscaler-adservice,6,60,1,,,
2026-08-30 01:23:38,autoscaler,customdas-cpu-queue-autoscaler-cartservice,3,60,1,,,
2026-08-30 01:23:38,autoscaler,customdas-cpu-queue-autoscaler-checkoutservice,4,60,1,,,
2026-08-30 01:23:38,autoscaler,customdas-cpu-queue-autoscaler-currencyservice,10,60,1,,,
2026-08-30 01:23:38,autoscaler,customdas-cpu-queue-autoscaler-emailservice,3,60,1,,,
2026-08-30 01:23:38,autoscaler,customdas-cpu-queue-autoscaler-frontend,8,60,1,,,
2026-08-30 01:23:38,autoscaler,customdas-cpu-queue-autoscaler-paymentservice,5,60,1,,,
2026-08-30 01:23:38,autoscaler,customdas-cpu-queue-autoscaler-productcatalogservice,7,60,1,,,
2026-08-30 01:23:38,autoscaler,customdas-cpu-queue-autoscaler-recommendationservice,3,60,1,,,
2026-08-30 01:23:38,autoscaler,customdas-cpu-queue-autoscaler-shippingservice,6,60,1,,,
2026-08-30 01:23:38,node,ze-master-node,2172,3990,,54.3,50.2,
2026-08-30 01:23:38,node,ze-worker-node,1881,1827,,47.0,23.0,
2026-08-30 01:23:45,deployment,adservice,37,94,1,,,
2026-08-30 01:23:45,deployment,cartservice,104,45,1,,,
2026-08-30 01:23:45,deployment,checkoutservice,26,12,1,,,
2026-08-30 01:23:45,deployment,currencyservice,246,129,2,,,
2026-08-30 01:23:45,deployment,emailservice,19,40,1,,,
2026-08-30 01:23:45,deployment,frontend,473,67,5,,,
2026-08-30 01:23:45,http_p95_latency,frontend,,,,,,334.6
2026-08-30 01:23:45,deployment,paymentservice,9,31,1,,,
2026-08-30 01:23:45,deployment,productcatalogservice,268,34,4,,,
2026-08-30 01:23:45,deployment,recommendationservice,172,87,2,,,
2026-08-30 01:23:45,deployment,redis-cart,14,32,1,,,
2026-08-30 01:23:45,deployment,shippingservice,25,9,1,,,
2026-08-30 01:23:45,autoscaler,customdas-cpu-queue-autoscaler-adservice,6,60,1,,,
2026-08-30 01:23:45,autoscaler,customdas-cpu-queue-autoscaler-cartservice,3,60,1,,,
2026-08-30 01:23:45,autoscaler,customdas-cpu-queue-autoscaler-checkoutservice,4,60,1,,,
2026-08-30 01:23:45,autoscaler,customdas-cpu-queue-autoscaler-currencyservice,10,60,1,,,
2026-08-30 01:23:45,autoscaler,customdas-cpu-queue-autoscaler-emailservice,3,60,1,,,
2026-08-30 01:23:45,autoscaler,customdas-cpu-queue-autoscaler-frontend,8,60,1,,,
2026-08-30 01:23:45,autoscaler,customdas-cpu-queue-autoscaler-paymentservice,5,60,1,,,
2026-08-30 01:23:45,autoscaler,customdas-cpu-queue-autoscaler-productcatalogservice,7,60,1,,,
2026-08-30 01:23:45,autoscaler,customdas-cpu-queue-autoscaler-recommendationservice,3,60,1,,,
2026-08-30 01:23:45,autoscaler,customdas-cpu-queue-autoscaler-shippingservice,6,60,1,,,
2026-08-30 01:23:45,node,ze-master-node,2172,3990,,54.3,50.2,
2026-08-30 01:23:45,node,ze-worker-node,1881,1827,,47.0,23.0,
2026-08-30 01:23:52,deployment,adservice,36,94,1,,,
2026-08-30 01:23:52,deployment,cartservice,98,45,1,,,
2026-08-30 01:23:52,deployment,checkoutservice,26,12,1,,,
2026-08-30 01:23:52,deployment,currencyservice,237,127,2,,,
2026-08-30 01:23:52,deployment,emailservice,14,40,1,,,
2026-08-30 01:23:52,deployment,frontend,468,67,5,,,
2026-08-30 01:23:52,http_p95_latency,frontend,,,,,,334.6
2026-08-30 01:23:52,deployment,paymentservice,9,31,1,,,
2026-08-30 01:23:52,deployment,productcatalogservice,277,33,4,,,
2026-08-30 01:23:52,deployment,recommendationservice,174,87,2,,,
2026-08-30 01:23:52,deployment,redis-cart,14,32,1,,,
2026-08-30 01:23:52,deployment,shippingservice,22,9,1,,,
2026-08-30 01:23:52,autoscaler,customdas-cpu-queue-autoscaler-adservice,7,60,1,,,
2026-08-30 01:23:52,autoscaler,customdas-cpu-queue-autoscaler-cartservice,1,60,1,,,
2026-08-30 01:23:52,autoscaler,customdas-cpu-queue-autoscaler-checkoutservice,4,60,1,,,
2026-08-30 01:23:52,autoscaler,customdas-cpu-queue-autoscaler-currencyservice,4,60,1,,,
2026-08-30 01:23:52,autoscaler,customdas-cpu-queue-autoscaler-emailservice,3,60,1,,,
2026-08-30 01:23:52,autoscaler,customdas-cpu-queue-autoscaler-frontend,11,60,1,,,
2026-08-30 01:23:52,autoscaler,customdas-cpu-queue-autoscaler-paymentservice,5,60,1,,,
2026-08-30 01:23:52,autoscaler,customdas-cpu-queue-autoscaler-productcatalogservice,5,60,1,,,
2026-08-30 01:23:52,autoscaler,customdas-cpu-queue-autoscaler-recommendationservice,5,60,1,,,
2026-08-30 01:23:52,autoscaler,customdas-cpu-queue-autoscaler-shippingservice,3,60,1,,,
2026-08-30 01:23:52,node,ze-master-node,2150,3983,,53.8,50.2,
2026-08-30 01:23:52,node,ze-worker-node,1921,1829,,48.0,23.0,
2026-08-30 01:24:01,deployment,adservice,36,94,1,,,
2026-08-30 01:24:01,deployment,cartservice,98,45,1,,,
2026-08-30 01:24:01,deployment,checkoutservice,26,12,1,,,
2026-08-30 01:24:01,deployment,currencyservice,237,127,2,,,
2026-08-30 01:24:01,deployment,emailservice,14,40,1,,,
2026-08-30 01:24:01,deployment,frontend,468,67,5,,,
2026-08-30 01:24:01,http_p95_latency,frontend,,,,,,214.5
2026-08-30 01:24:01,deployment,paymentservice,9,31,1,,,
2026-08-30 01:24:01,deployment,productcatalogservice,277,33,4,,,
2026-08-30 01:24:01,deployment,recommendationservice,174,87,2,,,
2026-08-30 01:24:01,deployment,redis-cart,14,32,1,,,
2026-08-30 01:24:01,deployment,shippingservice,22,9,1,,,
2026-08-30 01:24:01,autoscaler,customdas-cpu-queue-autoscaler-adservice,7,60,1,,,
2026-08-30 01:24:01,autoscaler,customdas-cpu-queue-autoscaler-cartservice,1,60,1,,,
2026-08-30 01:24:01,autoscaler,customdas-cpu-queue-autoscaler-checkoutservice,4,60,1,,,
2026-08-30 01:24:01,autoscaler,customdas-cpu-queue-autoscaler-currencyservice,4,60,1,,,
2026-08-30 01:24:01,autoscaler,customdas-cpu-queue-autoscaler-emailservice,3,60,1,,,
2026-08-30 01:24:01,autoscaler,customdas-cpu-queue-autoscaler-frontend,11,60,1,,,
2026-08-30 01:24:01,autoscaler,customdas-cpu-queue-autoscaler-paymentservice,5,60,1,,,
2026-08-30 01:24:01,autoscaler,customdas-cpu-queue-autoscaler-productcatalogservice,5,60,1,,,
2026-08-30 01:24:01,autoscaler,customdas-cpu-queue-autoscaler-recommendationservice,5,60,1,,,
2026-08-30 01:24:01,autoscaler,customdas-cpu-queue-autoscaler-shippingservice,3,60,1,,,
2026-08-30 01:24:01,node,ze-master-node,2150,3983,,53.8,50.2,
2026-08-30 01:24:01,node,ze-worker-node,1921,1829,,48.0,23.0,
2026-08-30 01:24:09,deployment,adservice,42,94,1,,,
2026-08-30 01:24:09,deployment,cartservice,128,45,1,,,
2026-08-30 01:24:09,deployment,checkoutservice,21,12,1,,,
2026-08-30 01:24:09,deployment,currencyservice,233,127,2,,,
2026-08-30 01:24:09,deployment,emailservice,13,40,1,,,
2026-08-30 01:24:09,deployment,frontend,474,67,5,,,
2026-08-30 01:24:09,http_p95_latency,frontend,,,,,,214.5
2026-08-30 01:24:09,deployment,paymentservice,11,31,1,,,
2026-08-30 01:24:09,deployment,productcatalogservice,275,33,4,,,
2026-08-30 01:24:09,deployment,recommendationservice,174,87,2,,,
2026-08-30 01:24:09,deployment,redis-cart,14,32,1,,,
2026-08-30 01:24:09,deployment,shippingservice,24,9,1,,,
2026-08-30 01:24:09,autoscaler,customdas-cpu-queue-autoscaler-adservice,4,60,1,,,
2026-08-30 01:24:09,autoscaler,customdas-cpu-queue-autoscaler-cartservice,4,60,1,,,
2026-08-30 01:24:09,autoscaler,customdas-cpu-queue-autoscaler-checkoutservice,3,60,1,,,
2026-08-30 01:24:09,autoscaler,customdas-cpu-queue-autoscaler-currencyservice,3,60,1,,,
2026-08-30 01:24:09,autoscaler,customdas-cpu-queue-autoscaler-emailservice,1,60,1,,,
2026-08-30 01:24:09,autoscaler,customdas-cpu-queue-autoscaler-frontend,6,60,1,,,
2026-08-30 01:24:09,autoscaler,customdas-cpu-queue-autoscaler-paymentservice,9,60,1,,,
2026-08-30 01:24:09,autoscaler,customdas-cpu-queue-autoscaler-productcatalogservice,5,60,1,,,
2026-08-30 01:24:09,autoscaler,customdas-cpu-queue-autoscaler-recommendationservice,3,60,1,,,
2026-08-30 01:24:09,autoscaler,customdas-cpu-queue-autoscaler-shippingservice,2,60,1,,,
2026-08-30 01:24:09,node,ze-master-node,2142,4036,,53.5,50.8,
2026-08-30 01:24:09,node,ze-worker-node,1917,1829,,47.9,23.0,
2026-08-30 01:24:16,deployment,adservice,42,94,1,,,
2026-08-30 01:24:16,deployment,cartservice,128,45,1,,,
2026-08-30 01:24:16,deployment,checkoutservice,21,12,1,,,
2026-08-30 01:24:16,deployment,currencyservice,233,127,2,,,
2026-08-30 01:24:16,deployment,emailservice,13,40,1,,,
2026-08-30 01:24:16,deployment,frontend,474,67,5,,,
2026-08-30 01:24:16,http_p95_latency,frontend,,,,,,207.8
2026-08-30 01:24:16,deployment,paymentservice,11,31,1,,,
2026-08-30 01:24:16,deployment,productcatalogservice,275,33,4,,,
2026-08-30 01:24:16,deployment,recommendationservice,174,87,2,,,
2026-08-30 01:24:16,deployment,redis-cart,14,32,1,,,
2026-08-30 01:24:16,deployment,shippingservice,24,9,1,,,
2026-08-30 01:24:16,autoscaler,customdas-cpu-queue-autoscaler-adservice,4,60,1,,,
2026-08-30 01:24:16,autoscaler,customdas-cpu-queue-autoscaler-cartservice,4,60,1,,,
2026-08-30 01:24:16,autoscaler,customdas-cpu-queue-autoscaler-checkoutservice,3,60,1,,,
2026-08-30 01:24:16,autoscaler,customdas-cpu-queue-autoscaler-currencyservice,3,60,1,,,
2026-08-30 01:24:16,autoscaler,customdas-cpu-queue-autoscaler-emailservice,1,60,1,,,
2026-08-30 01:24:16,autoscaler,customdas-cpu-queue-autoscaler-frontend,6,60,1,,,
2026-08-30 01:24:16,autoscaler,customdas-cpu-queue-autoscaler-paymentservice,9,60,1,,,
2026-08-30 01:24:16,autoscaler,customdas-cpu-queue-autoscaler-productcatalogservice,5,60,1,,,
2026-08-30 01:24:16,autoscaler,customdas-cpu-queue-autoscaler-recommendationservice,3,60,1,,,
2026-08-30 01:24:16,autoscaler,customdas-cpu-queue-autoscaler-shippingservice,2,60,1,,,
2026-08-30 01:24:16,node,ze-master-node,2142,4036,,53.5,50.8,
2026-08-30 01:24:16,node,ze-worker-node,1917,1829,,47.9,23.0,
2026-08-30 01:24:23,deployment,adservice,39,94,1,,,
2026-08-30 01:24:23,deployment,cartservice,87,45,1,,,
2026-08-30 01:24:23,deployment,checkoutservice,24,12,1,,,
2026-08-30 01:24:23,deployment,currencyservice,238,128,2,,,
2026-08-30 01:24:23,deployment,emailservice,16,40,1,,,
2026-08-30 01:24:23,deployment,frontend,455,67,5,,,
2026-08-30 01:24:23,http_p95_latency,frontend,,,,,,207.8
2026-08-30 01:24:23,deployment,paymentservice,9,30,1,,,
2026-08-30 01:24:23,deployment,productcatalogservice,263,34,4,,,
2026-08-30 01:24:23,deployment,recommendationservice,170,87,2,,,
2026-08-30 01:24:23,deployment,redis-cart,15,32,1,,,
2026-08-30 01:24:23,deployment,shippingservice,21,9,1,,,
2026-08-30 01:24:23,autoscaler,customdas-cpu-queue-autoscaler-adservice,3,60,1,,,
2026-08-30 01:24:23,autoscaler,customdas-cpu-queue-autoscaler-cartservice,3,60,1,,,
2026-08-30 01:24:23,autoscaler,customdas-cpu-queue-autoscaler-checkoutservice,4,60,1,,,
2026-08-30 01:24:23,autoscaler,customdas-cpu-queue-autoscaler-currencyservice,5,60,1,,,
2026-08-30 01:24:23,autoscaler,customdas-cpu-queue-autoscaler-emailservice,5,60,1,,,
2026-08-30 01:24:23,autoscaler,customdas-cpu-queue-autoscaler-frontend,9,60,1,,,
2026-08-30 01:24:23,autoscaler,customdas-cpu-queue-autoscaler-paymentservice,4,60,1,,,
2026-08-30 01:24:23,autoscaler,customdas-cpu-queue-autoscaler-productcatalogservice,5,60,1,,,
2026-08-30 01:24:23,autoscaler,customdas-cpu-queue-autoscaler-recommendationservice,6,60,1,,,
2026-08-30 01:24:23,autoscaler,customdas-cpu-queue-autoscaler-shippingservice,4,60,1,,,
2026-08-30 01:24:23,node,ze-master-node,2127,4031,,53.2,50.8,
2026-08-30 01:24:23,node,ze-worker-node,1875,1823,,46.9,23.0,
2026-08-30 01:24:30,deployment,adservice,39,94,1,,,
2026-08-30 01:24:30,deployment,cartservice,87,45,1,,,
2026-08-30 01:24:30,deployment,checkoutservice,24,12,1,,,
2026-08-30 01:24:30,deployment,currencyservice,238,128,2,,,
2026-08-30 01:24:30,deployment,emailservice,16,40,1,,,
2026-08-30 01:24:30,deployment,frontend,455,67,5,,,
2026-08-30 01:24:30,http_p95_latency,frontend,,,,,,204.0
2026-08-30 01:24:30,deployment,paymentservice,9,30,1,,,
2026-08-30 01:24:30,deployment,productcatalogservice,263,34,4,,,
2026-08-30 01:24:30,deployment,recommendationservice,170,87,2,,,
2026-08-30 01:24:30,deployment,redis-cart,15,32,1,,,
2026-08-30 01:24:30,deployment,shippingservice,21,9,1,,,
2026-08-30 01:24:30,autoscaler,customdas-cpu-queue-autoscaler-adservice,3,60,1,,,
2026-08-30 01:24:30,autoscaler,customdas-cpu-queue-autoscaler-cartservice,3,60,1,,,
2026-08-30 01:24:30,autoscaler,customdas-cpu-queue-autoscaler-checkoutservice,4,60,1,,,
2026-08-30 01:24:30,autoscaler,customdas-cpu-queue-autoscaler-currencyservice,5,60,1,,,
2026-08-30 01:24:30,autoscaler,customdas-cpu-queue-autoscaler-emailservice,5,60,1,,,
2026-08-30 01:24:30,autoscaler,customdas-cpu-queue-autoscaler-frontend,9,60,1,,,
2026-08-30 01:24:30,autoscaler,customdas-cpu-queue-autoscaler-paymentservice,4,60,1,,,
2026-08-30 01:24:30,autoscaler,customdas-cpu-queue-autoscaler-productcatalogservice,5,60,1,,,
2026-08-30 01:24:30,autoscaler,customdas-cpu-queue-autoscaler-recommendationservice,6,60,1,,,
2026-08-30 01:24:30,autoscaler,customdas-cpu-queue-autoscaler-shippingservice,4,60,1,,,
2026-08-30 01:24:30,node,ze-master-node,2127,4031,,53.2,50.8,
2026-08-30 01:24:30,node,ze-worker-node,1875,1823,,46.9,23.0,
2026-08-30 01:24:37,deployment,adservice,37,94,1,,,
2026-08-30 01:24:37,deployment,cartservice,114,45,1,,,
2026-08-30 01:24:37,deployment,checkoutservice,25,12,1,,,
2026-08-30 01:24:37,deployment,currencyservice,219,128,2,,,
2026-08-30 01:24:37,deployment,emailservice,18,40,1,,,
2026-08-30 01:24:37,deployment,frontend,463,67,5,,,
2026-08-30 01:24:37,http_p95_latency,frontend,,,,,,204.0
2026-08-30 01:24:37,deployment,paymentservice,9,30,1,,,
2026-08-30 01:24:37,deployment,productcatalogservice,257,34,4,,,
2026-08-30 01:24:37,deployment,recommendationservice,168,87,2,,,
2026-08-30 01:24:37,deployment,redis-cart,14,32,1,,,
2026-08-30 01:24:37,deployment,shippingservice,21,9,1,,,
2026-08-30 01:24:37,autoscaler,customdas-cpu-queue-autoscaler-adservice,7,60,1,,,
2026-08-30 01:24:37,autoscaler,customdas-cpu-queue-autoscaler-cartservice,3,60,1,,,
2026-08-30 01:24:37,autoscaler,customdas-cpu-queue-autoscaler-checkoutservice,4,60,1,,,
2026-08-30 01:24:37,autoscaler,customdas-cpu-queue-autoscaler-currencyservice,4,60,1,,,
2026-08-30 01:24:37,autoscaler,customdas-cpu-queue-autoscaler-emailservice,5,60,1,,,
2026-08-30 01:24:37,autoscaler,customdas-cpu-queue-autoscaler-frontend,7,60,1,,,
2026-08-30 01:24:37,autoscaler,customdas-cpu-queue-autoscaler-paymentservice,4,60,1,,,
2026-08-30 01:24:37,autoscaler,customdas-cpu-queue-autoscaler-productcatalogservice,8,60,1,,,
2026-08-30 01:24:37,autoscaler,customdas-cpu-queue-autoscaler-recommendationservice,6,60,1,,,
2026-08-30 01:24:37,autoscaler,customdas-cpu-queue-autoscaler-shippingservice,3,60,1,,,
2026-08-30 01:24:37,node,ze-master-node,2165,4044,,54.1,50.9,
2026-08-30 01:24:37,node,ze-worker-node,1865,1824,,46.6,23.0,
2026-08-30 01:24:46,deployment,adservice,37,94,1,,,
2026-08-30 01:24:46,deployment,cartservice,114,45,1,,,
2026-08-30 01:24:46,deployment,checkoutservice,25,12,1,,,
2026-08-30 01:24:46,deployment,currencyservice,219,128,2,,,
2026-08-30 01:24:46,deployment,emailservice,18,40,1,,,
2026-08-30 01:24:46,deployment,frontend,376,54,4,,,
2026-08-30 01:24:46,http_p95_latency,frontend,,,,,,201.8
2026-08-30 01:24:46,deployment,paymentservice,9,30,1,,,
2026-08-30 01:24:46,deployment,productcatalogservice,257,34,4,,,
2026-08-30 01:24:46,deployment,recommendationservice,168,87,2,,,
2026-08-30 01:24:46,deployment,redis-cart,14,32,1,,,
2026-08-30 01:24:46,deployment,shippingservice,21,9,1,,,
2026-08-30 01:24:46,autoscaler,customdas-cpu-queue-autoscaler-adservice,7,60,1,,,
2026-08-30 01:24:46,autoscaler,customdas-cpu-queue-autoscaler-cartservice,3,60,1,,,
2026-08-30 01:24:46,autoscaler,customdas-cpu-queue-autoscaler-checkoutservice,4,60,1,,,
2026-08-30 01:24:46,autoscaler,customdas-cpu-queue-autoscaler-currencyservice,4,60,1,,,
2026-08-30 01:24:46,autoscaler,customdas-cpu-queue-autoscaler-emailservice,5,60,1,,,
2026-08-30 01:24:46,autoscaler,customdas-cpu-queue-autoscaler-frontend,7,60,1,,,
2026-08-30 01:24:46,autoscaler,customdas-cpu-queue-autoscaler-paymentservice,4,60,1,,,
2026-08-30 01:24:46,autoscaler,customdas-cpu-queue-autoscaler-productcatalogservice,8,60,1,,,
2026-08-30 01:24:46,autoscaler,customdas-cpu-queue-autoscaler-recommendationservice,6,60,1,,,
2026-08-30 01:24:46,autoscaler,customdas-cpu-queue-autoscaler-shippingservice,3,60,1,,,
2026-08-30 01:24:46,node,ze-master-node,2165,4044,,54.1,50.9,
2026-08-30 01:24:46,node,ze-worker-node,1865,1824,,46.6,23.0,
2026-08-30 01:24:53,deployment,adservice,37,94,1,,,
2026-08-30 01:24:53,deployment,cartservice,115,45,1,,,
2026-08-30 01:24:53,deployment,checkoutservice,22,12,1,,,
2026-08-30 01:24:53,deployment,currencyservice,237,129,2,,,
2026-08-30 01:24:53,deployment,emailservice,16,40,1,,,
2026-08-30 01:24:53,deployment,frontend,397,55,4,,,
2026-08-30 01:24:53,http_p95_latency,frontend,,,,,,201.8
2026-08-30 01:24:53,deployment,paymentservice,11,30,1,,,
2026-08-30 01:24:53,deployment,productcatalogservice,275,33,4,,,
2026-08-30 01:24:53,deployment,recommendationservice,173,87,2,,,
2026-08-30 01:24:53,deployment,redis-cart,15,32,1,,,
2026-08-30 01:24:53,deployment,shippingservice,22,9,1,,,
2026-08-30 01:24:53,autoscaler,customdas-cpu-queue-autoscaler-adservice,6,60,1,,,
2026-08-30 01:24:53,autoscaler,customdas-cpu-queue-autoscaler-cartservice,5,60,1,,,
2026-08-30 01:24:53,autoscaler,customdas-cpu-queue-autoscaler-checkoutservice,3,60,1,,,
2026-08-30 01:24:53,autoscaler,customdas-cpu-queue-autoscaler-currencyservice,3,60,1,,,
2026-08-30 01:24:53,autoscaler,customdas-cpu-queue-autoscaler-emailservice,4,60,1,,,
2026-08-30 01:24:53,autoscaler,customdas-cpu-queue-autoscaler-frontend,8,60,1,,,
2026-08-30 01:24:53,autoscaler,customdas-cpu-queue-autoscaler-paymentservice,4,60,1,,,
2026-08-30 01:24:53,autoscaler,customdas-cpu-queue-autoscaler-productcatalogservice,5,60,1,,,
2026-08-30 01:24:53,autoscaler,customdas-cpu-queue-autoscaler-recommendationservice,3,60,1,,,
2026-08-30 01:24:53,autoscaler,customdas-cpu-queue-autoscaler-shippingservice,3,60,1,,,
2026-08-30 01:24:53,node,ze-master-node,2277,4019,,56.9,50.6,
2026-08-30 01:24:53,node,ze-worker-node,2012,1826,,50.3,23.0,
2026-08-30 01:25:00,deployment,adservice,37,94,1,,,
2026-08-30 01:25:00,deployment,cartservice,115,45,1,,,
2026-08-30 01:25:00,deployment,checkoutservice,22,12,1,,,
2026-08-30 01:25:00,deployment,currencyservice,237,129,2,,,
2026-08-30 01:25:00,deployment,emailservice,16,40,1,,,
2026-08-30 01:25:00,deployment,frontend,397,55,4,,,
2026-08-30 01:25:00,http_p95_latency,frontend,,,,,,221.5
2026-08-30 01:25:00,deployment,paymentservice,11,30,1,,,
2026-08-30 01:25:00,deployment,productcatalogservice,275,33,4,,,
2026-08-30 01:25:00,deployment,recommendationservice,173,87,2,,,
2026-08-30 01:25:00,deployment,redis-cart,15,32,1,,,
2026-08-30 01:25:00,deployment,shippingservice,22,9,1,,,
2026-08-30 01:25:00,autoscaler,customdas-cpu-queue-autoscaler-adservice,6,60,1,,,
2026-08-30 01:25:00,autoscaler,customdas-cpu-queue-autoscaler-cartservice,5,60,1,,,
2026-08-30 01:25:00,autoscaler,customdas-cpu-queue-autoscaler-checkoutservice,3,60,1,,,
2026-08-30 01:25:00,autoscaler,customdas-cpu-queue-autoscaler-currencyservice,3,60,1,,,
2026-08-30 01:25:00,autoscaler,customdas-cpu-queue-autoscaler-emailservice,4,60,1,,,
2026-08-30 01:25:00,autoscaler,customdas-cpu-queue-autoscaler-frontend,8,60,1,,,
2026-08-30 01:25:00,autoscaler,customdas-cpu-queue-autoscaler-paymentservice,4,60,1,,,
2026-08-30 01:25:00,autoscaler,customdas-cpu-queue-autoscaler-productcatalogservice,5,60,1,,,
2026-08-30 01:25:00,autoscaler,customdas-cpu-queue-autoscaler-recommendationservice,3,60,1,,,
2026-08-30 01:25:00,autoscaler,customdas-cpu-queue-autoscaler-shippingservice,3,60,1,,,
2026-08-30 01:25:00,node,ze-master-node,2277,4019,,56.9,50.6,
2026-08-30 01:25:00,node,ze-worker-node,2012,1826,,50.3,23.0,
2026-08-30 01:25:08,deployment,adservice,40,94,1,,,
2026-08-30 01:25:08,deployment,cartservice,144,45,1,,,
2026-08-30 01:25:08,deployment,checkoutservice,25,12,1,,,
2026-08-30 01:25:08,deployment,currencyservice,268,127,2,,,
2026-08-30 01:25:08,deployment,emailservice,16,40,1,,,
2026-08-30 01:25:08,deployment,frontend,502,53,4,,,
2026-08-30 01:25:08,http_p95_latency,frontend,,,,,,221.5
2026-08-30 01:25:08,deployment,paymentservice,8,33,1,,,
2026-08-30 01:25:08,deployment,productcatalogservice,293,34,4,,,
2026-08-30 01:25:08,deployment,recommendationservice,179,87,2,,,
2026-08-30 01:25:08,deployment,redis-cart,15,32,1,,,
2026-08-30 01:25:08,deployment,shippingservice,24,9,1,,,
2026-08-30 01:25:08,autoscaler,customdas-cpu-queue-autoscaler-adservice,3,60,1,,,
2026-08-30 01:25:08,autoscaler,customdas-cpu-queue-autoscaler-cartservice,5,60,1,,,
2026-08-30 01:25:08,autoscaler,customdas-cpu-queue-autoscaler-checkoutservice,5,60,1,,,
2026-08-30 01:25:08,autoscaler,customdas-cpu-queue-autoscaler-currencyservice,3,60,1,,,
2026-08-30 01:25:08,autoscaler,customdas-cpu-queue-autoscaler-emailservice,0,60,1,,,
2026-08-30 01:25:08,autoscaler,customdas-cpu-queue-autoscaler-frontend,0,60,1,,,
2026-08-30 01:25:08,autoscaler,customdas-cpu-queue-autoscaler-paymentservice,5,60,1,,,
2026-08-30 01:25:08,autoscaler,customdas-cpu-queue-autoscaler-productcatalogservice,7,60,1,,,
2026-08-30 01:25:08,autoscaler,customdas-cpu-queue-autoscaler-recommendationservice,4,60,1,,,
2026-08-30 01:25:08,autoscaler,customdas-cpu-queue-autoscaler-shippingservice,4,60,1,,,
2026-08-30 01:25:08,node,ze-master-node,2282,4025,,57.0,50.7,
2026-08-30 01:25:08,node,ze-worker-node,2119,1825,,53.0,23.0,
2026-08-30 01:25:15,deployment,adservice,40,94,1,,,
2026-08-30 01:25:15,deployment,cartservice,144,45,1,,,
2026-08-30 01:25:15,deployment,checkoutservice,25,12,1,,,
2026-08-30 01:25:15,deployment,currencyservice,268,127,2,,,
2026-08-30 01:25:15,deployment,emailservice,16,40,1,,,
2026-08-30 01:25:15,deployment,frontend,502,53,4,,,
2026-08-30 01:25:15,http_p95_latency,frontend,,,,,,201.6
2026-08-30 01:25:15,deployment,paymentservice,8,33,1,,,
2026-08-30 01:25:15,deployment,productcatalogservice,293,34,4,,,
2026-08-30 01:25:15,deployment,recommendationservice,179,87,2,,,
2026-08-30 01:25:15,deployment,redis-cart,15,32,1,,,
2026-08-30 01:25:15,deployment,shippingservice,24,9,1,,,
2026-08-30 01:25:15,autoscaler,customdas-cpu-queue-autoscaler-adservice,3,60,1,,,
2026-08-30 01:25:15,autoscaler,customdas-cpu-queue-autoscaler-cartservice,5,60,1,,,
2026-08-30 01:25:15,autoscaler,customdas-cpu-queue-autoscaler-checkoutservice,5,60,1,,,
2026-08-30 01:25:15,autoscaler,customdas-cpu-queue-autoscaler-currencyservice,3,60,1,,,
2026-08-30 01:25:15,autoscaler,customdas-cpu-queue-autoscaler-emailservice,0,60,1,,,
2026-08-30 01:25:15,autoscaler,customdas-cpu-queue-autoscaler-frontend,0,60,1,,,
2026-08-30 01:25:15,autoscaler,customdas-cpu-queue-autoscaler-paymentservice,5,60,1,,,
2026-08-30 01:25:15,autoscaler,customdas-cpu-queue-autoscaler-productcatalogservice,7,60,1,,,
2026-08-30 01:25:15,autoscaler,customdas-cpu-queue-autoscaler-recommendationservice,4,60,1,,,
2026-08-30 01:25:15,autoscaler,customdas-cpu-queue-autoscaler-shippingservice,4,60,1,,,
2026-08-30 01:25:15,node,ze-master-node,2282,4025,,57.0,50.7,
2026-08-30 01:25:15,node,ze-worker-node,2119,1825,,53.0,23.0,
2026-08-30 01:25:22,deployment,adservice,41,94,1,,,
2026-08-30 01:25:22,deployment,cartservice,131,45,1,,,
2026-08-30 01:25:22,deployment,checkoutservice,25,12,1,,,
2026-08-30 01:25:22,deployment,currencyservice,258,127,2,,,
2026-08-30 01:25:22,deployment,emailservice,15,40,1,,,
2026-08-30 01:25:22,deployment,frontend,528,54,4,,,
2026-08-30 01:25:22,http_p95_latency,frontend,,,,,,201.6
2026-08-30 01:25:22,deployment,paymentservice,9,31,1,,,
2026-08-30 01:25:22,deployment,productcatalogservice,300,35,4,,,
2026-08-30 01:25:22,deployment,recommendationservice,188,87,2,,,
2026-08-30 01:25:22,deployment,redis-cart,15,32,1,,,
2026-08-30 01:25:22,deployment,shippingservice,25,9,1,,,
2026-08-30 01:25:22,autoscaler,customdas-cpu-queue-autoscaler-adservice,6,60,1,,,
2026-08-30 01:25:22,autoscaler,customdas-cpu-queue-autoscaler-cartservice,2,60,1,,,
2026-08-30 01:25:22,autoscaler,customdas-cpu-queue-autoscaler-checkoutservice,1,60,1,,,
2026-08-30 01:25:22,autoscaler,customdas-cpu-queue-autoscaler-currencyservice,5,60,1,,,
2026-08-30 01:25:22,autoscaler,customdas-cpu-queue-autoscaler-emailservice,0,60,1,,,
2026-08-30 01:25:22,autoscaler,customdas-cpu-queue-autoscaler-frontend,6,60,1,,,
2026-08-30 01:25:22,autoscaler,customdas-cpu-queue-autoscaler-paymentservice,2,60,1,,,
2026-08-30 01:25:22,autoscaler,customdas-cpu-queue-autoscaler-productcatalogservice,3,60,1,,,
2026-08-30 01:25:22,autoscaler,customdas-cpu-queue-autoscaler-recommendationservice,2,60,1,,,
2026-08-30 01:25:22,autoscaler,customdas-cpu-queue-autoscaler-shippingservice,4,60,1,,,
2026-08-30 01:25:22,node,ze-master-node,2224,4017,,55.6,50.6,
2026-08-30 01:25:22,node,ze-worker-node,2196,1827,,54.9,23.0,
2026-08-30 01:25:32,deployment,adservice,41,94,1,,,
2026-08-30 01:25:32,deployment,cartservice,131,45,1,,,
2026-08-30 01:25:32,deployment,checkoutservice,25,12,1,,,
2026-08-30 01:25:32,deployment,currencyservice,258,127,2,,,
2026-08-30 01:25:32,deployment,emailservice,15,40,1,,,
2026-08-30 01:25:32,deployment,frontend,528,54,4,,,
2026-08-30 01:25:32,http_p95_latency,frontend,,,,,,225.5
2026-08-30 01:25:32,deployment,paymentservice,9,31,1,,,
2026-08-30 01:25:32,deployment,productcatalogservice,300,35,4,,,
2026-08-30 01:25:32,deployment,recommendationservice,188,87,2,,,
2026-08-30 01:25:32,deployment,redis-cart,15,32,1,,,
2026-08-30 01:25:32,deployment,shippingservice,25,9,1,,,
2026-08-30 01:25:32,autoscaler,customdas-cpu-queue-autoscaler-adservice,6,60,1,,,
2026-08-30 01:25:32,autoscaler,customdas-cpu-queue-autoscaler-cartservice,2,60,1,,,
2026-08-30 01:25:32,autoscaler,customdas-cpu-queue-autoscaler-checkoutservice,1,60,1,,,
2026-08-30 01:25:32,autoscaler,customdas-cpu-queue-autoscaler-currencyservice,5,60,1,,,
2026-08-30 01:25:32,autoscaler,customdas-cpu-queue-autoscaler-emailservice,0,60,1,,,
2026-08-30 01:25:32,autoscaler,customdas-cpu-queue-autoscaler-frontend,6,60,1,,,
2026-08-30 01:25:32,autoscaler,customdas-cpu-queue-autoscaler-paymentservice,2,60,1,,,
2026-08-30 01:25:32,autoscaler,customdas-cpu-queue-autoscaler-productcatalogservice,3,60,1,,,
2026-08-30 01:25:32,autoscaler,customdas-cpu-queue-autoscaler-recommendationservice,2,60,1,,,
2026-08-30 01:25:32,autoscaler,customdas-cpu-queue-autoscaler-shippingservice,4,60,1,,,
2026-08-30 01:25:32,node,ze-master-node,2224,4017,,55.6,50.6,
2026-08-30 01:25:32,node,ze-worker-node,2196,1827,,54.9,23.0,
2026-08-30 01:25:39,deployment,adservice,42,94,1,,,
2026-08-30 01:25:39,deployment,cartservice,114,45,1,,,
2026-08-30 01:25:39,deployment,checkoutservice,27,12,1,,,
2026-08-30 01:25:39,deployment,currencyservice,257,128,2,,,
2026-08-30 01:25:39,deployment,emailservice,16,40,1,,,
2026-08-30 01:25:39,deployment,frontend,530,54,4,,,
2026-08-30 01:25:39,http_p95_latency,frontend,,,,,,225.5
2026-08-30 01:25:39,deployment,paymentservice,11,31,1,,,
2026-08-30 01:25:39,deployment,productcatalogservice,303,34,4,,,
2026-08-30 01:25:39,deployment,recommendationservice,205,87,2,,,
2026-08-30 01:25:39,deployment,redis-cart,37,32,1,,,
2026-08-30 01:25:39,deployment,shippingservice,30,9,1,,,
2026-08-30 01:25:39,autoscaler,customdas-cpu-queue-autoscaler-adservice,7,60,1,,,
2026-08-30 01:25:39,autoscaler,customdas-cpu-queue-autoscaler-cartservice,3,60,1,,,
2026-08-30 01:25:39,autoscaler,customdas-cpu-queue-autoscaler-checkoutservice,5,60,1,,,
2026-08-30 01:25:39,autoscaler,customdas-cpu-queue-autoscaler-currencyservice,4,60,1,,,
2026-08-30 01:25:39,autoscaler,customdas-cpu-queue-autoscaler-emailservice,5,60,1,,,
2026-08-30 01:25:39,autoscaler,customdas-cpu-queue-autoscaler-frontend,5,60,1,,,
2026-08-30 01:25:39,autoscaler,customdas-cpu-queue-autoscaler-paymentservice,5,60,1,,,
2026-08-30 01:25:39,autoscaler,customdas-cpu-queue-autoscaler-productcatalogservice,5,60,1,,,
2026-08-30 01:25:39,autoscaler,customdas-cpu-queue-autoscaler-recommendationservice,4,60,1,,,
2026-08-30 01:25:39,autoscaler,customdas-cpu-queue-autoscaler-shippingservice,5,60,1,,,
2026-08-30 01:25:39,node,ze-master-node,2301,4025,,57.5,50.7,
2026-08-30 01:25:39,node,ze-worker-node,2082,1827,,52.0,23.0,
2026-08-30 01:25:47,deployment,adservice,42,94,1,,,
2026-08-30 01:25:47,deployment,cartservice,114,45,1,,,
2026-08-30 01:25:47,deployment,checkoutservice,27,12,1,,,
2026-08-30 01:25:47,deployment,currencyservice,257,128,2,,,
2026-08-30 01:25:47,deployment,emailservice,16,40,1,,,
2026-08-30 01:25:47,deployment,frontend,530,54,5,,,
2026-08-30 01:25:47,http_p95_latency,frontend,,,,,,233.0
2026-08-30 01:25:47,deployment,paymentservice,11,31,1,,,
2026-08-30 01:25:47,deployment,productcatalogservice,303,34,4,,,
2026-08-30 01:25:47,deployment,recommendationservice,205,87,2,,,
2026-08-30 01:25:47,deployment,redis-cart,37,32,1,,,
2026-08-30 01:25:47,deployment,shippingservice,30,9,1,,,
2026-08-30 01:25:47,autoscaler,customdas-cpu-queue-autoscaler-adservice,7,60,1,,,
2026-08-30 01:25:47,autoscaler,customdas-cpu-queue-autoscaler-cartservice,3,60,1,,,
2026-08-30 01:25:47,autoscaler,customdas-cpu-queue-autoscaler-checkoutservice,5,60,1,,,
2026-08-30 01:25:47,autoscaler,customdas-cpu-queue-autoscaler-currencyservice,4,60,1,,,
2026-08-30 01:25:47,autoscaler,customdas-cpu-queue-autoscaler-emailservice,5,60,1,,,
2026-08-30 01:25:47,autoscaler,customdas-cpu-queue-autoscaler-frontend,5,60,1,,,
2026-08-30 01:25:47,autoscaler,customdas-cpu-queue-autoscaler-paymentservice,5,60,1,,,
2026-08-30 01:25:47,autoscaler,customdas-cpu-queue-autoscaler-productcatalogservice,5,60,1,,,
2026-08-30 01:25:47,autoscaler,customdas-cpu-queue-autoscaler-recommendationservice,4,60,1,,,
2026-08-30 01:25:47,autoscaler,customdas-cpu-queue-autoscaler-shippingservice,5,60,1,,,
2026-08-30 01:25:47,node,ze-master-node,2540,4003,,63.5,50.4,
2026-08-30 01:25:47,node,ze-worker-node,2185,1839,,54.6,23.2,
2026-08-30 01:25:54,deployment,adservice,37,94,1,,,
2026-08-30 01:25:54,deployment,cartservice,108,47,1,,,
2026-08-30 01:25:54,deployment,checkoutservice,28,12,1,,,
2026-08-30 01:25:54,deployment,currencyservice,257,128,2,,,
2026-08-30 01:25:54,deployment,emailservice,17,40,1,,,
2026-08-30 01:25:54,deployment,frontend,528,53,5,,,
2026-08-30 01:25:54,http_p95_latency,frontend,,,,,,233.0
2026-08-30 01:25:54,deployment,paymentservice,8,31,1,,,
2026-08-30 01:25:54,deployment,productcatalogservice,306,33,4,,,
2026-08-30 01:25:54,deployment,recommendationservice,196,87,2,,,
2026-08-30 01:25:54,deployment,redis-cart,14,32,1,,,
2026-08-30 01:25:54,deployment,shippingservice,25,9,1,,,
2026-08-30 01:25:54,autoscaler,customdas-cpu-queue-autoscaler-adservice,3,60,1,,,
2026-08-30 01:25:54,autoscaler,customdas-cpu-queue-autoscaler-cartservice,5,60,1,,,
2026-08-30 01:25:54,autoscaler,customdas-cpu-queue-autoscaler-checkoutservice,5,60,1,,,
2026-08-30 01:25:54,autoscaler,customdas-cpu-queue-autoscaler-currencyservice,7,60,1,,,
2026-08-30 01:25:54,autoscaler,customdas-cpu-queue-autoscaler-emailservice,3,60,1,,,
2026-08-30 01:25:54,autoscaler,customdas-cpu-queue-autoscaler-frontend,9,60,1,,,
2026-08-30 01:25:54,autoscaler,customdas-cpu-queue-autoscaler-paymentservice,6,60,1,,,
2026-08-30 01:25:54,autoscaler,customdas-cpu-queue-autoscaler-productcatalogservice,5,60,1,,,
2026-08-30 01:25:54,autoscaler,customdas-cpu-queue-autoscaler-recommendationservice,7,60,1,,,
2026-08-30 01:25:54,autoscaler,customdas-cpu-queue-autoscaler-shippingservice,7,60,1,,,
2026-08-30 01:25:54,node,ze-master-node,2540,4003,,63.5,50.4,
2026-08-30 01:25:54,node,ze-worker-node,2185,1839,,54.6,23.2,
2026-08-30 01:26:02,deployment,adservice,37,94,1,,,
2026-08-30 01:26:02,deployment,cartservice,108,47,1,,,
2026-08-30 01:26:02,deployment,checkoutservice,28,12,1,,,
2026-08-30 01:26:02,deployment,currencyservice,257,128,2,,,
2026-08-30 01:26:02,deployment,emailservice,17,40,1,,,
2026-08-30 01:26:02,deployment,frontend,528,53,5,,,
2026-08-30 01:26:02,http_p95_latency,frontend,,,,,,243.1
2026-08-30 01:26:02,deployment,paymentservice,8,31,1,,,
2026-08-30 01:26:02,deployment,productcatalogservice,306,33,4,,,
2026-08-30 01:26:02,deployment,recommendationservice,196,87,2,,,
2026-08-30 01:26:02,deployment,redis-cart,14,32,1,,,
2026-08-30 01:26:02,deployment,shippingservice,25,9,1,,,
2026-08-30 01:26:02,autoscaler,customdas-cpu-queue-autoscaler-adservice,3,60,1,,,
2026-08-30 01:26:02,autoscaler,customdas-cpu-queue-autoscaler-cartservice,5,60,1,,,
2026-08-30 01:26:02,autoscaler,customdas-cpu-queue-autoscaler-checkoutservice,5,60,1,,,
2026-08-30 01:26:02,autoscaler,customdas-cpu-queue-autoscaler-currencyservice,7,60,1,,,
2026-08-30 01:26:02,autoscaler,customdas-cpu-queue-autoscaler-emailservice,3,60,1,,,
2026-08-30 01:26:02,autoscaler,customdas-cpu-queue-autoscaler-frontend,9,60,1,,,
2026-08-30 01:26:02,autoscaler,customdas-cpu-queue-autoscaler-paymentservice,6,60,1,,,
2026-08-30 01:26:02,autoscaler,customdas-cpu-queue-autoscaler-productcatalogservice,5,60,1,,,
2026-08-30 01:26:02,autoscaler,customdas-cpu-queue-autoscaler-recommendationservice,7,60,1,,,
2026-08-30 01:26:02,autoscaler,customdas-cpu-queue-autoscaler-shippingservice,7,60,1,,,
2026-08-30 01:26:02,node,ze-master-node,2540,4003,,63.5,50.4,
2026-08-30 01:26:02,node,ze-worker-node,2185,1839,,54.6,23.2,
2026-08-30 01:26:09,deployment,adservice,46,94,1,,,
2026-08-30 01:26:09,deployment,cartservice,124,45,1,,,
2026-08-30 01:26:09,deployment,checkoutservice,30,12,1,,,
2026-08-30 01:26:09,deployment,currencyservice,281,127,2,,,
2026-08-30 01:26:09,deployment,emailservice,17,43,1,,,
2026-08-30 01:26:09,deployment,frontend,611,62,5,,,
2026-08-30 01:26:09,http_p95_latency,frontend,,,,,,243.1
2026-08-30 01:26:09,deployment,paymentservice,11,31,1,,,
2026-08-30 01:26:09,deployment,productcatalogservice,305,33,4,,,
2026-08-30 01:26:09,deployment,recommendationservice,201,87,2,,,
2026-08-30 01:26:09,deployment,redis-cart,16,32,1,,,
2026-08-30 01:26:09,deployment,shippingservice,27,9,1,,,
2026-08-30 01:26:09,autoscaler,customdas-cpu-queue-autoscaler-adservice,0,60,1,,,
2026-08-30 01:26:09,autoscaler,customdas-cpu-queue-autoscaler-cartservice,4,60,1,,,
2026-08-30 01:26:09,autoscaler,customdas-cpu-queue-autoscaler-checkoutservice,4,60,1,,,
2026-08-30 01:26:09,autoscaler,customdas-cpu-queue-autoscaler-currencyservice,0,60,1,,,
2026-08-30 01:26:09,autoscaler,customdas-cpu-queue-autoscaler-emailservice,4,60,1,,,
2026-08-30 01:26:09,autoscaler,customdas-cpu-queue-autoscaler-frontend,7,60,1,,,
2026-08-30 01:26:09,autoscaler,customdas-cpu-queue-autoscaler-paymentservice,6,60,1,,,
2026-08-30 01:26:09,autoscaler,customdas-cpu-queue-autoscaler-productcatalogservice,8,60,1,,,
2026-08-30 01:26:09,autoscaler,customdas-cpu-queue-autoscaler-recommendationservice,6,60,1,,,
2026-08-30 01:26:09,autoscaler,customdas-cpu-queue-autoscaler-shippingservice,3,60,1,,,
2026-08-30 01:26:09,node,ze-master-node,2414,4027,,60.4,50.7,
2026-08-30 01:26:09,node,ze-worker-node,2277,1841,,56.9,23.2,
2026-08-30 01:26:16,deployment,adservice,46,94,1,,,
2026-08-30 01:26:16,deployment,cartservice,124,45,1,,,
2026-08-30 01:26:16,deployment,checkoutservice,30,12,1,,,
2026-08-30 01:26:16,deployment,currencyservice,281,127,2,,,
2026-08-30 01:26:16,deployment,emailservice,17,43,1,,,
2026-08-30 01:26:16,deployment,frontend,611,62,5,,,
2026-08-30 01:26:16,http_p95_latency,frontend,,,,,,222.2
2026-08-30 01:26:16,deployment,paymentservice,11,31,1,,,
2026-08-30 01:26:16,deployment,productcatalogservice,305,33,4,,,
2026-08-30 01:26:16,deployment,recommendationservice,201,87,2,,,
2026-08-30 01:26:16,deployment,redis-cart,16,32,1,,,
2026-08-30 01:26:16,deployment,shippingservice,27,9,1,,,
2026-08-30 01:26:16,autoscaler,customdas-cpu-queue-autoscaler-adservice,0,60,1,,,
2026-08-30 01:26:16,autoscaler,customdas-cpu-queue-autoscaler-cartservice,4,60,1,,,
2026-08-30 01:26:16,autoscaler,customdas-cpu-queue-autoscaler-checkoutservice,4,60,1,,,
2026-08-30 01:26:16,autoscaler,customdas-cpu-queue-autoscaler-currencyservice,0,60,1,,,
2026-08-30 01:26:16,autoscaler,customdas-cpu-queue-autoscaler-emailservice,4,60,1,,,
2026-08-30 01:26:16,autoscaler,customdas-cpu-queue-autoscaler-frontend,7,60,1,,,
2026-08-30 01:26:16,autoscaler,customdas-cpu-queue-autoscaler-paymentservice,6,60,1,,,
2026-08-30 01:26:16,autoscaler,customdas-cpu-queue-autoscaler-productcatalogservice,8,60,1,,,
2026-08-30 01:26:16,autoscaler,customdas-cpu-queue-autoscaler-recommendationservice,6,60,1,,,
2026-08-30 01:26:16,autoscaler,customdas-cpu-queue-autoscaler-shippingservice,2,60,1,,,
2026-08-30 01:26:16,node,ze-master-node,2347,4020,,58.7,50.6,
2026-08-30 01:26:16,node,ze-worker-node,2303,1831,,57.6,23.1,
2026-08-30 01:26:24,deployment,adservice,43,94,1,,,
2026-08-30 01:26:24,deployment,cartservice,153,45,1,,,
2026-08-30 01:26:24,deployment,checkoutservice,36,12,1,,,
2026-08-30 01:26:24,deployment,currencyservice,275,127,2,,,
2026-08-30 01:26:24,deployment,emailservice,18,40,1,,,
2026-08-30 01:26:24,deployment,frontend,608,64,5,,,
2026-08-30 01:26:24,http_p95_latency,frontend,,,,,,222.2
2026-08-30 01:26:24,deployment,paymentservice,13,31,1,,,
2026-08-30 01:26:24,deployment,productcatalogservice,315,34,4,,,
2026-08-30 01:26:24,deployment,recommendationservice,209,87,2,,,
2026-08-30 01:26:24,deployment,redis-cart,16,32,1,,,
2026-08-30 01:26:24,deployment,shippingservice,29,9,1,,,
2026-08-30 01:26:24,autoscaler,customdas-cpu-queue-autoscaler-adservice,5,60,1,,,
2026-08-30 01:26:24,autoscaler,customdas-cpu-queue-autoscaler-cartservice,3,60,1,,,
2026-08-30 01:26:24,autoscaler,customdas-cpu-queue-autoscaler-checkoutservice,3,60,1,,,
2026-08-30 01:26:24,autoscaler,customdas-cpu-queue-autoscaler-currencyservice,3,60,1,,,
2026-08-30 01:26:24,autoscaler,customdas-cpu-queue-autoscaler-emailservice,2,60,1,,,
2026-08-30 01:26:24,autoscaler,customdas-cpu-queue-autoscaler-frontend,5,60,1,,,
2026-08-30 01:26:24,autoscaler,customdas-cpu-queue-autoscaler-paymentservice,7,60,1,,,
2026-08-30 01:26:24,autoscaler,customdas-cpu-queue-autoscaler-productcatalogservice,5,60,1,,,
2026-08-30 01:26:24,autoscaler,customdas-cpu-queue-autoscaler-recommendationservice,0,60,1,,,
2026-08-30 01:26:24,autoscaler,customdas-cpu-queue-autoscaler-shippingservice,2,60,1,,,
2026-08-30 01:26:24,node,ze-master-node,2347,4020,,58.7,50.6,
2026-08-30 01:26:24,node,ze-worker-node,2303,1831,,57.6,23.1,
2026-08-30 01:26:34,deployment,adservice,46,94,1,,,
2026-08-30 01:26:34,deployment,cartservice,139,45,2,,,
2026-08-30 01:26:34,deployment,checkoutservice,28,12,1,,,
2026-08-30 01:26:34,deployment,currencyservice,269,128,2,,,
2026-08-30 01:26:34,deployment,emailservice,16,40,1,,,
2026-08-30 01:26:34,deployment,frontend,601,65,5,,,
2026-08-30 01:26:34,http_p95_latency,frontend,,,,,,195.8
2026-08-30 01:26:34,deployment,paymentservice,13,31,1,,,
2026-08-30 01:26:34,deployment,productcatalogservice,317,33,4,,,
2026-08-30 01:26:34,deployment,recommendationservice,218,87,2,,,
2026-08-30 01:26:34,deployment,redis-cart,16,32,1,,,
2026-08-30 01:26:34,deployment,shippingservice,27,9,1,,,
2026-08-30 01:26:34,autoscaler,customdas-cpu-queue-autoscaler-adservice,3,60,1,,,
2026-08-30 01:26:34,autoscaler,customdas-cpu-queue-autoscaler-cartservice,3,60,1,,,
2026-08-30 01:26:34,autoscaler,customdas-cpu-queue-autoscaler-checkoutservice,3,60,1,,,
2026-08-30 01:26:34,autoscaler,customdas-cpu-queue-autoscaler-currencyservice,5,60,1,,,
2026-08-30 01:26:34,autoscaler,customdas-cpu-queue-autoscaler-emailservice,5,60,1,,,
2026-08-30 01:26:34,autoscaler,customdas-cpu-queue-autoscaler-frontend,7,60,1,,,
2026-08-30 01:26:34,autoscaler,customdas-cpu-queue-autoscaler-paymentservice,2,60,1,,,
2026-08-30 01:26:34,autoscaler,customdas-cpu-queue-autoscaler-productcatalogservice,3,60,1,,,
2026-08-30 01:26:34,autoscaler,customdas-cpu-queue-autoscaler-recommendationservice,4,60,1,,,
2026-08-30 01:26:34,autoscaler,customdas-cpu-queue-autoscaler-shippingservice,3,60,1,,,
2026-08-30 01:26:34,node,ze-master-node,2401,3988,,60.0,50.2,
2026-08-30 01:26:34,node,ze-worker-node,2413,1854,,60.3,23.3,
2026-08-30 01:26:45,deployment,adservice,46,94,1,,,
2026-08-30 01:26:45,deployment,cartservice,139,45,2,,,
2026-08-30 01:26:45,deployment,checkoutservice,28,12,1,,,
2026-08-30 01:26:45,deployment,currencyservice,269,128,2,,,
2026-08-30 01:26:45,deployment,emailservice,16,40,1,,,
2026-08-30 01:26:45,deployment,frontend,601,65,6,,,
2026-08-30 01:26:45,http_p95_latency,frontend,,,,,,215.7
2026-08-30 01:26:45,deployment,paymentservice,13,31,1,,,
2026-08-30 01:26:45,deployment,productcatalogservice,317,33,5,,,
2026-08-30 01:26:45,deployment,recommendationservice,218,87,2,,,
2026-08-30 01:26:45,deployment,redis-cart,16,32,1,,,
2026-08-30 01:26:45,deployment,shippingservice,27,9,2,,,
2026-08-30 01:26:45,autoscaler,customdas-cpu-queue-autoscaler-adservice,3,60,1,,,
2026-08-30 01:26:45,autoscaler,customdas-cpu-queue-autoscaler-cartservice,3,60,1,,,
2026-08-30 01:26:45,autoscaler,customdas-cpu-queue-autoscaler-checkoutservice,3,60,1,,,
2026-08-30 01:26:45,autoscaler,customdas-cpu-queue-autoscaler-currencyservice,5,60,1,,,
2026-08-30 01:26:45,autoscaler,customdas-cpu-queue-autoscaler-emailservice,5,60,1,,,
2026-08-30 01:26:45,autoscaler,customdas-cpu-queue-autoscaler-frontend,7,60,1,,,
2026-08-30 01:26:45,autoscaler,customdas-cpu-queue-autoscaler-paymentservice,2,60,1,,,
2026-08-30 01:26:45,autoscaler,customdas-cpu-queue-autoscaler-productcatalogservice,6,60,1,,,
2026-08-30 01:26:45,autoscaler,customdas-cpu-queue-autoscaler-recommendationservice,8,60,1,,,
2026-08-30 01:26:45,autoscaler,customdas-cpu-queue-autoscaler-shippingservice,0,60,1,,,
2026-08-30 01:26:45,node,ze-master-node,2490,4028,,62.3,50.7,
2026-08-30 01:26:45,node,ze-worker-node,2369,1869,,59.2,23.5,
2026-08-30 01:26:55,deployment,adservice,45,94,1,,,
2026-08-30 01:26:55,deployment,cartservice,242,59,2,,,
2026-08-30 01:26:55,deployment,checkoutservice,28,12,1,,,
2026-08-30 01:26:55,deployment,currencyservice,282,127,2,,,
2026-08-30 01:26:55,deployment,emailservice,15,40,1,,,
2026-08-30 01:26:55,deployment,frontend,582,66,6,,,
2026-08-30 01:26:55,http_p95_latency,frontend,,,,,,215.7
2026-08-30 01:26:55,deployment,paymentservice,7,31,1,,,
2026-08-30 01:26:55,deployment,productcatalogservice,311,35,5,,,
2026-08-30 01:26:55,deployment,recommendationservice,208,87,2,,,
2026-08-30 01:26:55,deployment,redis-cart,13,32,1,,,
2026-08-30 01:26:55,deployment,shippingservice,58,15,2,,,
2026-08-30 01:26:55,autoscaler,customdas-cpu-queue-autoscaler-adservice,5,60,1,,,
2026-08-30 01:26:55,autoscaler,customdas-cpu-queue-autoscaler-cartservice,3,60,1,,,
2026-08-30 01:26:55,autoscaler,customdas-cpu-queue-autoscaler-checkoutservice,5,60,1,,,
2026-08-30 01:26:55,autoscaler,customdas-cpu-queue-autoscaler-currencyservice,6,60,1,,,
2026-08-30 01:26:55,autoscaler,customdas-cpu-queue-autoscaler-emailservice,4,60,1,,,
2026-08-30 01:26:55,autoscaler,customdas-cpu-queue-autoscaler-frontend,7,60,1,,,
2026-08-30 01:26:55,autoscaler,customdas-cpu-queue-autoscaler-paymentservice,6,60,1,,,
2026-08-30 01:26:55,autoscaler,customdas-cpu-queue-autoscaler-productcatalogservice,6,60,1,,,
2026-08-30 01:26:55,autoscaler,customdas-cpu-queue-autoscaler-recommendationservice,8,60,1,,,
2026-08-30 01:26:55,autoscaler,customdas-cpu-queue-autoscaler-shippingservice,0,60,1,,,
2026-08-30 01:26:55,node,ze-master-node,2490,4028,,62.3,50.7,
2026-08-30 01:26:55,node,ze-worker-node,2369,1869,,59.2,23.5,
2026-08-30 01:27:04,deployment,adservice,45,94,1,,,
2026-08-30 01:27:04,deployment,cartservice,270,75,2,,,
2026-08-30 01:27:04,deployment,checkoutservice,31,12,1,,,
2026-08-30 01:27:04,deployment,currencyservice,286,127,2,,,
2026-08-30 01:27:04,deployment,emailservice,15,40,1,,,
2026-08-30 01:27:04,deployment,frontend,648,74,6,,,
2026-08-30 01:27:04,http_p95_latency,frontend,,,,,,440.5
2026-08-30 01:27:04,deployment,paymentservice,10,30,1,,,
2026-08-30 01:27:04,deployment,productcatalogservice,370,42,5,,,
2026-08-30 01:27:04,deployment,recommendationservice,222,87,2,,,
2026-08-30 01:27:04,deployment,redis-cart,17,32,1,,,
2026-08-30 01:27:04,deployment,shippingservice,35,15,2,,,
2026-08-30 01:27:04,autoscaler,customdas-cpu-queue-autoscaler-adservice,3,60,1,,,
2026-08-30 01:27:04,autoscaler,customdas-cpu-queue-autoscaler-cartservice,4,60,1,,,
2026-08-30 01:27:04,autoscaler,customdas-cpu-queue-autoscaler-checkoutservice,4,60,1,,,
2026-08-30 01:27:04,autoscaler,customdas-cpu-queue-autoscaler-currencyservice,3,60,1,,,
2026-08-30 01:27:04,autoscaler,customdas-cpu-queue-autoscaler-emailservice,3,60,1,,,
2026-08-30 01:27:04,autoscaler,customdas-cpu-queue-autoscaler-frontend,4,60,1,,,
2026-08-30 01:27:04,autoscaler,customdas-cpu-queue-autoscaler-paymentservice,3,60,1,,,
2026-08-30 01:27:04,autoscaler,customdas-cpu-queue-autoscaler-productcatalogservice,6,60,1,,,
2026-08-30 01:27:04,autoscaler,customdas-cpu-queue-autoscaler-recommendationservice,0,60,1,,,
2026-08-30 01:27:04,autoscaler,customdas-cpu-queue-autoscaler-shippingservice,6,60,1,,,
2026-08-30 01:27:04,node,ze-master-node,2450,3999,,61.3,50.4,
2026-08-30 01:27:04,node,ze-worker-node,2591,1899,,64.8,23.9,
2026-08-30 01:27:14,deployment,adservice,45,94,1,,,
2026-08-30 01:27:14,deployment,cartservice,270,75,2,,,
2026-08-30 01:27:14,deployment,checkoutservice,31,12,1,,,
2026-08-30 01:27:14,deployment,currencyservice,286,127,2,,,
2026-08-30 01:27:14,deployment,emailservice,15,40,1,,,
2026-08-30 01:27:14,deployment,frontend,648,74,6,,,
2026-08-30 01:27:14,http_p95_latency,frontend,,,,,,491.3
2026-08-30 01:27:14,deployment,paymentservice,10,30,1,,,
2026-08-30 01:27:14,deployment,productcatalogservice,370,42,5,,,
2026-08-30 01:27:14,deployment,recommendationservice,222,87,2,,,
2026-08-30 01:27:14,deployment,redis-cart,17,32,1,,,
2026-08-30 01:27:14,deployment,shippingservice,35,15,2,,,
2026-08-30 01:27:14,autoscaler,customdas-cpu-queue-autoscaler-adservice,3,60,1,,,
2026-08-30 01:27:14,autoscaler,customdas-cpu-queue-autoscaler-cartservice,4,60,1,,,
2026-08-30 01:27:14,autoscaler,customdas-cpu-queue-autoscaler-checkoutservice,4,60,1,,,
2026-08-30 01:27:14,autoscaler,customdas-cpu-queue-autoscaler-currencyservice,3,60,1,,,
2026-08-30 01:27:14,autoscaler,customdas-cpu-queue-autoscaler-emailservice,3,60,1,,,
2026-08-30 01:27:14,autoscaler,customdas-cpu-queue-autoscaler-frontend,4,60,1,,,
2026-08-30 01:27:14,autoscaler,customdas-cpu-queue-autoscaler-paymentservice,3,60,1,,,
2026-08-30 01:27:14,autoscaler,customdas-cpu-queue-autoscaler-productcatalogservice,6,60,1,,,
2026-08-30 01:27:14,autoscaler,customdas-cpu-queue-autoscaler-recommendationservice,0,60,1,,,
2026-08-30 01:27:14,autoscaler,customdas-cpu-queue-autoscaler-shippingservice,6,60,1,,,
2026-08-30 01:27:14,node,ze-master-node,2450,3999,,61.3,50.4,
2026-08-30 01:27:14,node,ze-worker-node,2591,1899,,64.8,23.9,
2026-08-30 01:27:21,deployment,adservice,54,94,1,,,
2026-08-30 01:27:21,deployment,cartservice,290,81,2,,,
2026-08-30 01:27:21,deployment,checkoutservice,36,12,1,,,
2026-08-30 01:27:21,deployment,currencyservice,304,127,2,,,
2026-08-30 01:27:21,deployment,emailservice,18,40,1,,,
2026-08-30 01:27:21,deployment,frontend,664,75,6,,,
2026-08-30 01:27:21,http_p95_latency,frontend,,,,,,491.3
2026-08-30 01:27:21,deployment,paymentservice,12,31,1,,,
2026-08-30 01:27:21,deployment,productcatalogservice,368,42,5,,,
2026-08-30 01:27:21,deployment,recommendationservice,240,87,2,,,
2026-08-30 01:27:21,deployment,redis-cart,17,32,1,,,
2026-08-30 01:27:21,deployment,shippingservice,44,18,2,,,
2026-08-30 01:27:21,autoscaler,customdas-cpu-queue-autoscaler-adservice,3,60,1,,,
2026-08-30 01:27:21,autoscaler,customdas-cpu-queue-autoscaler-cartservice,3,60,1,,,
2026-08-30 01:27:21,autoscaler,customdas-cpu-queue-autoscaler-checkoutservice,2,60,1,,,
2026-08-30 01:27:21,autoscaler,customdas-cpu-queue-autoscaler-currencyservice,4,60,1,,,
2026-08-30 01:27:21,autoscaler,customdas-cpu-queue-autoscaler-emailservice,3,60,1,,,
2026-08-30 01:27:21,autoscaler,customdas-cpu-queue-autoscaler-frontend,7,60,1,,,
2026-08-30 01:27:21,autoscaler,customdas-cpu-queue-autoscaler-paymentservice,3,60,1,,,
2026-08-30 01:27:21,autoscaler,customdas-cpu-queue-autoscaler-productcatalogservice,4,60,1,,,
2026-08-30 01:27:21,autoscaler,customdas-cpu-queue-autoscaler-recommendationservice,3,60,1,,,
2026-08-30 01:27:21,autoscaler,customdas-cpu-queue-autoscaler-shippingservice,2,60,1,,,
2026-08-30 01:27:21,node,ze-master-node,2554,3992,,63.8,50.3,
2026-08-30 01:27:21,node,ze-worker-node,2694,1888,,67.3,23.8,
2026-08-30 01:27:30,deployment,adservice,54,94,1,,,
2026-08-30 01:27:30,deployment,cartservice,290,81,2,,,
2026-08-30 01:27:30,deployment,checkoutservice,36,12,1,,,
2026-08-30 01:27:30,deployment,currencyservice,304,127,2,,,
2026-08-30 01:27:30,deployment,emailservice,18,40,1,,,
2026-08-30 01:27:30,deployment,frontend,664,75,6,,,
2026-08-30 01:27:30,http_p95_latency,frontend,,,,,,402.6
2026-08-30 01:27:30,deployment,paymentservice,12,31,1,,,
2026-08-30 01:27:30,deployment,productcatalogservice,368,42,5,,,
2026-08-30 01:27:30,deployment,recommendationservice,240,87,2,,,
2026-08-30 01:27:30,deployment,redis-cart,17,32,1,,,
2026-08-30 01:27:30,deployment,shippingservice,44,18,2,,,
2026-08-30 01:27:30,autoscaler,customdas-cpu-queue-autoscaler-adservice,3,60,1,,,
2026-08-30 01:27:30,autoscaler,customdas-cpu-queue-autoscaler-cartservice,3,60,1,,,
2026-08-30 01:27:30,autoscaler,customdas-cpu-queue-autoscaler-checkoutservice,2,60,1,,,
2026-08-30 01:27:30,autoscaler,customdas-cpu-queue-autoscaler-currencyservice,4,60,1,,,
2026-08-30 01:27:30,autoscaler,customdas-cpu-queue-autoscaler-emailservice,3,60,1,,,
2026-08-30 01:27:30,autoscaler,customdas-cpu-queue-autoscaler-frontend,7,60,1,,,
2026-08-30 01:27:30,autoscaler,customdas-cpu-queue-autoscaler-paymentservice,3,60,1,,,
2026-08-30 01:27:30,autoscaler,customdas-cpu-queue-autoscaler-productcatalogservice,4,60,1,,,
2026-08-30 01:27:30,autoscaler,customdas-cpu-queue-autoscaler-recommendationservice,3,60,1,,,
2026-08-30 01:27:30,autoscaler,customdas-cpu-queue-autoscaler-shippingservice,2,60,1,,,
2026-08-30 01:27:30,node,ze-master-node,2554,3992,,63.8,50.3,
2026-08-30 01:27:30,node,ze-worker-node,2694,1888,,67.3,23.8,
2026-08-30 01:27:37,deployment,adservice,54,94,1,,,
2026-08-30 01:27:37,deployment,cartservice,194,79,2,,,
2026-08-30 01:27:37,deployment,checkoutservice,33,12,1,,,
2026-08-30 01:27:37,deployment,currencyservice,294,127,2,,,
2026-08-30 01:27:37,deployment,emailservice,18,40,1,,,
2026-08-30 01:27:37,deployment,frontend,681,75,6,,,
2026-08-30 01:27:37,http_p95_latency,frontend,,,,,,402.6
2026-08-30 01:27:37,deployment,paymentservice,11,31,1,,,
2026-08-30 01:27:37,deployment,productcatalogservice,363,44,5,,,
2026-08-30 01:27:37,deployment,recommendationservice,243,87,2,,,
2026-08-30 01:27:37,deployment,redis-cart,18,32,1,,,
2026-08-30 01:27:37,deployment,shippingservice,39,16,2,,,
2026-08-30 01:27:37,autoscaler,customdas-cpu-queue-autoscaler-adservice,3,60,1,,,
2026-08-30 01:27:37,autoscaler,customdas-cpu-queue-autoscaler-cartservice,3,60,1,,,
2026-08-30 01:27:37,autoscaler,customdas-cpu-queue-autoscaler-checkoutservice,2,60,1,,,
2026-08-30 01:27:37,autoscaler,customdas-cpu-queue-autoscaler-currencyservice,3,60,1,,,
2026-08-30 01:27:37,autoscaler,customdas-cpu-queue-autoscaler-emailservice,0,60,1,,,
2026-08-30 01:27:37,autoscaler,customdas-cpu-queue-autoscaler-frontend,5,60,1,,,
2026-08-30 01:27:37,autoscaler,customdas-cpu-queue-autoscaler-paymentservice,3,60,1,,,
2026-08-30 01:27:37,autoscaler,customdas-cpu-queue-autoscaler-productcatalogservice,4,60,1,,,
2026-08-30 01:27:37,autoscaler,customdas-cpu-queue-autoscaler-recommendationservice,5,60,1,,,
2026-08-30 01:27:37,autoscaler,customdas-cpu-queue-autoscaler-shippingservice,5,60,1,,,
2026-08-30 01:27:37,node,ze-master-node,2489,3988,,62.2,50.2,
2026-08-30 01:27:37,node,ze-worker-node,2636,1890,,65.9,23.8,
2026-08-30 01:27:45,deployment,adservice,54,94,1,,,
2026-08-30 01:27:45,deployment,cartservice,194,79,2,,,
2026-08-30 01:27:45,deployment,checkoutservice,33,12,1,,,
2026-08-30 01:27:45,deployment,currencyservice,294,127,2,,,
2026-08-30 01:27:45,deployment,emailservice,18,40,1,,,
2026-08-30 01:27:45,deployment,frontend,681,75,7,,,
2026-08-30 01:27:45,http_p95_latency,frontend,,,,,,226.3
2026-08-30 01:27:45,deployment,paymentservice,11,31,1,,,
2026-08-30 01:27:45,deployment,productcatalogservice,363,44,5,,,
2026-08-30 01:27:45,deployment,recommendationservice,243,87,2,,,
2026-08-30 01:27:45,deployment,redis-cart,18,32,1,,,
2026-08-30 01:27:45,deployment,shippingservice,39,16,2,,,
2026-08-30 01:27:45,autoscaler,customdas-cpu-queue-autoscaler-adservice,3,60,1,,,
2026-08-30 01:27:45,autoscaler,customdas-cpu-queue-autoscaler-cartservice,3,60,1,,,
2026-08-30 01:27:45,autoscaler,customdas-cpu-queue-autoscaler-checkoutservice,2,60,1,,,
2026-08-30 01:27:45,autoscaler,customdas-cpu-queue-autoscaler-currencyservice,3,60,1,,,
2026-08-30 01:27:45,autoscaler,customdas-cpu-queue-autoscaler-emailservice,0,60,1,,,
2026-08-30 01:27:45,autoscaler,customdas-cpu-queue-autoscaler-frontend,5,60,1,,,
2026-08-30 01:27:45,autoscaler,customdas-cpu-queue-autoscaler-paymentservice,3,60,1,,,
2026-08-30 01:27:45,autoscaler,customdas-cpu-queue-autoscaler-productcatalogservice,4,60,1,,,
2026-08-30 01:27:45,autoscaler,customdas-cpu-queue-autoscaler-recommendationservice,5,60,1,,,
2026-08-30 01:27:45,autoscaler,customdas-cpu-queue-autoscaler-shippingservice,5,60,1,,,
2026-08-30 01:27:45,node,ze-master-node,2489,3988,,62.2,50.2,
2026-08-30 01:27:45,node,ze-worker-node,2636,1890,,65.9,23.8,
2026-08-30 01:27:52,deployment,adservice,49,94,1,,,
2026-08-30 01:27:52,deployment,cartservice,199,79,2,,,
2026-08-30 01:27:52,deployment,checkoutservice,28,12,1,,,
2026-08-30 01:27:52,deployment,currencyservice,294,128,2,,,
2026-08-30 01:27:52,deployment,emailservice,14,40,1,,,
2026-08-30 01:27:52,deployment,frontend,636,75,7,,,
2026-08-30 01:27:52,http_p95_latency,frontend,,,,,,226.3
2026-08-30 01:27:52,deployment,paymentservice,10,31,1,,,
2026-08-30 01:27:52,deployment,productcatalogservice,347,44,5,,,
2026-08-30 01:27:52,deployment,recommendationservice,222,87,2,,,
2026-08-30 01:27:52,deployment,redis-cart,16,32,1,,,
2026-08-30 01:27:52,deployment,shippingservice,40,16,2,,,
2026-08-30 01:27:52,autoscaler,customdas-cpu-queue-autoscaler-adservice,4,60,1,,,
2026-08-30 01:27:52,autoscaler,customdas-cpu-queue-autoscaler-cartservice,2,60,1,,,
2026-08-30 01:27:52,autoscaler,customdas-cpu-queue-autoscaler-checkoutservice,2,60,1,,,
2026-08-30 01:27:52,autoscaler,customdas-cpu-queue-autoscaler-currencyservice,5,60,1,,,
2026-08-30 01:27:52,autoscaler,customdas-cpu-queue-autoscaler-emailservice,5,60,1,,,
2026-08-30 01:27:52,autoscaler,customdas-cpu-queue-autoscaler-frontend,5,60,1,,,
2026-08-30 01:27:52,autoscaler,customdas-cpu-queue-autoscaler-paymentservice,3,60,1,,,
2026-08-30 01:27:52,autoscaler,customdas-cpu-queue-autoscaler-productcatalogservice,5,60,1,,,
2026-08-30 01:27:52,autoscaler,customdas-cpu-queue-autoscaler-recommendationservice,0,60,1,,,
2026-08-30 01:27:52,autoscaler,customdas-cpu-queue-autoscaler-shippingservice,3,60,1,,,
2026-08-30 01:27:52,node,ze-master-node,2418,3937,,60.5,49.6,
2026-08-30 01:27:52,node,ze-worker-node,2547,1887,,63.7,23.8,
2026-08-30 01:28:00,deployment,adservice,49,94,1,,,
2026-08-30 01:28:00,deployment,cartservice,199,79,2,,,
2026-08-30 01:28:00,deployment,checkoutservice,28,12,1,,,
2026-08-30 01:28:00,deployment,currencyservice,294,128,2,,,
2026-08-30 01:28:00,deployment,emailservice,14,40,1,,,
2026-08-30 01:28:00,deployment,frontend,636,75,7,,,
2026-08-30 01:28:00,http_p95_latency,frontend,,,,,,209.8
2026-08-30 01:28:00,deployment,paymentservice,10,31,1,,,
2026-08-30 01:28:00,deployment,productcatalogservice,347,44,5,,,
2026-08-30 01:28:00,deployment,recommendationservice,222,87,2,,,
2026-08-30 01:28:00,deployment,redis-cart,16,32,1,,,
2026-08-30 01:28:00,deployment,shippingservice,40,16,2,,,
2026-08-30 01:28:00,autoscaler,customdas-cpu-queue-autoscaler-adservice,4,60,1,,,
2026-08-30 01:28:00,autoscaler,customdas-cpu-queue-autoscaler-cartservice,2,60,1,,,
2026-08-30 01:28:00,autoscaler,customdas-cpu-queue-autoscaler-checkoutservice,2,60,1,,,
2026-08-30 01:28:00,autoscaler,customdas-cpu-queue-autoscaler-currencyservice,5,60,1,,,
2026-08-30 01:28:00,autoscaler,customdas-cpu-queue-autoscaler-emailservice,5,60,1,,,
2026-08-30 01:28:00,autoscaler,customdas-cpu-queue-autoscaler-frontend,5,60,1,,,
2026-08-30 01:28:00,autoscaler,customdas-cpu-queue-autoscaler-paymentservice,3,60,1,,,
2026-08-30 01:28:00,autoscaler,customdas-cpu-queue-autoscaler-productcatalogservice,5,60,1,,,
2026-08-30 01:28:00,autoscaler,customdas-cpu-queue-autoscaler-recommendationservice,0,60,1,,,
2026-08-30 01:28:00,autoscaler,customdas-cpu-queue-autoscaler-shippingservice,3,60,1,,,
2026-08-30 01:28:00,node,ze-master-node,2418,3937,,60.5,49.6,
2026-08-30 01:28:00,node,ze-worker-node,2547,1887,,63.7,23.8,
2026-08-30 01:28:07,deployment,adservice,48,94,1,,,
2026-08-30 01:28:07,deployment,cartservice,208,79,2,,,
2026-08-30 01:28:07,deployment,checkoutservice,30,12,1,,,
2026-08-30 01:28:07,deployment,currencyservice,286,131,2,,,
2026-08-30 01:28:07,deployment,emailservice,15,40,1,,,
2026-08-30 01:28:07,deployment,frontend,623,83,7,,,
2026-08-30 01:28:07,http_p95_latency,frontend,,,,,,209.8
2026-08-30 01:28:07,deployment,paymentservice,10,31,1,,,
2026-08-30 01:28:07,deployment,productcatalogservice,334,41,5,,,
2026-08-30 01:28:07,deployment,recommendationservice,222,89,2,,,
2026-08-30 01:28:07,deployment,redis-cart,17,32,1,,,
2026-08-30 01:28:07,deployment,shippingservice,40,16,2,,,
2026-08-30 01:28:07,autoscaler,customdas-cpu-queue-autoscaler-adservice,4,60,1,,,
2026-08-30 01:28:07,autoscaler,customdas-cpu-queue-autoscaler-cartservice,3,60,1,,,
2026-08-30 01:28:07,autoscaler,customdas-cpu-queue-autoscaler-checkoutservice,4,60,1,,,
2026-08-30 01:28:07,autoscaler,customdas-cpu-queue-autoscaler-currencyservice,0,60,1,,,
2026-08-30 01:28:07,autoscaler,customdas-cpu-queue-autoscaler-emailservice,0,60,1,,,
2026-08-30 01:28:07,autoscaler,customdas-cpu-queue-autoscaler-frontend,10,60,1,,,
2026-08-30 01:28:07,autoscaler,customdas-cpu-queue-autoscaler-paymentservice,3,60,1,,,
2026-08-30 01:28:07,autoscaler,customdas-cpu-queue-autoscaler-productcatalogservice,4,60,1,,,
2026-08-30 01:28:07,autoscaler,customdas-cpu-queue-autoscaler-recommendationservice,3,60,1,,,
2026-08-30 01:28:07,autoscaler,customdas-cpu-queue-autoscaler-shippingservice,3,60,1,,,
2026-08-30 01:28:07,node,ze-master-node,2294,3938,,57.4,49.6,
2026-08-30 01:28:07,node,ze-worker-node,2573,1909,,64.3,24.0,
2026-08-30 01:28:15,deployment,adservice,48,94,1,,,
2026-08-30 01:28:15,deployment,cartservice,208,79,2,,,
2026-08-30 01:28:15,deployment,checkoutservice,30,12,1,,,
2026-08-30 01:28:15,deployment,currencyservice,286,131,2,,,
2026-08-30 01:28:15,deployment,emailservice,15,40,1,,,
2026-08-30 01:28:15,deployment,frontend,618,76,6,,,
2026-08-30 01:28:15,http_p95_latency,frontend,,,,,,215.2
2026-08-30 01:28:15,deployment,paymentservice,10,31,1,,,
2026-08-30 01:28:15,deployment,productcatalogservice,334,41,5,,,
2026-08-30 01:28:15,deployment,recommendationservice,222,89,2,,,
2026-08-30 01:28:15,deployment,redis-cart,17,32,1,,,
2026-08-30 01:28:15,deployment,shippingservice,40,16,2,,,
2026-08-30 01:28:15,autoscaler,customdas-cpu-queue-autoscaler-adservice,4,60,1,,,
2026-08-30 01:28:15,autoscaler,customdas-cpu-queue-autoscaler-cartservice,3,60,1,,,
2026-08-30 01:28:15,autoscaler,customdas-cpu-queue-autoscaler-checkoutservice,4,60,1,,,
2026-08-30 01:28:15,autoscaler,customdas-cpu-queue-autoscaler-currencyservice,0,60,1,,,
2026-08-30 01:28:15,autoscaler,customdas-cpu-queue-autoscaler-emailservice,0,60,1,,,
2026-08-30 01:28:15,autoscaler,customdas-cpu-queue-autoscaler-frontend,10,60,1,,,
2026-08-30 01:28:15,autoscaler,customdas-cpu-queue-autoscaler-paymentservice,3,60,1,,,
2026-08-30 01:28:15,autoscaler,customdas-cpu-queue-autoscaler-productcatalogservice,4,60,1,,,
2026-08-30 01:28:15,autoscaler,customdas-cpu-queue-autoscaler-recommendationservice,3,60,1,,,
2026-08-30 01:28:15,autoscaler,customdas-cpu-queue-autoscaler-shippingservice,3,60,1,,,
2026-08-30 01:28:15,node,ze-master-node,2294,3938,,57.4,49.6,
2026-08-30 01:28:15,node,ze-worker-node,2573,1909,,64.3,24.0,
2026-08-30 01:28:22,deployment,adservice,48,94,1,,,
2026-08-30 01:28:22,deployment,cartservice,165,79,2,,,
2026-08-30 01:28:22,deployment,checkoutservice,33,12,1,,,
2026-08-30 01:28:22,deployment,currencyservice,296,129,2,,,
2026-08-30 01:28:22,deployment,emailservice,18,40,1,,,
2026-08-30 01:28:22,deployment,frontend,547,77,6,,,
2026-08-30 01:28:22,http_p95_latency,frontend,,,,,,215.2
2026-08-30 01:28:22,deployment,paymentservice,10,30,1,,,
2026-08-30 01:28:22,deployment,productcatalogservice,344,41,5,,,
2026-08-30 01:28:22,deployment,recommendationservice,228,87,2,,,
2026-08-30 01:28:22,deployment,redis-cart,36,34,1,,,
2026-08-30 01:28:22,deployment,shippingservice,39,16,2,,,
2026-08-30 01:28:22,autoscaler,customdas-cpu-queue-autoscaler-adservice,4,60,1,,,
2026-08-30 01:28:22,autoscaler,customdas-cpu-queue-autoscaler-cartservice,4,60,1,,,
2026-08-30 01:28:22,autoscaler,customdas-cpu-queue-autoscaler-checkoutservice,2,60,1,,,
2026-08-30 01:28:22,autoscaler,customdas-cpu-queue-autoscaler-currencyservice,6,60,1,,,
2026-08-30 01:28:22,autoscaler,customdas-cpu-queue-autoscaler-emailservice,5,60,1,,,
2026-08-30 01:28:22,autoscaler,customdas-cpu-queue-autoscaler-frontend,9,60,1,,,
2026-08-30 01:28:22,autoscaler,customdas-cpu-queue-autoscaler-paymentservice,2,60,1,,,
2026-08-30 01:28:22,autoscaler,customdas-cpu-queue-autoscaler-productcatalogservice,3,60,1,,,
2026-08-30 01:28:22,autoscaler,customdas-cpu-queue-autoscaler-recommendationservice,4,60,1,,,
2026-08-30 01:28:22,autoscaler,customdas-cpu-queue-autoscaler-shippingservice,5,60,1,,,
2026-08-30 01:28:22,node,ze-master-node,2445,3940,,61.1,49.6,
2026-08-30 01:28:22,node,ze-worker-node,2630,1910,,65.8,24.1,
2026-08-30 01:28:30,deployment,adservice,48,94,1,,,
2026-08-30 01:28:30,deployment,cartservice,165,79,2,,,
2026-08-30 01:28:30,deployment,checkoutservice,33,12,1,,,
2026-08-30 01:28:30,deployment,currencyservice,296,129,2,,,
2026-08-30 01:28:30,deployment,emailservice,18,40,1,,,
2026-08-30 01:28:30,deployment,frontend,547,77,6,,,
2026-08-30 01:28:30,http_p95_latency,frontend,,,,,,224.3
2026-08-30 01:28:30,deployment,paymentservice,10,30,1,,,
2026-08-30 01:28:30,deployment,productcatalogservice,344,41,5,,,
2026-08-30 01:28:30,deployment,recommendationservice,228,87,2,,,
2026-08-30 01:28:30,deployment,redis-cart,36,34,1,,,
2026-08-30 01:28:30,deployment,shippingservice,39,16,2,,,
2026-08-30 01:28:30,autoscaler,customdas-cpu-queue-autoscaler-adservice,4,60,1,,,
2026-08-30 01:28:30,autoscaler,customdas-cpu-queue-autoscaler-cartservice,4,60,1,,,
2026-08-30 01:28:30,autoscaler,customdas-cpu-queue-autoscaler-checkoutservice,2,60,1,,,
2026-08-30 01:28:30,autoscaler,customdas-cpu-queue-autoscaler-currencyservice,6,60,1,,,
2026-08-30 01:28:30,autoscaler,customdas-cpu-queue-autoscaler-emailservice,5,60,1,,,
2026-08-30 01:28:30,autoscaler,customdas-cpu-queue-autoscaler-frontend,9,60,1,,,
2026-08-30 01:28:30,autoscaler,customdas-cpu-queue-autoscaler-paymentservice,2,60,1,,,
2026-08-30 01:28:30,autoscaler,customdas-cpu-queue-autoscaler-productcatalogservice,3,60,1,,,
2026-08-30 01:28:30,autoscaler,customdas-cpu-queue-autoscaler-recommendationservice,4,60,1,,,
2026-08-30 01:28:30,autoscaler,customdas-cpu-queue-autoscaler-shippingservice,5,60,1,,,
2026-08-30 01:28:30,node,ze-master-node,2445,3940,,61.1,49.6,
2026-08-30 01:28:30,node,ze-worker-node,2630,1910,,65.8,24.1,
2026-08-30 01:28:38,deployment,adservice,49,94,1,,,
2026-08-30 01:28:38,deployment,cartservice,166,79,2,,,
2026-08-30 01:28:38,deployment,checkoutservice,33,12,1,,,
2026-08-30 01:28:38,deployment,currencyservice,282,130,2,,,
2026-08-30 01:28:38,deployment,emailservice,16,40,1,,,
2026-08-30 01:28:38,deployment,frontend,604,77,6,,,
2026-08-30 01:28:38,http_p95_latency,frontend,,,,,,224.3
2026-08-30 01:28:38,deployment,paymentservice,10,30,1,,,
2026-08-30 01:28:38,deployment,productcatalogservice,330,41,5,,,
2026-08-30 01:28:38,deployment,recommendationservice,221,87,2,,,
2026-08-30 01:28:38,deployment,redis-cart,33,32,1,,,
2026-08-30 01:28:38,deployment,shippingservice,38,16,2,,,
2026-08-30 01:28:38,autoscaler,customdas-cpu-queue-autoscaler-adservice,4,60,1,,,
2026-08-30 01:28:38,autoscaler,customdas-cpu-queue-autoscaler-cartservice,3,60,1,,,
2026-08-30 01:28:38,autoscaler,customdas-cpu-queue-autoscaler-checkoutservice,4,60,1,,,
2026-08-30 01:28:38,autoscaler,customdas-cpu-queue-autoscaler-currencyservice,3,60,1,,,
2026-08-30 01:28:38,autoscaler,customdas-cpu-queue-autoscaler-emailservice,3,60,1,,,
2026-08-30 01:28:38,autoscaler,customdas-cpu-queue-autoscaler-frontend,5,60,1,,,
2026-08-30 01:28:38,autoscaler,customdas-cpu-queue-autoscaler-paymentservice,5,60,1,,,
2026-08-30 01:28:38,autoscaler,customdas-cpu-queue-autoscaler-productcatalogservice,5,60,1,,,
2026-08-30 01:28:38,autoscaler,customdas-cpu-queue-autoscaler-recommendationservice,3,60,1,,,
2026-08-30 01:28:38,autoscaler,customdas-cpu-queue-autoscaler-shippingservice,2,60,1,,,
2026-08-30 01:28:38,node,ze-master-node,2266,3945,,56.6,49.7,
2026-08-30 01:28:38,node,ze-worker-node,2511,1897,,62.8,23.9,
2026-08-30 01:28:46,deployment,adservice,49,94,1,,,
2026-08-30 01:28:46,deployment,cartservice,166,79,2,,,
2026-08-30 01:28:46,deployment,checkoutservice,33,12,1,,,
2026-08-30 01:28:46,deployment,currencyservice,282,130,2,,,
2026-08-30 01:28:46,deployment,emailservice,16,40,1,,,
2026-08-30 01:28:46,deployment,frontend,604,77,6,,,
2026-08-30 01:28:46,http_p95_latency,frontend,,,,,,236.0
2026-08-30 01:28:46,deployment,paymentservice,10,30,1,,,
2026-08-30 01:28:46,deployment,productcatalogservice,330,41,5,,,
2026-08-30 01:28:46,deployment,recommendationservice,221,87,2,,,
2026-08-30 01:28:46,deployment,redis-cart,33,32,1,,,
2026-08-30 01:28:46,deployment,shippingservice,38,16,2,,,
2026-08-30 01:28:46,autoscaler,customdas-cpu-queue-autoscaler-adservice,4,60,1,,,
2026-08-30 01:28:46,autoscaler,customdas-cpu-queue-autoscaler-cartservice,3,60,1,,,
2026-08-30 01:28:46,autoscaler,customdas-cpu-queue-autoscaler-checkoutservice,4,60,1,,,
2026-08-30 01:28:46,autoscaler,customdas-cpu-queue-autoscaler-currencyservice,3,60,1,,,
2026-08-30 01:28:46,autoscaler,customdas-cpu-queue-autoscaler-emailservice,3,60,1,,,
2026-08-30 01:28:46,autoscaler,customdas-cpu-queue-autoscaler-frontend,5,60,1,,,
2026-08-30 01:28:46,autoscaler,customdas-cpu-queue-autoscaler-paymentservice,5,60,1,,,
2026-08-30 01:28:46,autoscaler,customdas-cpu-queue-autoscaler-productcatalogservice,5,60,1,,,
2026-08-30 01:28:46,autoscaler,customdas-cpu-queue-autoscaler-recommendationservice,3,60,1,,,
2026-08-30 01:28:46,autoscaler,customdas-cpu-queue-autoscaler-shippingservice,2,60,1,,,
2026-08-30 01:28:46,node,ze-master-node,2431,3952,,60.8,49.8,
2026-08-30 01:28:46,node,ze-worker-node,2521,1893,,63.0,23.8,
2026-08-30 01:28:54,deployment,adservice,50,94,1,,,
2026-08-30 01:28:54,deployment,cartservice,153,79,2,,,
2026-08-30 01:28:54,deployment,checkoutservice,32,12,1,,,
2026-08-30 01:28:54,deployment,currencyservice,284,130,2,,,
2026-08-30 01:28:54,deployment,emailservice,15,40,1,,,
2026-08-30 01:28:54,deployment,frontend,643,77,6,,,
2026-08-30 01:28:54,http_p95_latency,frontend,,,,,,236.0
2026-08-30 01:28:54,deployment,paymentservice,9,31,1,,,
2026-08-30 01:28:54,deployment,productcatalogservice,340,41,5,,,
2026-08-30 01:28:54,deployment,recommendationservice,232,87,2,,,
2026-08-30 01:28:54,deployment,redis-cart,16,32,1,,,
2026-08-30 01:28:54,deployment,shippingservice,38,16,2,,,
2026-08-30 01:28:54,autoscaler,customdas-cpu-queue-autoscaler-adservice,4,60,1,,,
2026-08-30 01:28:54,autoscaler,customdas-cpu-queue-autoscaler-cartservice,4,60,1,,,
2026-08-30 01:28:54,autoscaler,customdas-cpu-queue-autoscaler-checkoutservice,0,60,1,,,
2026-08-30 01:28:54,autoscaler,customdas-cpu-queue-autoscaler-currencyservice,3,60,1,,,
2026-08-30 01:28:54,autoscaler,customdas-cpu-queue-autoscaler-emailservice,3,60,1,,,
2026-08-30 01:28:54,autoscaler,customdas-cpu-queue-autoscaler-frontend,7,60,1,,,
2026-08-30 01:28:54,autoscaler,customdas-cpu-queue-autoscaler-paymentservice,0,60,1,,,
2026-08-30 01:28:54,autoscaler,customdas-cpu-queue-autoscaler-productcatalogservice,5,60,1,,,
2026-08-30 01:28:54,autoscaler,customdas-cpu-queue-autoscaler-recommendationservice,7,60,1,,,
2026-08-30 01:28:54,autoscaler,customdas-cpu-queue-autoscaler-shippingservice,2,60,1,,,
2026-08-30 01:28:54,node,ze-master-node,2431,3952,,60.8,49.8,
2026-08-30 01:28:54,node,ze-worker-node,2521,1893,,63.0,23.8,
2026-08-30 01:29:01,deployment,adservice,50,94,1,,,
2026-08-30 01:29:01,deployment,cartservice,153,79,2,,,
2026-08-30 01:29:01,deployment,checkoutservice,32,12,1,,,
2026-08-30 01:29:01,deployment,currencyservice,284,130,2,,,
2026-08-30 01:29:01,deployment,emailservice,15,40,1,,,
2026-08-30 01:29:01,deployment,frontend,643,77,6,,,
2026-08-30 01:29:01,http_p95_latency,frontend,,,,,,230.6
2026-08-30 01:29:01,deployment,paymentservice,9,31,1,,,
2026-08-30 01:29:01,deployment,productcatalogservice,340,41,5,,,
2026-08-30 01:29:01,deployment,recommendationservice,232,87,2,,,
2026-08-30 01:29:01,deployment,redis-cart,16,32,1,,,
2026-08-30 01:29:01,deployment,shippingservice,38,16,2,,,
2026-08-30 01:29:01,autoscaler,customdas-cpu-queue-autoscaler-adservice,4,60,1,,,
2026-08-30 01:29:01,autoscaler,customdas-cpu-queue-autoscaler-cartservice,4,60,1,,,
2026-08-30 01:29:01,autoscaler,customdas-cpu-queue-autoscaler-checkoutservice,0,60,1,,,
2026-08-30 01:29:01,autoscaler,customdas-cpu-queue-autoscaler-currencyservice,3,60,1,,,
2026-08-30 01:29:01,autoscaler,customdas-cpu-queue-autoscaler-emailservice,3,60,1,,,
2026-08-30 01:29:01,autoscaler,customdas-cpu-queue-autoscaler-frontend,7,60,1,,,
2026-08-30 01:29:01,autoscaler,customdas-cpu-queue-autoscaler-paymentservice,0,60,1,,,
2026-08-30 01:29:01,autoscaler,customdas-cpu-queue-autoscaler-productcatalogservice,5,60,1,,,
2026-08-30 01:29:01,autoscaler,customdas-cpu-queue-autoscaler-recommendationservice,6,60,1,,,
2026-08-30 01:29:01,autoscaler,customdas-cpu-queue-autoscaler-shippingservice,4,60,1,,,
2026-08-30 01:29:01,node,ze-master-node,2305,3961,,57.6,49.9,
2026-08-30 01:29:01,node,ze-worker-node,2505,1900,,62.6,23.9,
2026-08-30 01:29:10,deployment,adservice,50,94,1,,,
2026-08-30 01:29:10,deployment,cartservice,150,79,2,,,
2026-08-30 01:29:10,deployment,checkoutservice,30,12,1,,,
2026-08-30 01:29:10,deployment,currencyservice,309,132,2,,,
2026-08-30 01:29:10,deployment,emailservice,14,40,1,,,
2026-08-30 01:29:10,deployment,frontend,619,77,6,,,
2026-08-30 01:29:10,http_p95_latency,frontend,,,,,,230.6
2026-08-30 01:29:10,deployment,paymentservice,11,31,1,,,
2026-08-30 01:29:10,deployment,productcatalogservice,342,42,5,,,
2026-08-30 01:29:10,deployment,recommendationservice,218,87,2,,,
2026-08-30 01:29:10,deployment,redis-cart,16,32,1,,,
2026-08-30 01:29:10,deployment,shippingservice,39,16,2,,,
2026-08-30 01:29:10,autoscaler,customdas-cpu-queue-autoscaler-adservice,3,60,1,,,
2026-08-30 01:29:10,autoscaler,customdas-cpu-queue-autoscaler-cartservice,3,60,1,,,
2026-08-30 01:29:10,autoscaler,customdas-cpu-queue-autoscaler-checkoutservice,3,60,1,,,
2026-08-30 01:29:10,autoscaler,customdas-cpu-queue-autoscaler-currencyservice,6,60,1,,,
2026-08-30 01:29:10,autoscaler,customdas-cpu-queue-autoscaler-emailservice,0,60,1,,,
2026-08-30 01:29:10,autoscaler,customdas-cpu-queue-autoscaler-frontend,7,60,1,,,
2026-08-30 01:29:10,autoscaler,customdas-cpu-queue-autoscaler-paymentservice,6,60,1,,,
2026-08-30 01:29:10,autoscaler,customdas-cpu-queue-autoscaler-productcatalogservice,5,60,1,,,
2026-08-30 01:29:10,autoscaler,customdas-cpu-queue-autoscaler-recommendationservice,6,60,1,,,
2026-08-30 01:29:10,autoscaler,customdas-cpu-queue-autoscaler-shippingservice,4,60,1,,,
2026-08-30 01:29:10,node,ze-master-node,2305,3961,,57.6,49.9,
2026-08-30 01:29:10,node,ze-worker-node,2505,1900,,62.6,23.9,
2026-08-30 01:29:19,deployment,adservice,50,94,1,,,
2026-08-30 01:29:19,deployment,cartservice,165,79,2,,,
2026-08-30 01:29:19,deployment,checkoutservice,31,12,1,,,
2026-08-30 01:29:19,deployment,currencyservice,320,139,2,,,
2026-08-30 01:29:19,deployment,emailservice,20,40,1,,,
2026-08-30 01:29:19,deployment,frontend,624,77,6,,,
2026-08-30 01:29:19,http_p95_latency,frontend,,,,,,237.8
2026-08-30 01:29:19,deployment,paymentservice,10,31,1,,,
2026-08-30 01:29:19,deployment,productcatalogservice,339,43,5,,,
2026-08-30 01:29:19,deployment,recommendationservice,219,87,2,,,
2026-08-30 01:29:19,deployment,redis-cart,17,32,1,,,
2026-08-30 01:29:19,deployment,shippingservice,44,17,2,,,
2026-08-30 01:29:19,autoscaler,customdas-cpu-queue-autoscaler-adservice,3,60,1,,,
2026-08-30 01:29:19,autoscaler,customdas-cpu-queue-autoscaler-cartservice,4,60,1,,,
2026-08-30 01:29:19,autoscaler,customdas-cpu-queue-autoscaler-checkoutservice,3,60,1,,,
2026-08-30 01:29:19,autoscaler,customdas-cpu-queue-autoscaler-currencyservice,6,60,1,,,
2026-08-30 01:29:19,autoscaler,customdas-cpu-queue-autoscaler-emailservice,6,60,1,,,
2026-08-30 01:29:19,autoscaler,customdas-cpu-queue-autoscaler-frontend,3,60,1,,,
2026-08-30 01:29:19,autoscaler,customdas-cpu-queue-autoscaler-paymentservice,5,60,1,,,
2026-08-30 01:29:19,autoscaler,customdas-cpu-queue-autoscaler-productcatalogservice,5,60,1,,,
2026-08-30 01:29:19,autoscaler,customdas-cpu-queue-autoscaler-recommendationservice,4,60,1,,,
2026-08-30 01:29:19,autoscaler,customdas-cpu-queue-autoscaler-shippingservice,3,60,1,,,
2026-08-30 01:29:19,node,ze-master-node,2456,3964,,61.4,49.9,
2026-08-30 01:29:19,node,ze-worker-node,2524,1898,,63.1,23.9,
2026-08-30 01:29:26,deployment,adservice,50,94,1,,,
2026-08-30 01:29:26,deployment,cartservice,165,79,2,,,
2026-08-30 01:29:26,deployment,checkoutservice,31,12,1,,,
2026-08-30 01:29:26,deployment,currencyservice,320,139,2,,,
2026-08-30 01:29:26,deployment,emailservice,20,40,1,,,
2026-08-30 01:29:26,deployment,frontend,624,77,6,,,
2026-08-30 01:29:26,http_p95_latency,frontend,,,,,,243.3
2026-08-30 01:29:26,deployment,paymentservice,10,31,1,,,
2026-08-30 01:29:26,deployment,productcatalogservice,339,43,5,,,
2026-08-30 01:29:26,deployment,recommendationservice,219,87,2,,,
2026-08-30 01:29:26,deployment,redis-cart,17,32,1,,,
2026-08-30 01:29:26,deployment,shippingservice,44,17,2,,,
2026-08-30 01:29:26,autoscaler,customdas-cpu-queue-autoscaler-adservice,3,60,1,,,
2026-08-30 01:29:26,autoscaler,customdas-cpu-queue-autoscaler-cartservice,4,60,1,,,
2026-08-30 01:29:26,autoscaler,customdas-cpu-queue-autoscaler-checkoutservice,3,60,1,,,
2026-08-30 01:29:26,autoscaler,customdas-cpu-queue-autoscaler-currencyservice,6,60,1,,,
2026-08-30 01:29:26,autoscaler,customdas-cpu-queue-autoscaler-emailservice,6,60,1,,,
2026-08-30 01:29:26,autoscaler,customdas-cpu-queue-autoscaler-frontend,3,60,1,,,
2026-08-30 01:29:26,autoscaler,customdas-cpu-queue-autoscaler-paymentservice,5,60,1,,,
2026-08-30 01:29:26,autoscaler,customdas-cpu-queue-autoscaler-productcatalogservice,5,60,1,,,
2026-08-30 01:29:26,autoscaler,customdas-cpu-queue-autoscaler-recommendationservice,4,60,1,,,
2026-08-30 01:29:26,autoscaler,customdas-cpu-queue-autoscaler-shippingservice,3,60,1,,,
2026-08-30 01:29:26,node,ze-master-node,2456,3964,,61.4,49.9,
2026-08-30 01:29:26,node,ze-worker-node,2524,1898,,63.1,23.9,
2026-08-30 01:29:35,deployment,adservice,47,94,1,,,
2026-08-30 01:29:35,deployment,cartservice,178,80,2,,,
2026-08-30 01:29:35,deployment,checkoutservice,33,12,1,,,
2026-08-30 01:29:35,deployment,currencyservice,299,135,2,,,
2026-08-30 01:29:35,deployment,emailservice,15,40,1,,,
2026-08-30 01:29:35,deployment,frontend,620,77,6,,,
2026-08-30 01:29:35,http_p95_latency,frontend,,,,,,243.3
2026-08-30 01:29:35,deployment,paymentservice,10,31,1,,,
2026-08-30 01:29:35,deployment,productcatalogservice,342,42,5,,,
2026-08-30 01:29:35,deployment,recommendationservice,217,87,2,,,
2026-08-30 01:29:35,deployment,redis-cart,17,32,1,,,
2026-08-30 01:29:35,deployment,shippingservice,39,18,2,,,
2026-08-30 01:29:35,autoscaler,customdas-cpu-queue-autoscaler-adservice,6,60,1,,,
2026-08-30 01:29:35,autoscaler,customdas-cpu-queue-autoscaler-cartservice,5,60,1,,,
2026-08-30 01:29:35,autoscaler,customdas-cpu-queue-autoscaler-checkoutservice,4,60,1,,,
2026-08-30 01:29:35,autoscaler,customdas-cpu-queue-autoscaler-currencyservice,3,60,1,,,
2026-08-30 01:29:35,autoscaler,customdas-cpu-queue-autoscaler-emailservice,0,60,1,,,
2026-08-30 01:29:35,autoscaler,customdas-cpu-queue-autoscaler-frontend,5,60,1,,,
2026-08-30 01:29:35,autoscaler,customdas-cpu-queue-autoscaler-paymentservice,4,60,1,,,
2026-08-30 01:29:35,autoscaler,customdas-cpu-queue-autoscaler-productcatalogservice,6,60,1,,,
2026-08-30 01:29:35,autoscaler,customdas-cpu-queue-autoscaler-recommendationservice,2,60,1,,,
2026-08-30 01:29:35,autoscaler,customdas-cpu-queue-autoscaler-shippingservice,0,60,1,,,
2026-08-30 01:29:35,node,ze-master-node,2306,3975,,57.6,50.1,
2026-08-30 01:29:35,node,ze-worker-node,2404,1900,,60.1,23.9,
2026-08-30 01:29:43,deployment,adservice,47,94,1,,,
2026-08-30 01:29:43,deployment,cartservice,178,80,2,,,
2026-08-30 01:29:43,deployment,checkoutservice,33,12,1,,,
2026-08-30 01:29:43,deployment,currencyservice,299,135,2,,,
2026-08-30 01:29:43,deployment,emailservice,15,40,1,,,
2026-08-30 01:29:43,deployment,frontend,620,77,6,,,
2026-08-30 01:29:43,http_p95_latency,frontend,,,,,,236.4
2026-08-30 01:29:43,deployment,paymentservice,10,31,1,,,
2026-08-30 01:29:43,deployment,productcatalogservice,342,42,5,,,
2026-08-30 01:29:43,deployment,recommendationservice,217,87,2,,,
2026-08-30 01:29:43,deployment,redis-cart,17,32,1,,,
2026-08-30 01:29:43,deployment,shippingservice,39,18,2,,,
2026-08-30 01:29:43,autoscaler,customdas-cpu-queue-autoscaler-adservice,6,60,1,,,
2026-08-30 01:29:43,autoscaler,customdas-cpu-queue-autoscaler-cartservice,5,60,1,,,
2026-08-30 01:29:43,autoscaler,customdas-cpu-queue-autoscaler-checkoutservice,4,60,1,,,
2026-08-30 01:29:43,autoscaler,customdas-cpu-queue-autoscaler-currencyservice,3,60,1,,,
2026-08-30 01:29:43,autoscaler,customdas-cpu-queue-autoscaler-emailservice,0,60,1,,,
2026-08-30 01:29:43,autoscaler,customdas-cpu-queue-autoscaler-frontend,5,60,1,,,
2026-08-30 01:29:43,autoscaler,customdas-cpu-queue-autoscaler-paymentservice,4,60,1,,,
2026-08-30 01:29:43,autoscaler,customdas-cpu-queue-autoscaler-productcatalogservice,6,60,1,,,
2026-08-30 01:29:43,autoscaler,customdas-cpu-queue-autoscaler-recommendationservice,2,60,1,,,
2026-08-30 01:29:43,autoscaler,customdas-cpu-queue-autoscaler-shippingservice,0,60,1,,,
2026-08-30 01:29:43,node,ze-master-node,2306,3975,,57.6,50.1,
2026-08-30 01:29:43,node,ze-worker-node,2404,1900,,60.1,23.9,
2026-08-30 01:29:52,deployment,adservice,47,94,1,,,
2026-08-30 01:29:52,deployment,cartservice,182,81,2,,,
2026-08-30 01:29:52,deployment,checkoutservice,27,12,1,,,
2026-08-30 01:29:52,deployment,currencyservice,288,136,2,,,
2026-08-30 01:29:52,deployment,emailservice,15,40,1,,,
2026-08-30 01:29:52,deployment,frontend,597,77,6,,,
2026-08-30 01:29:52,http_p95_latency,frontend,,,,,,236.4
2026-08-30 01:29:52,deployment,paymentservice,11,31,1,,,
2026-08-30 01:29:52,deployment,productcatalogservice,331,42,5,,,
2026-08-30 01:29:52,deployment,recommendationservice,218,87,2,,,
2026-08-30 01:29:52,deployment,redis-cart,16,32,1,,,
2026-08-30 01:29:52,deployment,shippingservice,39,16,2,,,
2026-08-30 01:29:52,autoscaler,customdas-cpu-queue-autoscaler-adservice,3,60,1,,,
2026-08-30 01:29:52,autoscaler,customdas-cpu-queue-autoscaler-cartservice,5,60,1,,,
2026-08-30 01:29:52,autoscaler,customdas-cpu-queue-autoscaler-checkoutservice,0,60,1,,,
2026-08-30 01:29:52,autoscaler,customdas-cpu-queue-autoscaler-currencyservice,5,60,1,,,
2026-08-30 01:29:52,autoscaler,customdas-cpu-queue-autoscaler-emailservice,3,60,1,,,
2026-08-30 01:29:52,autoscaler,customdas-cpu-queue-autoscaler-frontend,5,60,1,,,
2026-08-30 01:29:52,autoscaler,customdas-cpu-queue-autoscaler-paymentservice,3,60,1,,,
2026-08-30 01:29:52,autoscaler,customdas-cpu-queue-autoscaler-productcatalogservice,5,60,1,,,
2026-08-30 01:29:52,autoscaler,customdas-cpu-queue-autoscaler-recommendationservice,5,60,1,,,
2026-08-30 01:29:52,autoscaler,customdas-cpu-queue-autoscaler-shippingservice,3,60,1,,,
2026-08-30 01:29:52,node,ze-master-node,2294,3979,,57.4,50.1,
2026-08-30 01:29:52,node,ze-worker-node,2405,1895,,60.1,23.9,
2026-08-30 01:30:00,deployment,adservice,47,94,1,,,
2026-08-30 01:30:00,deployment,cartservice,182,81,2,,,
2026-08-30 01:30:00,deployment,checkoutservice,27,12,1,,,
2026-08-30 01:30:00,deployment,currencyservice,288,136,2,,,
2026-08-30 01:30:00,deployment,emailservice,15,40,1,,,
2026-08-30 01:30:00,deployment,frontend,597,77,6,,,
2026-08-30 01:30:00,http_p95_latency,frontend,,,,,,234.7
2026-08-30 01:30:00,deployment,paymentservice,11,31,1,,,
2026-08-30 01:30:00,deployment,productcatalogservice,331,42,5,,,
2026-08-30 01:30:00,deployment,recommendationservice,218,87,2,,,
2026-08-30 01:30:00,deployment,redis-cart,16,32,1,,,
2026-08-30 01:30:00,deployment,shippingservice,39,16,2,,,
2026-08-30 01:30:00,autoscaler,customdas-cpu-queue-autoscaler-adservice,3,60,1,,,
2026-08-30 01:30:00,autoscaler,customdas-cpu-queue-autoscaler-cartservice,5,60,1,,,
2026-08-30 01:30:00,autoscaler,customdas-cpu-queue-autoscaler-checkoutservice,0,60,1,,,
2026-08-30 01:30:00,autoscaler,customdas-cpu-queue-autoscaler-currencyservice,5,60,1,,,
2026-08-30 01:30:00,autoscaler,customdas-cpu-queue-autoscaler-emailservice,3,60,1,,,
2026-08-30 01:30:00,autoscaler,customdas-cpu-queue-autoscaler-frontend,5,60,1,,,
2026-08-30 01:30:00,autoscaler,customdas-cpu-queue-autoscaler-paymentservice,3,60,1,,,
2026-08-30 01:30:00,autoscaler,customdas-cpu-queue-autoscaler-productcatalogservice,5,60,1,,,
2026-08-30 01:30:00,autoscaler,customdas-cpu-queue-autoscaler-recommendationservice,5,60,1,,,
2026-08-30 01:30:00,autoscaler,customdas-cpu-queue-autoscaler-shippingservice,3,60,1,,,
2026-08-30 01:30:00,node,ze-master-node,2294,3979,,57.4,50.1,
2026-08-30 01:30:00,node,ze-worker-node,2405,1895,,60.1,23.9,
2026-08-30 01:30:08,deployment,adservice,42,94,1,,,
2026-08-30 01:30:08,deployment,cartservice,166,79,2,,,
2026-08-30 01:30:08,deployment,checkoutservice,29,12,1,,,
2026-08-30 01:30:08,deployment,currencyservice,263,136,2,,,
2026-08-30 01:30:08,deployment,emailservice,18,40,1,,,
2026-08-30 01:30:08,deployment,frontend,552,77,6,,,
2026-08-30 01:30:08,http_p95_latency,frontend,,,,,,234.7
2026-08-30 01:30:08,deployment,paymentservice,8,31,1,,,
2026-08-30 01:30:08,deployment,productcatalogservice,301,42,5,,,
2026-08-30 01:30:08,deployment,recommendationservice,194,87,2,,,
2026-08-30 01:30:08,deployment,redis-cart,16,32,1,,,
2026-08-30 01:30:08,deployment,shippingservice,38,17,2,,,
2026-08-30 01:30:08,autoscaler,customdas-cpu-queue-autoscaler-adservice,0,60,1,,,
2026-08-30 01:30:08,autoscaler,customdas-cpu-queue-autoscaler-cartservice,3,60,1,,,
2026-08-30 01:30:08,autoscaler,customdas-cpu-queue-autoscaler-checkoutservice,3,60,1,,,
2026-08-30 01:30:08,autoscaler,customdas-cpu-queue-autoscaler-currencyservice,3,60,1,,,
2026-08-30 01:30:08,autoscaler,customdas-cpu-queue-autoscaler-emailservice,2,60,1,,,
2026-08-30 01:30:08,autoscaler,customdas-cpu-queue-autoscaler-frontend,7,60,1,,,
2026-08-30 01:30:08,autoscaler,customdas-cpu-queue-autoscaler-paymentservice,3,60,1,,,
2026-08-30 01:30:08,autoscaler,customdas-cpu-queue-autoscaler-productcatalogservice,7,60,1,,,
2026-08-30 01:30:08,autoscaler,customdas-cpu-queue-autoscaler-recommendationservice,5,60,1,,,
2026-08-30 01:30:08,autoscaler,customdas-cpu-queue-autoscaler-shippingservice,5,60,1,,,
2026-08-30 01:30:08,node,ze-master-node,2142,3988,,53.5,50.2,
2026-08-30 01:30:08,node,ze-worker-node,2280,1891,,57.0,23.8,
2026-08-30 01:30:17,deployment,adservice,42,94,1,,,
2026-08-30 01:30:17,deployment,cartservice,166,79,2,,,
2026-08-30 01:30:17,deployment,checkoutservice,29,12,1,,,
2026-08-30 01:30:17,deployment,currencyservice,263,136,2,,,
2026-08-30 01:30:17,deployment,emailservice,18,40,1,,,
2026-08-30 01:30:17,deployment,frontend,452,65,6,,,
2026-08-30 01:30:17,http_p95_latency,frontend,,,,,,214.9
2026-08-30 01:30:17,deployment,paymentservice,12,31,1,,,
2026-08-30 01:30:17,deployment,productcatalogservice,289,41,5,,,
2026-08-30 01:30:17,deployment,recommendationservice,188,87,2,,,
2026-08-30 01:30:17,deployment,redis-cart,15,32,1,,,
2026-08-30 01:30:17,deployment,shippingservice,38,16,2,,,
2026-08-30 01:30:17,autoscaler,customdas-cpu-queue-autoscaler-adservice,5,60,1,,,
2026-08-30 01:30:17,autoscaler,customdas-cpu-queue-autoscaler-cartservice,0,60,1,,,
2026-08-30 01:30:17,autoscaler,customdas-cpu-queue-autoscaler-checkoutservice,6,60,1,,,
2026-08-30 01:30:17,autoscaler,customdas-cpu-queue-autoscaler-currencyservice,2,60,1,,,
2026-08-30 01:30:17,autoscaler,customdas-cpu-queue-autoscaler-emailservice,2,60,1,,,
2026-08-30 01:30:17,autoscaler,customdas-cpu-queue-autoscaler-frontend,8,60,1,,,
2026-08-30 01:30:17,autoscaler,customdas-cpu-queue-autoscaler-paymentservice,5,60,1,,,
2026-08-30 01:30:17,autoscaler,customdas-cpu-queue-autoscaler-productcatalogservice,6,60,1,,,
2026-08-30 01:30:17,autoscaler,customdas-cpu-queue-autoscaler-recommendationservice,3,60,1,,,
2026-08-30 01:30:17,autoscaler,customdas-cpu-queue-autoscaler-shippingservice,8,60,1,,,
2026-08-30 01:30:17,node,ze-master-node,2137,3981,,53.4,50.1,
2026-08-30 01:30:17,node,ze-worker-node,2247,1887,,56.2,23.8,
2026-08-30 01:30:26,deployment,adservice,42,94,1,,,
2026-08-30 01:30:26,deployment,cartservice,167,80,2,,,
2026-08-30 01:30:26,deployment,checkoutservice,29,12,1,,,
2026-08-30 01:30:26,deployment,currencyservice,257,132,2,,,
2026-08-30 01:30:26,deployment,emailservice,17,40,1,,,
2026-08-30 01:30:26,deployment,frontend,425,65,5,,,
2026-08-30 01:30:26,http_p95_latency,frontend,,,,,,214.9
2026-08-30 01:30:26,deployment,paymentservice,12,31,1,,,
2026-08-30 01:30:26,deployment,productcatalogservice,289,41,5,,,
2026-08-30 01:30:26,deployment,recommendationservice,188,87,2,,,
2026-08-30 01:30:26,deployment,redis-cart,15,32,1,,,
2026-08-30 01:30:26,deployment,shippingservice,18,9,1,,,
2026-08-30 01:30:26,autoscaler,customdas-cpu-queue-autoscaler-adservice,5,60,1,,,
2026-08-30 01:30:26,autoscaler,customdas-cpu-queue-autoscaler-cartservice,0,60,1,,,
2026-08-30 01:30:26,autoscaler,customdas-cpu-queue-autoscaler-checkoutservice,6,60,1,,,
2026-08-30 01:30:26,autoscaler,customdas-cpu-queue-autoscaler-currencyservice,2,60,1,,,
2026-08-30 01:30:26,autoscaler,customdas-cpu-queue-autoscaler-emailservice,2,60,1,,,
2026-08-30 01:30:26,autoscaler,customdas-cpu-queue-autoscaler-frontend,8,60,1,,,
2026-08-30 01:30:26,autoscaler,customdas-cpu-queue-autoscaler-paymentservice,5,60,1,,,
2026-08-30 01:30:26,autoscaler,customdas-cpu-queue-autoscaler-productcatalogservice,6,60,1,,,
2026-08-30 01:30:26,autoscaler,customdas-cpu-queue-autoscaler-recommendationservice,3,60,1,,,
2026-08-30 01:30:26,autoscaler,customdas-cpu-queue-autoscaler-shippingservice,8,60,1,,,
2026-08-30 01:30:26,node,ze-master-node,2137,3981,,53.4,50.1,
2026-08-30 01:30:26,node,ze-worker-node,2247,1887,,56.2,23.8,
2026-08-30 01:30:34,deployment,adservice,42,94,1,,,
2026-08-30 01:30:34,deployment,cartservice,69,45,1,,,
2026-08-30 01:30:34,deployment,checkoutservice,29,12,1,,,
2026-08-30 01:30:34,deployment,currencyservice,257,132,2,,,
2026-08-30 01:30:34,deployment,emailservice,17,40,1,,,
2026-08-30 01:30:34,deployment,frontend,438,64,5,,,
2026-08-30 01:30:34,http_p95_latency,frontend,,,,,,214.0
2026-08-30 01:30:34,deployment,paymentservice,10,30,1,,,
2026-08-30 01:30:34,deployment,productcatalogservice,230,33,5,,,
2026-08-30 01:30:34,deployment,recommendationservice,185,87,2,,,
2026-08-30 01:30:34,deployment,redis-cart,15,32,1,,,
2026-08-30 01:30:34,deployment,shippingservice,18,9,1,,,
2026-08-30 01:30:34,autoscaler,customdas-cpu-queue-autoscaler-adservice,3,60,1,,,
2026-08-30 01:30:34,autoscaler,customdas-cpu-queue-autoscaler-cartservice,6,60,1,,,
2026-08-30 01:30:34,autoscaler,customdas-cpu-queue-autoscaler-checkoutservice,5,60,1,,,
2026-08-30 01:30:34,autoscaler,customdas-cpu-queue-autoscaler-currencyservice,5,60,1,,,
2026-08-30 01:30:34,autoscaler,customdas-cpu-queue-autoscaler-emailservice,2,60,1,,,
2026-08-30 01:30:34,autoscaler,customdas-cpu-queue-autoscaler-frontend,4,60,1,,,
2026-08-30 01:30:34,autoscaler,customdas-cpu-queue-autoscaler-paymentservice,0,60,1,,,
2026-08-30 01:30:34,autoscaler,customdas-cpu-queue-autoscaler-productcatalogservice,5,60,1,,,
2026-08-30 01:30:34,autoscaler,customdas-cpu-queue-autoscaler-recommendationservice,4,60,1,,,
2026-08-30 01:30:34,autoscaler,customdas-cpu-queue-autoscaler-shippingservice,0,60,1,,,
2026-08-30 01:30:34,node,ze-master-node,2132,3988,,53.3,50.2,
2026-08-30 01:30:34,node,ze-worker-node,2234,1863,,55.9,23.5,
2026-08-30 01:30:41,deployment,adservice,41,94,1,,,
2026-08-30 01:30:41,deployment,cartservice,58,45,1,,,
2026-08-30 01:30:41,deployment,checkoutservice,24,12,1,,,
2026-08-30 01:30:41,deployment,currencyservice,262,132,2,,,
2026-08-30 01:30:41,deployment,emailservice,17,40,1,,,
2026-08-30 01:30:41,deployment,frontend,438,64,5,,,
2026-08-30 01:30:41,http_p95_latency,frontend,,,,,,213.0
2026-08-30 01:30:41,deployment,paymentservice,10,30,1,,,
2026-08-30 01:30:41,deployment,productcatalogservice,230,33,4,,,
2026-08-30 01:30:41,deployment,recommendationservice,185,87,2,,,
2026-08-30 01:30:41,deployment,redis-cart,15,32,1,,,
2026-08-30 01:30:41,deployment,shippingservice,18,9,1,,,
2026-08-30 01:30:41,autoscaler,customdas-cpu-queue-autoscaler-adservice,3,60,1,,,
2026-08-30 01:30:41,autoscaler,customdas-cpu-queue-autoscaler-cartservice,6,60,1,,,
2026-08-30 01:30:41,autoscaler,customdas-cpu-queue-autoscaler-checkoutservice,5,60,1,,,
2026-08-30 01:30:41,autoscaler,customdas-cpu-queue-autoscaler-currencyservice,5,60,1,,,
2026-08-30 01:30:41,autoscaler,customdas-cpu-queue-autoscaler-emailservice,2,60,1,,,
2026-08-30 01:30:41,autoscaler,customdas-cpu-queue-autoscaler-frontend,4,60,1,,,
2026-08-30 01:30:41,autoscaler,customdas-cpu-queue-autoscaler-paymentservice,0,60,1,,,
2026-08-30 01:30:41,autoscaler,customdas-cpu-queue-autoscaler-productcatalogservice,5,60,1,,,
2026-08-30 01:30:41,autoscaler,customdas-cpu-queue-autoscaler-recommendationservice,4,60,1,,,
2026-08-30 01:30:41,autoscaler,customdas-cpu-queue-autoscaler-shippingservice,0,60,1,,,
2026-08-30 01:30:41,node,ze-master-node,2132,3988,,53.3,50.2,
2026-08-30 01:30:41,node,ze-worker-node,2234,1863,,55.9,23.5,
2026-08-30 01:30:50,deployment,adservice,42,94,1,,,
2026-08-30 01:30:50,deployment,cartservice,101,45,1,,,
2026-08-30 01:30:50,deployment,checkoutservice,20,12,1,,,
2026-08-30 01:30:50,deployment,currencyservice,243,133,2,,,
2026-08-30 01:30:50,deployment,emailservice,15,40,1,,,
2026-08-30 01:30:50,deployment,frontend,471,65,5,,,
2026-08-30 01:30:50,http_p95_latency,frontend,,,,,,213.0
2026-08-30 01:30:50,deployment,paymentservice,8,31,1,,,
2026-08-30 01:30:50,deployment,productcatalogservice,251,34,4,,,
2026-08-30 01:30:50,deployment,recommendationservice,193,87,2,,,
2026-08-30 01:30:50,deployment,redis-cart,15,32,1,,,
2026-08-30 01:30:50,deployment,shippingservice,22,9,1,,,
2026-08-30 01:30:50,autoscaler,customdas-cpu-queue-autoscaler-adservice,4,60,1,,,
2026-08-30 01:30:50,autoscaler,customdas-cpu-queue-autoscaler-cartservice,6,60,1,,,
2026-08-30 01:30:50,autoscaler,customdas-cpu-queue-autoscaler-checkoutservice,0,60,1,,,
2026-08-30 01:30:50,autoscaler,customdas-cpu-queue-autoscaler-currencyservice,7,60,1,,,
2026-08-30 01:30:50,autoscaler,customdas-cpu-queue-autoscaler-emailservice,5,60,1,,,
2026-08-30 01:30:50,autoscaler,customdas-cpu-queue-autoscaler-frontend,6,60,1,,,
2026-08-30 01:30:50,autoscaler,customdas-cpu-queue-autoscaler-paymentservice,4,60,1,,,
2026-08-30 01:30:50,autoscaler,customdas-cpu-queue-autoscaler-productcatalogservice,8,60,1,,,
2026-08-30 01:30:50,autoscaler,customdas-cpu-queue-autoscaler-recommendationservice,4,60,1,,,
2026-08-30 01:30:50,autoscaler,customdas-cpu-queue-autoscaler-shippingservice,4,60,1,,,
2026-08-30 01:30:50,node,ze-master-node,2342,4055,,58.6,51.1,
2026-08-30 01:30:50,node,ze-worker-node,2142,1823,,53.5,23.0,
2026-08-30 01:30:59,deployment,adservice,42,94,1,,,
2026-08-30 01:30:59,deployment,cartservice,101,45,1,,,
2026-08-30 01:30:59,deployment,checkoutservice,20,12,1,,,
2026-08-30 01:30:59,deployment,currencyservice,243,133,2,,,
2026-08-30 01:30:59,deployment,emailservice,15,40,1,,,
2026-08-30 01:30:59,deployment,frontend,471,65,5,,,
2026-08-30 01:30:59,http_p95_latency,frontend,,,,,,195.7
2026-08-30 01:30:59,deployment,paymentservice,8,31,1,,,
2026-08-30 01:30:59,deployment,productcatalogservice,251,34,4,,,
2026-08-30 01:30:59,deployment,recommendationservice,193,87,2,,,
2026-08-30 01:30:59,deployment,redis-cart,15,32,1,,,
2026-08-30 01:30:59,deployment,shippingservice,22,9,1,,,
2026-08-30 01:30:59,autoscaler,customdas-cpu-queue-autoscaler-adservice,4,60,1,,,
2026-08-30 01:30:59,autoscaler,customdas-cpu-queue-autoscaler-cartservice,6,60,1,,,
2026-08-30 01:30:59,autoscaler,customdas-cpu-queue-autoscaler-checkoutservice,0,60,1,,,
2026-08-30 01:30:59,autoscaler,customdas-cpu-queue-autoscaler-currencyservice,7,60,1,,,
2026-08-30 01:30:59,autoscaler,customdas-cpu-queue-autoscaler-emailservice,5,60,1,,,
2026-08-30 01:30:59,autoscaler,customdas-cpu-queue-autoscaler-frontend,6,60,1,,,
2026-08-30 01:30:59,autoscaler,customdas-cpu-queue-autoscaler-paymentservice,4,60,1,,,
2026-08-30 01:30:59,autoscaler,customdas-cpu-queue-autoscaler-productcatalogservice,8,60,1,,,
2026-08-30 01:30:59,autoscaler,customdas-cpu-queue-autoscaler-recommendationservice,4,60,1,,,
2026-08-30 01:30:59,autoscaler,customdas-cpu-queue-autoscaler-shippingservice,4,60,1,,,
2026-08-30 01:30:59,node,ze-master-node,2342,4055,,58.6,51.1,
2026-08-30 01:30:59,node,ze-worker-node,2142,1823,,53.5,23.0,
2026-08-30 01:31:07,deployment,adservice,43,94,1,,,
2026-08-30 01:31:07,deployment,cartservice,107,45,1,,,
2026-08-30 01:31:07,deployment,checkoutservice,20,12,1,,,
2026-08-30 01:31:07,deployment,currencyservice,257,133,2,,,
2026-08-30 01:31:07,deployment,emailservice,15,40,1,,,
2026-08-30 01:31:07,deployment,frontend,493,65,5,,,
2026-08-30 01:31:07,http_p95_latency,frontend,,,,,,195.7
2026-08-30 01:31:07,deployment,paymentservice,10,31,1,,,
2026-08-30 01:31:07,deployment,productcatalogservice,289,33,4,,,
2026-08-30 01:31:07,deployment,recommendationservice,184,87,2,,,
2026-08-30 01:31:07,deployment,redis-cart,16,32,1,,,
2026-08-30 01:31:07,deployment,shippingservice,23,9,1,,,
2026-08-30 01:31:07,autoscaler,customdas-cpu-queue-autoscaler-adservice,7,60,1,,,
2026-08-30 01:31:07,autoscaler,customdas-cpu-queue-autoscaler-cartservice,2,60,1,,,
2026-08-30 01:31:07,autoscaler,customdas-cpu-queue-autoscaler-checkoutservice,4,60,1,,,
2026-08-30 01:31:07,autoscaler,customdas-cpu-queue-autoscaler-currencyservice,3,60,1,,,
2026-08-30 01:31:07,autoscaler,customdas-cpu-queue-autoscaler-emailservice,3,60,1,,,
2026-08-30 01:31:07,autoscaler,customdas-cpu-queue-autoscaler-frontend,5,60,1,,,
2026-08-30 01:31:07,autoscaler,customdas-cpu-queue-autoscaler-paymentservice,4,60,1,,,
2026-08-30 01:31:07,autoscaler,customdas-cpu-queue-autoscaler-productcatalogservice,4,60,1,,,
2026-08-30 01:31:07,autoscaler,customdas-cpu-queue-autoscaler-recommendationservice,3,60,1,,,
2026-08-30 01:31:07,autoscaler,customdas-cpu-queue-autoscaler-shippingservice,4,60,1,,,
2026-08-30 01:31:07,node,ze-master-node,2095,4060,,52.4,51.1,
2026-08-30 01:31:07,node,ze-worker-node,2088,1825,,52.2,23.0,
2026-08-30 01:31:15,deployment,adservice,43,94,1,,,
2026-08-30 01:31:15,deployment,cartservice,107,45,1,,,
2026-08-30 01:31:15,deployment,checkoutservice,20,12,1,,,
2026-08-30 01:31:15,deployment,currencyservice,257,133,2,,,
2026-08-30 01:31:15,deployment,emailservice,15,40,1,,,
2026-08-30 01:31:15,deployment,frontend,493,65,5,,,
2026-08-30 01:31:15,http_p95_latency,frontend,,,,,,208.7
2026-08-30 01:31:15,deployment,paymentservice,10,31,1,,,
2026-08-30 01:31:15,deployment,productcatalogservice,289,33,4,,,
2026-08-30 01:31:15,deployment,recommendationservice,184,87,2,,,
2026-08-30 01:31:15,deployment,redis-cart,16,32,1,,,
2026-08-30 01:31:15,deployment,shippingservice,23,9,1,,,
2026-08-30 01:31:15,autoscaler,customdas-cpu-queue-autoscaler-adservice,7,60,1,,,
2026-08-30 01:31:15,autoscaler,customdas-cpu-queue-autoscaler-cartservice,2,60,1,,,
2026-08-30 01:31:15,autoscaler,customdas-cpu-queue-autoscaler-checkoutservice,4,60,1,,,
2026-08-30 01:31:15,autoscaler,customdas-cpu-queue-autoscaler-currencyservice,3,60,1,,,
2026-08-30 01:31:15,autoscaler,customdas-cpu-queue-autoscaler-emailservice,3,60,1,,,
2026-08-30 01:31:15,autoscaler,customdas-cpu-queue-autoscaler-frontend,5,60,1,,,
2026-08-30 01:31:15,autoscaler,customdas-cpu-queue-autoscaler-paymentservice,4,60,1,,,
2026-08-30 01:31:15,autoscaler,customdas-cpu-queue-autoscaler-productcatalogservice,4,60,1,,,
2026-08-30 01:31:15,autoscaler,customdas-cpu-queue-autoscaler-recommendationservice,3,60,1,,,
2026-08-30 01:31:15,autoscaler,customdas-cpu-queue-autoscaler-shippingservice,4,60,1,,,
2026-08-30 01:31:15,node,ze-master-node,2095,4060,,52.4,51.1,
2026-08-30 01:31:15,node,ze-worker-node,2088,1825,,52.2,23.0,
2026-08-30 01:31:23,deployment,adservice,42,94,1,,,
2026-08-30 01:31:23,deployment,cartservice,107,45,1,,,
2026-08-30 01:31:23,deployment,checkoutservice,25,12,1,,,
2026-08-30 01:31:23,deployment,currencyservice,247,135,2,,,
2026-08-30 01:31:23,deployment,emailservice,16,40,1,,,
2026-08-30 01:31:23,deployment,frontend,495,65,5,,,
2026-08-30 01:31:23,http_p95_latency,frontend,,,,,,208.7
2026-08-30 01:31:23,deployment,paymentservice,9,31,1,,,
2026-08-30 01:31:23,deployment,productcatalogservice,283,33,4,,,
2026-08-30 01:31:23,deployment,recommendationservice,194,87,2,,,
2026-08-30 01:31:23,deployment,redis-cart,16,32,1,,,
2026-08-30 01:31:23,deployment,shippingservice,24,9,1,,,
2026-08-30 01:31:23,autoscaler,customdas-cpu-queue-autoscaler-adservice,4,60,1,,,
2026-08-30 01:31:23,autoscaler,customdas-cpu-queue-autoscaler-cartservice,4,60,1,,,
2026-08-30 01:31:23,autoscaler,customdas-cpu-queue-autoscaler-checkoutservice,17,60,1,,,
2026-08-30 01:31:23,autoscaler,customdas-cpu-queue-autoscaler-currencyservice,4,60,1,,,
2026-08-30 01:31:23,autoscaler,customdas-cpu-queue-autoscaler-emailservice,6,60,1,,,
2026-08-30 01:31:23,autoscaler,customdas-cpu-queue-autoscaler-frontend,4,60,1,,,
2026-08-30 01:31:23,autoscaler,customdas-cpu-queue-autoscaler-paymentservice,5,60,1,,,
2026-08-30 01:31:23,autoscaler,customdas-cpu-queue-autoscaler-productcatalogservice,4,60,1,,,
2026-08-30 01:31:23,autoscaler,customdas-cpu-queue-autoscaler-recommendationservice,3,60,1,,,
2026-08-30 01:31:23,autoscaler,customdas-cpu-queue-autoscaler-shippingservice,3,60,1,,,
2026-08-30 01:31:23,node,ze-master-node,2121,4051,,53.0,51.0,
2026-08-30 01:31:23,node,ze-worker-node,2025,1822,,50.6,22.9,
2026-08-30 01:31:32,deployment,adservice,42,94,1,,,
2026-08-30 01:31:32,deployment,cartservice,107,45,1,,,
2026-08-30 01:31:32,deployment,checkoutservice,25,12,1,,,
2026-08-30 01:31:32,deployment,currencyservice,247,135,2,,,
2026-08-30 01:31:32,deployment,emailservice,16,40,1,,,
2026-08-30 01:31:32,deployment,frontend,495,65,5,,,
2026-08-30 01:31:32,http_p95_latency,frontend,,,,,,197.1
2026-08-30 01:31:32,deployment,paymentservice,9,31,1,,,
2026-08-30 01:31:32,deployment,productcatalogservice,283,33,4,,,
2026-08-30 01:31:32,deployment,recommendationservice,194,87,2,,,
2026-08-30 01:31:32,deployment,redis-cart,16,32,1,,,
2026-08-30 01:31:32,deployment,shippingservice,24,9,1,,,
2026-08-30 01:31:32,autoscaler,customdas-cpu-queue-autoscaler-adservice,4,60,1,,,
2026-08-30 01:31:32,autoscaler,customdas-cpu-queue-autoscaler-cartservice,4,60,1,,,
2026-08-30 01:31:32,autoscaler,customdas-cpu-queue-autoscaler-checkoutservice,17,60,1,,,
2026-08-30 01:31:32,autoscaler,customdas-cpu-queue-autoscaler-currencyservice,4,60,1,,,
2026-08-30 01:31:32,autoscaler,customdas-cpu-queue-autoscaler-emailservice,0,60,1,,,
2026-08-30 01:31:32,autoscaler,customdas-cpu-queue-autoscaler-frontend,7,60,1,,,
2026-08-30 01:31:32,autoscaler,customdas-cpu-queue-autoscaler-paymentservice,3,60,1,,,
2026-08-30 01:31:32,autoscaler,customdas-cpu-queue-autoscaler-productcatalogservice,8,60,1,,,
2026-08-30 01:31:32,autoscaler,customdas-cpu-queue-autoscaler-recommendationservice,6,60,1,,,
2026-08-30 01:31:32,autoscaler,customdas-cpu-queue-autoscaler-shippingservice,2,60,1,,,
2026-08-30 01:31:32,node,ze-master-node,2278,4037,,57.0,50.8,
2026-08-30 01:31:32,node,ze-worker-node,2061,1829,,51.5,23.0,
2026-08-30 01:31:40,deployment,adservice,42,94,1,,,
2026-08-30 01:31:40,deployment,cartservice,110,45,1,,,
2026-08-30 01:31:40,deployment,checkoutservice,29,12,1,,,
2026-08-30 01:31:40,deployment,currencyservice,264,132,2,,,
2026-08-30 01:31:40,deployment,emailservice,14,40,1,,,
2026-08-30 01:31:40,deployment,frontend,502,65,5,,,
2026-08-30 01:31:40,http_p95_latency,frontend,,,,,,197.1
2026-08-30 01:31:40,deployment,paymentservice,10,31,1,,,
2026-08-30 01:31:40,deployment,productcatalogservice,281,34,4,,,
2026-08-30 01:31:40,deployment,recommendationservice,187,87,2,,,
2026-08-30 01:31:40,deployment,redis-cart,15,32,1,,,
2026-08-30 01:31:40,deployment,shippingservice,25,9,1,,,
2026-08-30 01:31:40,autoscaler,customdas-cpu-queue-autoscaler-adservice,3,60,1,,,
2026-08-30 01:31:40,autoscaler,customdas-cpu-queue-autoscaler-cartservice,9,60,1,,,
2026-08-30 01:31:40,autoscaler,customdas-cpu-queue-autoscaler-checkoutservice,2,60,1,,,
2026-08-30 01:31:40,autoscaler,customdas-cpu-queue-autoscaler-currencyservice,3,60,1,,,
2026-08-30 01:31:40,autoscaler,customdas-cpu-queue-autoscaler-emailservice,0,60,1,,,
2026-08-30 01:31:40,autoscaler,customdas-cpu-queue-autoscaler-frontend,7,60,1,,,
2026-08-30 01:31:40,autoscaler,customdas-cpu-queue-autoscaler-paymentservice,3,60,1,,,
2026-08-30 01:31:40,autoscaler,customdas-cpu-queue-autoscaler-productcatalogservice,8,60,1,,,
2026-08-30 01:31:40,autoscaler,customdas-cpu-queue-autoscaler-recommendationservice,6,60,1,,,
2026-08-30 01:31:40,autoscaler,customdas-cpu-queue-autoscaler-shippingservice,2,60,1,,,
2026-08-30 01:31:40,node,ze-master-node,2278,4037,,57.0,50.8,
2026-08-30 01:31:40,node,ze-worker-node,2061,1829,,51.5,23.0,
2026-08-30 01:31:47,deployment,adservice,42,94,1,,,
2026-08-30 01:31:47,deployment,cartservice,110,45,1,,,
2026-08-30 01:31:47,deployment,checkoutservice,29,12,1,,,
2026-08-30 01:31:47,deployment,currencyservice,264,132,2,,,
2026-08-30 01:31:47,deployment,emailservice,14,40,1,,,
2026-08-30 01:31:47,deployment,frontend,502,65,5,,,
2026-08-30 01:31:47,http_p95_latency,frontend,,,,,,201.0
2026-08-30 01:31:47,deployment,paymentservice,10,31,1,,,
2026-08-30 01:31:47,deployment,productcatalogservice,281,34,4,,,
2026-08-30 01:31:47,deployment,recommendationservice,187,87,2,,,
2026-08-30 01:31:47,deployment,redis-cart,15,32,1,,,
2026-08-30 01:31:47,deployment,shippingservice,25,9,1,,,
2026-08-30 01:31:47,autoscaler,customdas-cpu-queue-autoscaler-adservice,3,60,1,,,
2026-08-30 01:31:47,autoscaler,customdas-cpu-queue-autoscaler-cartservice,9,60,1,,,
2026-08-30 01:31:47,autoscaler,customdas-cpu-queue-autoscaler-checkoutservice,2,60,1,,,
2026-08-30 01:31:47,autoscaler,customdas-cpu-queue-autoscaler-currencyservice,3,60,1,,,
2026-08-30 01:31:47,autoscaler,customdas-cpu-queue-autoscaler-emailservice,0,60,1,,,
2026-08-30 01:31:47,autoscaler,customdas-cpu-queue-autoscaler-frontend,7,60,1,,,
2026-08-30 01:31:47,autoscaler,customdas-cpu-queue-autoscaler-paymentservice,3,60,1,,,
2026-08-30 01:31:47,autoscaler,customdas-cpu-queue-autoscaler-productcatalogservice,8,60,1,,,
2026-08-30 01:31:47,autoscaler,customdas-cpu-queue-autoscaler-recommendationservice,6,60,1,,,
2026-08-30 01:31:47,autoscaler,customdas-cpu-queue-autoscaler-shippingservice,3,60,1,,,
2026-08-30 01:31:47,node,ze-master-node,1982,4029,,49.5,50.7,
2026-08-30 01:31:47,node,ze-worker-node,2167,1825,,54.2,23.0,
2026-08-30 01:31:54,deployment,adservice,43,94,1,,,
2026-08-30 01:31:54,deployment,cartservice,116,45,1,,,
2026-08-30 01:31:54,deployment,checkoutservice,21,12,1,,,
2026-08-30 01:31:54,deployment,currencyservice,250,132,2,,,
2026-08-30 01:31:54,deployment,emailservice,15,40,1,,,
2026-08-30 01:31:54,deployment,frontend,505,65,5,,,
2026-08-30 01:31:54,http_p95_latency,frontend,,,,,,201.0
2026-08-30 01:31:54,deployment,paymentservice,7,31,1,,,
2026-08-30 01:31:54,deployment,productcatalogservice,277,33,4,,,
2026-08-30 01:31:54,deployment,recommendationservice,176,87,2,,,
2026-08-30 01:31:54,deployment,redis-cart,72,32,1,,,
2026-08-30 01:31:54,deployment,shippingservice,22,9,1,,,
2026-08-30 01:31:54,autoscaler,customdas-cpu-queue-autoscaler-adservice,3,60,1,,,
2026-08-30 01:31:54,autoscaler,customdas-cpu-queue-autoscaler-cartservice,2,60,1,,,
2026-08-30 01:31:54,autoscaler,customdas-cpu-queue-autoscaler-checkoutservice,2,60,1,,,
2026-08-30 01:31:54,autoscaler,customdas-cpu-queue-autoscaler-currencyservice,3,60,1,,,
2026-08-30 01:31:54,autoscaler,customdas-cpu-queue-autoscaler-emailservice,3,60,1,,,
2026-08-30 01:31:54,autoscaler,customdas-cpu-queue-autoscaler-frontend,4,60,1,,,
2026-08-30 01:31:54,autoscaler,customdas-cpu-queue-autoscaler-paymentservice,9,60,1,,,
2026-08-30 01:31:54,autoscaler,customdas-cpu-queue-autoscaler-productcatalogservice,6,60,1,,,
2026-08-30 01:31:54,autoscaler,customdas-cpu-queue-autoscaler-recommendationservice,2,60,1,,,
2026-08-30 01:31:54,autoscaler,customdas-cpu-queue-autoscaler-shippingservice,3,60,1,,,
2026-08-30 01:31:54,node,ze-master-node,1982,4029,,49.5,50.7,
2026-08-30 01:31:54,node,ze-worker-node,2167,1825,,54.2,23.0,
2026-08-30 01:32:01,deployment,adservice,43,94,1,,,
2026-08-30 01:32:01,deployment,cartservice,116,45,1,,,
2026-08-30 01:32:01,deployment,checkoutservice,21,12,1,,,
2026-08-30 01:32:01,deployment,currencyservice,250,132,2,,,
2026-08-30 01:32:01,deployment,emailservice,15,40,1,,,
2026-08-30 01:32:01,deployment,frontend,505,65,5,,,
2026-08-30 01:32:01,http_p95_latency,frontend,,,,,,218.8
2026-08-30 01:32:01,deployment,paymentservice,7,31,1,,,
2026-08-30 01:32:01,deployment,productcatalogservice,277,33,4,,,
2026-08-30 01:32:01,deployment,recommendationservice,176,87,2,,,
2026-08-30 01:32:01,deployment,redis-cart,72,32,1,,,
2026-08-30 01:32:01,deployment,shippingservice,22,9,1,,,
2026-08-30 01:32:01,autoscaler,customdas-cpu-queue-autoscaler-adservice,3,60,1,,,
2026-08-30 01:32:01,autoscaler,customdas-cpu-queue-autoscaler-cartservice,2,60,1,,,
2026-08-30 01:32:01,autoscaler,customdas-cpu-queue-autoscaler-checkoutservice,2,60,1,,,
2026-08-30 01:32:01,autoscaler,customdas-cpu-queue-autoscaler-currencyservice,3,60,1,,,
2026-08-30 01:32:01,autoscaler,customdas-cpu-queue-autoscaler-emailservice,3,60,1,,,
2026-08-30 01:32:01,autoscaler,customdas-cpu-queue-autoscaler-frontend,4,60,1,,,
2026-08-30 01:32:01,autoscaler,customdas-cpu-queue-autoscaler-paymentservice,9,60,1,,,
2026-08-30 01:32:01,autoscaler,customdas-cpu-queue-autoscaler-productcatalogservice,6,60,1,,,
2026-08-30 01:32:01,autoscaler,customdas-cpu-queue-autoscaler-recommendationservice,2,60,1,,,
2026-08-30 01:32:01,autoscaler,customdas-cpu-queue-autoscaler-shippingservice,3,60,1,,,
2026-08-30 01:32:01,node,ze-master-node,1982,4029,,49.5,50.7,
2026-08-30 01:32:01,node,ze-worker-node,2167,1825,,54.2,23.0,
2026-08-30 01:32:08,deployment,adservice,38,94,1,,,
2026-08-30 01:32:08,deployment,cartservice,84,45,1,,,
2026-08-30 01:32:08,deployment,checkoutservice,20,12,1,,,
2026-08-30 01:32:08,deployment,currencyservice,234,132,2,,,
2026-08-30 01:32:08,deployment,emailservice,17,40,1,,,
2026-08-30 01:32:08,deployment,frontend,487,65,5,,,
2026-08-30 01:32:08,http_p95_latency,frontend,,,,,,218.8
2026-08-30 01:32:08,deployment,paymentservice,10,31,1,,,
2026-08-30 01:32:08,deployment,productcatalogservice,274,33,4,,,
2026-08-30 01:32:08,deployment,recommendationservice,181,88,2,,,
2026-08-30 01:32:08,deployment,redis-cart,14,32,1,,,
2026-08-30 01:32:08,deployment,shippingservice,24,9,1,,,
2026-08-30 01:32:08,autoscaler,customdas-cpu-queue-autoscaler-adservice,7,60,1,,,
2026-08-30 01:32:08,autoscaler,customdas-cpu-queue-autoscaler-cartservice,3,60,1,,,
2026-08-30 01:32:08,autoscaler,customdas-cpu-queue-autoscaler-checkoutservice,4,60,1,,,
2026-08-30 01:32:08,autoscaler,customdas-cpu-queue-autoscaler-currencyservice,5,60,1,,,
2026-08-30 01:32:08,autoscaler,customdas-cpu-queue-autoscaler-emailservice,3,60,1,,,
2026-08-30 01:32:08,autoscaler,customdas-cpu-queue-autoscaler-frontend,9,60,1,,,
2026-08-30 01:32:08,autoscaler,customdas-cpu-queue-autoscaler-paymentservice,0,60,1,,,
2026-08-30 01:32:08,autoscaler,customdas-cpu-queue-autoscaler-productcatalogservice,7,60,1,,,
2026-08-30 01:32:08,autoscaler,customdas-cpu-queue-autoscaler-recommendationservice,2,60,1,,,
2026-08-30 01:32:08,autoscaler,customdas-cpu-queue-autoscaler-shippingservice,2,60,1,,,
2026-08-30 01:32:08,node,ze-master-node,2245,4037,,56.1,50.8,
2026-08-30 01:32:08,node,ze-worker-node,1996,1830,,49.9,23.0,
2026-08-30 01:32:16,deployment,adservice,38,94,1,,,
2026-08-30 01:32:16,deployment,cartservice,84,45,1,,,
2026-08-30 01:32:16,deployment,checkoutservice,20,12,1,,,
2026-08-30 01:32:16,deployment,currencyservice,234,132,2,,,
2026-08-30 01:32:16,deployment,emailservice,17,40,1,,,
2026-08-30 01:32:16,deployment,frontend,487,65,5,,,
2026-08-30 01:32:16,http_p95_latency,frontend,,,,,,249.1
2026-08-30 01:32:16,deployment,paymentservice,10,31,1,,,
2026-08-30 01:32:16,deployment,productcatalogservice,274,33,4,,,
2026-08-30 01:32:16,deployment,recommendationservice,181,88,2,,,
2026-08-30 01:32:16,deployment,redis-cart,14,32,1,,,
2026-08-30 01:32:16,deployment,shippingservice,24,9,1,,,
2026-08-30 01:32:16,autoscaler,customdas-cpu-queue-autoscaler-adservice,7,60,1,,,
2026-08-30 01:32:16,autoscaler,customdas-cpu-queue-autoscaler-cartservice,3,60,1,,,
2026-08-30 01:32:16,autoscaler,customdas-cpu-queue-autoscaler-checkoutservice,4,60,1,,,
2026-08-30 01:32:16,autoscaler,customdas-cpu-queue-autoscaler-currencyservice,5,60,1,,,
2026-08-30 01:32:16,autoscaler,customdas-cpu-queue-autoscaler-emailservice,3,60,1,,,
2026-08-30 01:32:16,autoscaler,customdas-cpu-queue-autoscaler-frontend,9,60,1,,,
2026-08-30 01:32:16,autoscaler,customdas-cpu-queue-autoscaler-paymentservice,0,60,1,,,
2026-08-30 01:32:16,autoscaler,customdas-cpu-queue-autoscaler-productcatalogservice,7,60,1,,,
2026-08-30 01:32:16,autoscaler,customdas-cpu-queue-autoscaler-recommendationservice,2,60,1,,,
2026-08-30 01:32:16,autoscaler,customdas-cpu-queue-autoscaler-shippingservice,2,60,1,,,
2026-08-30 01:32:16,node,ze-master-node,2245,4037,,56.1,50.8,
2026-08-30 01:32:16,node,ze-worker-node,1996,1830,,49.9,23.0,
2026-08-30 01:32:23,deployment,adservice,36,94,1,,,
2026-08-30 01:32:23,deployment,cartservice,86,45,1,,,
2026-08-30 01:32:23,deployment,checkoutservice,25,12,1,,,
2026-08-30 01:32:23,deployment,currencyservice,233,133,2,,,
2026-08-30 01:32:23,deployment,emailservice,18,40,1,,,
2026-08-30 01:32:23,deployment,frontend,375,54,4,,,
2026-08-30 01:32:23,http_p95_latency,frontend,,,,,,249.1
2026-08-30 01:32:23,deployment,paymentservice,10,31,1,,,
2026-08-30 01:32:23,deployment,productcatalogservice,265,35,4,,,
2026-08-30 01:32:23,deployment,recommendationservice,174,88,2,,,
2026-08-30 01:32:23,deployment,redis-cart,14,32,1,,,
2026-08-30 01:32:23,deployment,shippingservice,23,9,1,,,
2026-08-30 01:32:23,autoscaler,customdas-cpu-queue-autoscaler-adservice,4,60,1,,,
2026-08-30 01:32:23,autoscaler,customdas-cpu-queue-autoscaler-cartservice,5,60,1,,,
2026-08-30 01:32:23,autoscaler,customdas-cpu-queue-autoscaler-checkoutservice,4,60,1,,,
2026-08-30 01:32:23,autoscaler,customdas-cpu-queue-autoscaler-currencyservice,5,60,1,,,
2026-08-30 01:32:23,autoscaler,customdas-cpu-queue-autoscaler-emailservice,3,60,1,,,
2026-08-30 01:32:23,autoscaler,customdas-cpu-queue-autoscaler-frontend,6,60,1,,,
2026-08-30 01:32:23,autoscaler,customdas-cpu-queue-autoscaler-paymentservice,6,60,1,,,
2026-08-30 01:32:23,autoscaler,customdas-cpu-queue-autoscaler-productcatalogservice,6,60,1,,,
2026-08-30 01:32:23,autoscaler,customdas-cpu-queue-autoscaler-recommendationservice,4,60,1,,,
2026-08-30 01:32:23,autoscaler,customdas-cpu-queue-autoscaler-shippingservice,3,60,1,,,
2026-08-30 01:32:23,node,ze-master-node,2067,4029,,51.7,50.7,
2026-08-30 01:32:23,node,ze-worker-node,1876,1826,,46.9,23.0,
2026-08-30 01:32:32,deployment,adservice,36,94,1,,,
2026-08-30 01:32:32,deployment,cartservice,86,45,1,,,
2026-08-30 01:32:32,deployment,checkoutservice,25,12,1,,,
2026-08-30 01:32:32,deployment,currencyservice,233,133,2,,,
2026-08-30 01:32:32,deployment,emailservice,18,40,1,,,
2026-08-30 01:32:32,deployment,frontend,375,54,4,,,
2026-08-30 01:32:32,http_p95_latency,frontend,,,,,,292.8
2026-08-30 01:32:32,deployment,paymentservice,10,31,1,,,
2026-08-30 01:32:32,deployment,productcatalogservice,265,35,4,,,
2026-08-30 01:32:32,deployment,recommendationservice,174,88,2,,,
2026-08-30 01:32:32,deployment,redis-cart,14,32,1,,,
2026-08-30 01:32:32,deployment,shippingservice,23,9,1,,,
2026-08-30 01:32:32,autoscaler,customdas-cpu-queue-autoscaler-adservice,4,60,1,,,
2026-08-30 01:32:32,autoscaler,customdas-cpu-queue-autoscaler-cartservice,5,60,1,,,
2026-08-30 01:32:32,autoscaler,customdas-cpu-queue-autoscaler-checkoutservice,4,60,1,,,
2026-08-30 01:32:32,autoscaler,customdas-cpu-queue-autoscaler-currencyservice,5,60,1,,,
2026-08-30 01:32:32,autoscaler,customdas-cpu-queue-autoscaler-emailservice,3,60,1,,,
2026-08-30 01:32:32,autoscaler,customdas-cpu-queue-autoscaler-frontend,6,60,1,,,
2026-08-30 01:32:32,autoscaler,customdas-cpu-queue-autoscaler-paymentservice,6,60,1,,,
2026-08-30 01:32:32,autoscaler,customdas-cpu-queue-autoscaler-productcatalogservice,6,60,1,,,
2026-08-30 01:32:32,autoscaler,customdas-cpu-queue-autoscaler-recommendationservice,4,60,1,,,
2026-08-30 01:32:32,autoscaler,customdas-cpu-queue-autoscaler-shippingservice,3,60,1,,,
2026-08-30 01:32:32,node,ze-master-node,2067,4029,,51.7,50.7,
2026-08-30 01:32:32,node,ze-worker-node,1876,1826,,46.9,23.0,
2026-08-30 01:32:39,deployment,adservice,37,94,1,,,
2026-08-30 01:32:39,deployment,cartservice,103,45,1,,,
2026-08-30 01:32:39,deployment,checkoutservice,26,12,1,,,
2026-08-30 01:32:39,deployment,currencyservice,241,134,2,,,
2026-08-30 01:32:39,deployment,emailservice,15,40,1,,,
2026-08-30 01:32:39,deployment,frontend,406,54,4,,,
2026-08-30 01:32:39,http_p95_latency,frontend,,,,,,292.8
2026-08-30 01:32:39,deployment,paymentservice,8,31,1,,,
2026-08-30 01:32:39,deployment,productcatalogservice,267,33,4,,,
2026-08-30 01:32:39,deployment,recommendationservice,173,87,2,,,
2026-08-30 01:32:39,deployment,redis-cart,14,32,1,,,
2026-08-30 01:32:39,deployment,shippingservice,21,9,1,,,
2026-08-30 01:32:39,autoscaler,customdas-cpu-queue-autoscaler-adservice,9,60,1,,,
2026-08-30 01:32:39,autoscaler,customdas-cpu-queue-autoscaler-cartservice,5,60,1,,,
2026-08-30 01:32:39,autoscaler,customdas-cpu-queue-autoscaler-checkoutservice,5,60,1,,,
2026-08-30 01:32:39,autoscaler,customdas-cpu-queue-autoscaler-currencyservice,4,60,1,,,
2026-08-30 01:32:39,autoscaler,customdas-cpu-queue-autoscaler-emailservice,5,60,1,,,
2026-08-30 01:32:39,autoscaler,customdas-cpu-queue-autoscaler-frontend,6,60,1,,,
2026-08-30 01:32:39,autoscaler,customdas-cpu-queue-autoscaler-paymentservice,0,60,1,,,
2026-08-30 01:32:39,autoscaler,customdas-cpu-queue-autoscaler-productcatalogservice,3,60,1,,,
2026-08-30 01:32:39,autoscaler,customdas-cpu-queue-autoscaler-recommendationservice,5,60,1,,,
2026-08-30 01:32:39,autoscaler,customdas-cpu-queue-autoscaler-shippingservice,6,60,1,,,
2026-08-30 01:32:39,node,ze-master-node,2221,4016,,55.5,50.6,
2026-08-30 01:32:39,node,ze-worker-node,1984,1825,,49.6,23.0,
2026-08-30 01:32:46,deployment,adservice,37,94,1,,,
2026-08-30 01:32:46,deployment,cartservice,103,45,1,,,
2026-08-30 01:32:46,deployment,checkoutservice,26,12,1,,,
2026-08-30 01:32:46,deployment,currencyservice,241,134,2,,,
2026-08-30 01:32:46,deployment,emailservice,15,40,1,,,
2026-08-30 01:32:46,deployment,frontend,406,54,4,,,
2026-08-30 01:32:46,http_p95_latency,frontend,,,,,,256.0
2026-08-30 01:32:46,deployment,paymentservice,8,31,1,,,
2026-08-30 01:32:46,deployment,productcatalogservice,267,33,4,,,
2026-08-30 01:32:46,deployment,recommendationservice,173,87,2,,,
2026-08-30 01:32:46,deployment,redis-cart,14,32,1,,,
2026-08-30 01:32:46,deployment,shippingservice,21,9,1,,,
2026-08-30 01:32:46,autoscaler,customdas-cpu-queue-autoscaler-adservice,9,60,1,,,
2026-08-30 01:32:46,autoscaler,customdas-cpu-queue-autoscaler-cartservice,5,60,1,,,
2026-08-30 01:32:46,autoscaler,customdas-cpu-queue-autoscaler-checkoutservice,5,60,1,,,
2026-08-30 01:32:46,autoscaler,customdas-cpu-queue-autoscaler-currencyservice,4,60,1,,,
2026-08-30 01:32:46,autoscaler,customdas-cpu-queue-autoscaler-emailservice,5,60,1,,,
2026-08-30 01:32:46,autoscaler,customdas-cpu-queue-autoscaler-frontend,6,60,1,,,
2026-08-30 01:32:46,autoscaler,customdas-cpu-queue-autoscaler-paymentservice,0,60,1,,,
2026-08-30 01:32:46,autoscaler,customdas-cpu-queue-autoscaler-productcatalogservice,3,60,1,,,
2026-08-30 01:32:46,autoscaler,customdas-cpu-queue-autoscaler-recommendationservice,5,60,1,,,
2026-08-30 01:32:46,autoscaler,customdas-cpu-queue-autoscaler-shippingservice,6,60,1,,,
2026-08-30 01:32:46,node,ze-master-node,2221,4016,,55.5,50.6,
2026-08-30 01:32:46,node,ze-worker-node,1984,1825,,49.6,23.0,
2026-08-30 01:32:53,deployment,adservice,38,94,1,,,
2026-08-30 01:32:53,deployment,cartservice,98,46,1,,,
2026-08-30 01:32:53,deployment,checkoutservice,22,12,1,,,
2026-08-30 01:32:53,deployment,currencyservice,235,131,2,,,
2026-08-30 01:32:53,deployment,emailservice,17,40,1,,,
2026-08-30 01:32:53,deployment,frontend,467,54,4,,,
2026-08-30 01:32:53,http_p95_latency,frontend,,,,,,256.0
2026-08-30 01:32:53,deployment,paymentservice,9,31,1,,,
2026-08-30 01:32:53,deployment,productcatalogservice,193,25,3,,,
2026-08-30 01:32:53,deployment,recommendationservice,178,87,2,,,
2026-08-30 01:32:53,deployment,redis-cart,14,32,1,,,
2026-08-30 01:32:53,deployment,shippingservice,25,9,1,,,
2026-08-30 01:32:53,autoscaler,customdas-cpu-queue-autoscaler-adservice,5,60,1,,,
2026-08-30 01:32:53,autoscaler,customdas-cpu-queue-autoscaler-cartservice,4,60,1,,,
2026-08-30 01:32:53,autoscaler,customdas-cpu-queue-autoscaler-checkoutservice,4,60,1,,,
2026-08-30 01:32:53,autoscaler,customdas-cpu-queue-autoscaler-currencyservice,4,60,1,,,
2026-08-30 01:32:53,autoscaler,customdas-cpu-queue-autoscaler-emailservice,2,60,1,,,
2026-08-30 01:32:53,autoscaler,customdas-cpu-queue-autoscaler-frontend,6,60,1,,,
2026-08-30 01:32:53,autoscaler,customdas-cpu-queue-autoscaler-paymentservice,5,60,1,,,
2026-08-30 01:32:53,autoscaler,customdas-cpu-queue-autoscaler-productcatalogservice,3,60,1,,,
2026-08-30 01:32:53,autoscaler,customdas-cpu-queue-autoscaler-recommendationservice,6,60,1,,,
2026-08-30 01:32:53,autoscaler,customdas-cpu-queue-autoscaler-shippingservice,3,60,1,,,
2026-08-30 01:32:53,node,ze-master-node,2087,4005,,52.2,50.4,
2026-08-30 01:32:53,node,ze-worker-node,1999,1821,,50.0,22.9,
2026-08-30 01:33:01,deployment,adservice,38,94,1,,,
2026-08-30 01:33:01,deployment,cartservice,98,46,1,,,
2026-08-30 01:33:01,deployment,checkoutservice,22,12,1,,,
2026-08-30 01:33:01,deployment,currencyservice,235,131,2,,,
2026-08-30 01:33:01,deployment,emailservice,17,40,1,,,
2026-08-30 01:33:01,deployment,frontend,467,54,4,,,
2026-08-30 01:33:01,http_p95_latency,frontend,,,,,,351.5
2026-08-30 01:33:01,deployment,paymentservice,9,31,1,,,
2026-08-30 01:33:01,deployment,productcatalogservice,193,25,3,,,
2026-08-30 01:33:01,deployment,recommendationservice,178,87,2,,,
2026-08-30 01:33:01,deployment,redis-cart,14,32,1,,,
2026-08-30 01:33:01,deployment,shippingservice,25,9,1,,,
2026-08-30 01:33:01,autoscaler,customdas-cpu-queue-autoscaler-adservice,5,60,1,,,
2026-08-30 01:33:01,autoscaler,customdas-cpu-queue-autoscaler-cartservice,4,60,1,,,
2026-08-30 01:33:01,autoscaler,customdas-cpu-queue-autoscaler-checkoutservice,4,60,1,,,
2026-08-30 01:33:01,autoscaler,customdas-cpu-queue-autoscaler-currencyservice,4,60,1,,,
2026-08-30 01:33:01,autoscaler,customdas-cpu-queue-autoscaler-emailservice,2,60,1,,,
2026-08-30 01:33:01,autoscaler,customdas-cpu-queue-autoscaler-frontend,6,60,1,,,
2026-08-30 01:33:01,autoscaler,customdas-cpu-queue-autoscaler-paymentservice,5,60,1,,,
2026-08-30 01:33:01,autoscaler,customdas-cpu-queue-autoscaler-productcatalogservice,3,60,1,,,
2026-08-30 01:33:01,autoscaler,customdas-cpu-queue-autoscaler-recommendationservice,6,60,1,,,
2026-08-30 01:33:01,autoscaler,customdas-cpu-queue-autoscaler-shippingservice,3,60,1,,,
2026-08-30 01:33:01,node,ze-master-node,2087,4005,,52.2,50.4,
2026-08-30 01:33:01,node,ze-worker-node,1999,1821,,50.0,22.9,
2026-08-30 01:33:08,deployment,adservice,38,94,1,,,
2026-08-30 01:33:08,deployment,cartservice,98,46,1,,,
2026-08-30 01:33:08,deployment,checkoutservice,24,12,1,,,
2026-08-30 01:33:08,deployment,currencyservice,231,131,2,,,
2026-08-30 01:33:08,deployment,emailservice,15,40,1,,,
2026-08-30 01:33:08,deployment,frontend,520,55,4,,,
2026-08-30 01:33:08,http_p95_latency,frontend,,,,,,351.5
2026-08-30 01:33:08,deployment,paymentservice,9,31,1,,,
2026-08-30 01:33:08,deployment,productcatalogservice,238,25,4,,,
2026-08-30 01:33:08,deployment,recommendationservice,186,87,2,,,
2026-08-30 01:33:08,deployment,redis-cart,15,32,1,,,
2026-08-30 01:33:08,deployment,shippingservice,25,9,1,,,
2026-08-30 01:33:08,autoscaler,customdas-cpu-queue-autoscaler-adservice,0,60,1,,,
2026-08-30 01:33:08,autoscaler,customdas-cpu-queue-autoscaler-cartservice,4,60,1,,,
2026-08-30 01:33:08,autoscaler,customdas-cpu-queue-autoscaler-checkoutservice,3,60,1,,,
2026-08-30 01:33:08,autoscaler,customdas-cpu-queue-autoscaler-currencyservice,4,60,1,,,
2026-08-30 01:33:08,autoscaler,customdas-cpu-queue-autoscaler-emailservice,2,60,1,,,
2026-08-30 01:33:08,autoscaler,customdas-cpu-queue-autoscaler-frontend,11,60,1,,,
2026-08-30 01:33:08,autoscaler,customdas-cpu-queue-autoscaler-paymentservice,4,60,1,,,
2026-08-30 01:33:08,autoscaler,customdas-cpu-queue-autoscaler-productcatalogservice,5,60,1,,,
2026-08-30 01:33:08,autoscaler,customdas-cpu-queue-autoscaler-recommendationservice,4,60,1,,,
2026-08-30 01:33:08,autoscaler,customdas-cpu-queue-autoscaler-shippingservice,2,60,1,,,
2026-08-30 01:33:08,node,ze-master-node,2409,4018,,60.2,50.6,
2026-08-30 01:33:08,node,ze-worker-node,2056,1815,,51.4,22.9,
2026-08-30 01:33:16,deployment,adservice,38,94,1,,,
2026-08-30 01:33:16,deployment,cartservice,98,46,1,,,
2026-08-30 01:33:16,deployment,checkoutservice,24,12,1,,,
2026-08-30 01:33:16,deployment,currencyservice,231,131,2,,,
2026-08-30 01:33:16,deployment,emailservice,15,40,1,,,
2026-08-30 01:33:16,deployment,frontend,520,55,4,,,
2026-08-30 01:33:16,http_p95_latency,frontend,,,,,,513.5
2026-08-30 01:33:16,deployment,paymentservice,9,31,1,,,
2026-08-30 01:33:16,deployment,productcatalogservice,238,25,4,,,
2026-08-30 01:33:16,deployment,recommendationservice,186,87,2,,,
2026-08-30 01:33:16,deployment,redis-cart,15,32,1,,,
2026-08-30 01:33:16,deployment,shippingservice,25,9,1,,,
2026-08-30 01:33:16,autoscaler,customdas-cpu-queue-autoscaler-adservice,0,60,1,,,
2026-08-30 01:33:16,autoscaler,customdas-cpu-queue-autoscaler-cartservice,4,60,1,,,
2026-08-30 01:33:16,autoscaler,customdas-cpu-queue-autoscaler-checkoutservice,3,60,1,,,
2026-08-30 01:33:16,autoscaler,customdas-cpu-queue-autoscaler-currencyservice,4,60,1,,,
2026-08-30 01:33:16,autoscaler,customdas-cpu-queue-autoscaler-emailservice,2,60,1,,,
2026-08-30 01:33:16,autoscaler,customdas-cpu-queue-autoscaler-frontend,11,60,1,,,
2026-08-30 01:33:16,autoscaler,customdas-cpu-queue-autoscaler-paymentservice,4,60,1,,,
2026-08-30 01:33:16,autoscaler,customdas-cpu-queue-autoscaler-productcatalogservice,5,60,1,,,
2026-08-30 01:33:16,autoscaler,customdas-cpu-queue-autoscaler-recommendationservice,4,60,1,,,
2026-08-30 01:33:16,autoscaler,customdas-cpu-queue-autoscaler-shippingservice,2,60,1,,,
2026-08-30 01:33:16,node,ze-master-node,2409,4018,,60.2,50.6,
2026-08-30 01:33:16,node,ze-worker-node,2056,1815,,51.4,22.9,
2026-08-30 01:33:23,deployment,adservice,44,94,1,,,
2026-08-30 01:33:23,deployment,cartservice,103,45,1,,,
2026-08-30 01:33:23,deployment,checkoutservice,24,12,1,,,
2026-08-30 01:33:23,deployment,currencyservice,250,132,2,,,
2026-08-30 01:33:23,deployment,emailservice,15,41,1,,,
2026-08-30 01:33:23,deployment,frontend,524,54,4,,,
2026-08-30 01:33:23,http_p95_latency,frontend,,,,,,513.5
2026-08-30 01:33:23,deployment,paymentservice,8,31,1,,,
2026-08-30 01:33:23,deployment,productcatalogservice,341,37,4,,,
2026-08-30 01:33:23,deployment,recommendationservice,199,87,2,,,
2026-08-30 01:33:23,deployment,redis-cart,15,32,1,,,
2026-08-30 01:33:23,deployment,shippingservice,25,9,1,,,
2026-08-30 01:33:23,autoscaler,customdas-cpu-queue-autoscaler-adservice,5,60,1,,,
2026-08-30 01:33:23,autoscaler,customdas-cpu-queue-autoscaler-cartservice,2,60,1,,,
2026-08-30 01:33:23,autoscaler,customdas-cpu-queue-autoscaler-checkoutservice,3,60,1,,,
2026-08-30 01:33:23,autoscaler,customdas-cpu-queue-autoscaler-currencyservice,4,60,1,,,
2026-08-30 01:33:23,autoscaler,customdas-cpu-queue-autoscaler-emailservice,4,60,1,,,
2026-08-30 01:33:23,autoscaler,customdas-cpu-queue-autoscaler-frontend,4,60,1,,,
2026-08-30 01:33:23,autoscaler,customdas-cpu-queue-autoscaler-paymentservice,5,60,1,,,
2026-08-30 01:33:23,autoscaler,customdas-cpu-queue-autoscaler-productcatalogservice,9,60,1,,,
2026-08-30 01:33:23,autoscaler,customdas-cpu-queue-autoscaler-recommendationservice,7,60,1,,,
2026-08-30 01:33:23,autoscaler,customdas-cpu-queue-autoscaler-shippingservice,4,60,1,,,
2026-08-30 01:33:23,node,ze-master-node,2252,4009,,56.3,50.5,
2026-08-30 01:33:23,node,ze-worker-node,2193,1818,,54.8,22.9,
2026-08-30 01:33:32,deployment,adservice,44,94,1,,,
2026-08-30 01:33:32,deployment,cartservice,103,45,1,,,
2026-08-30 01:33:32,deployment,checkoutservice,24,12,1,,,
2026-08-30 01:33:32,deployment,currencyservice,250,132,2,,,
2026-08-30 01:33:32,deployment,emailservice,15,41,1,,,
2026-08-30 01:33:32,deployment,frontend,524,54,4,,,
2026-08-30 01:33:32,http_p95_latency,frontend,,,,,,568.4
2026-08-30 01:33:32,deployment,paymentservice,8,31,1,,,
2026-08-30 01:33:32,deployment,productcatalogservice,341,37,4,,,
2026-08-30 01:33:32,deployment,recommendationservice,199,87,2,,,
2026-08-30 01:33:32,deployment,redis-cart,15,32,1,,,
2026-08-30 01:33:32,deployment,shippingservice,25,9,1,,,
2026-08-30 01:33:32,autoscaler,customdas-cpu-queue-autoscaler-adservice,5,60,1,,,
2026-08-30 01:33:32,autoscaler,customdas-cpu-queue-autoscaler-cartservice,2,60,1,,,
2026-08-30 01:33:32,autoscaler,customdas-cpu-queue-autoscaler-checkoutservice,4,60,1,,,
2026-08-30 01:33:32,autoscaler,customdas-cpu-queue-autoscaler-currencyservice,4,60,1,,,
2026-08-30 01:33:32,autoscaler,customdas-cpu-queue-autoscaler-emailservice,5,60,1,,,
2026-08-30 01:33:32,autoscaler,customdas-cpu-queue-autoscaler-frontend,7,60,1,,,
2026-08-30 01:33:32,autoscaler,customdas-cpu-queue-autoscaler-paymentservice,0,60,1,,,
2026-08-30 01:33:32,autoscaler,customdas-cpu-queue-autoscaler-productcatalogservice,4,60,1,,,
2026-08-30 01:33:32,autoscaler,customdas-cpu-queue-autoscaler-recommendationservice,0,60,1,,,
2026-08-30 01:33:32,autoscaler,customdas-cpu-queue-autoscaler-shippingservice,6,60,1,,,
2026-08-30 01:33:32,node,ze-master-node,2316,4020,,57.9,50.6,
2026-08-30 01:33:32,node,ze-worker-node,2120,1822,,53.0,22.9,
2026-08-30 01:33:40,deployment,adservice,44,94,1,,,
2026-08-30 01:33:40,deployment,cartservice,103,45,1,,,
2026-08-30 01:33:40,deployment,checkoutservice,27,12,1,,,
2026-08-30 01:33:40,deployment,currencyservice,264,130,2,,,
2026-08-30 01:33:40,deployment,emailservice,15,41,1,,,
2026-08-30 01:33:40,deployment,frontend,530,56,5,,,
2026-08-30 01:33:40,http_p95_latency,frontend,,,,,,568.4
2026-08-30 01:33:40,deployment,paymentservice,9,31,1,,,
2026-08-30 01:33:40,deployment,productcatalogservice,309,34,4,,,
2026-08-30 01:33:40,deployment,recommendationservice,197,87,2,,,
2026-08-30 01:33:40,deployment,redis-cart,15,32,1,,,
2026-08-30 01:33:40,deployment,shippingservice,26,9,1,,,
2026-08-30 01:33:40,autoscaler,customdas-cpu-queue-autoscaler-adservice,9,60,1,,,
2026-08-30 01:33:40,autoscaler,customdas-cpu-queue-autoscaler-cartservice,6,60,1,,,
2026-08-30 01:33:40,autoscaler,customdas-cpu-queue-autoscaler-checkoutservice,4,60,1,,,
2026-08-30 01:33:40,autoscaler,customdas-cpu-queue-autoscaler-currencyservice,4,60,1,,,
2026-08-30 01:33:40,autoscaler,customdas-cpu-queue-autoscaler-emailservice,5,60,1,,,
2026-08-30 01:33:40,autoscaler,customdas-cpu-queue-autoscaler-frontend,7,60,1,,,
2026-08-30 01:33:40,autoscaler,customdas-cpu-queue-autoscaler-paymentservice,0,60,1,,,
2026-08-30 01:33:40,autoscaler,customdas-cpu-queue-autoscaler-productcatalogservice,4,60,1,,,
2026-08-30 01:33:40,autoscaler,customdas-cpu-queue-autoscaler-recommendationservice,0,60,1,,,
2026-08-30 01:33:40,autoscaler,customdas-cpu-queue-autoscaler-shippingservice,6,60,1,,,
2026-08-30 01:33:40,node,ze-master-node,2316,4020,,57.9,50.6,
2026-08-30 01:33:40,node,ze-worker-node,2120,1822,,53.0,22.9,
2026-08-30 01:33:47,deployment,adservice,44,94,1,,,
2026-08-30 01:33:47,deployment,cartservice,103,45,1,,,
2026-08-30 01:33:47,deployment,checkoutservice,27,12,1,,,
2026-08-30 01:33:47,deployment,currencyservice,264,130,2,,,
2026-08-30 01:33:47,deployment,emailservice,15,41,1,,,
2026-08-30 01:33:47,deployment,frontend,530,56,5,,,
2026-08-30 01:33:47,http_p95_latency,frontend,,,,,,608.1
2026-08-30 01:33:47,deployment,paymentservice,9,31,1,,,
2026-08-30 01:33:47,deployment,productcatalogservice,309,34,4,,,
2026-08-30 01:33:47,deployment,recommendationservice,197,87,2,,,
2026-08-30 01:33:47,deployment,redis-cart,15,32,1,,,
2026-08-30 01:33:47,deployment,shippingservice,26,9,1,,,
2026-08-30 01:33:47,autoscaler,customdas-cpu-queue-autoscaler-adservice,9,60,1,,,
2026-08-30 01:33:47,autoscaler,customdas-cpu-queue-autoscaler-cartservice,6,60,1,,,
2026-08-30 01:33:47,autoscaler,customdas-cpu-queue-autoscaler-checkoutservice,4,60,1,,,
2026-08-30 01:33:47,autoscaler,customdas-cpu-queue-autoscaler-currencyservice,4,60,1,,,
2026-08-30 01:33:47,autoscaler,customdas-cpu-queue-autoscaler-emailservice,5,60,1,,,
2026-08-30 01:33:47,autoscaler,customdas-cpu-queue-autoscaler-frontend,7,60,1,,,
2026-08-30 01:33:47,autoscaler,customdas-cpu-queue-autoscaler-paymentservice,0,60,1,,,
2026-08-30 01:33:47,autoscaler,customdas-cpu-queue-autoscaler-productcatalogservice,5,60,1,,,
2026-08-30 01:33:47,autoscaler,customdas-cpu-queue-autoscaler-recommendationservice,8,60,1,,,
2026-08-30 01:33:47,autoscaler,customdas-cpu-queue-autoscaler-shippingservice,3,60,1,,,
2026-08-30 01:33:47,node,ze-master-node,2201,4016,,55.0,50.6,
2026-08-30 01:33:47,node,ze-worker-node,2187,1830,,54.7,23.0,
2026-08-30 01:33:54,deployment,adservice,42,94,1,,,
2026-08-30 01:33:54,deployment,cartservice,103,45,1,,,
2026-08-30 01:33:54,deployment,checkoutservice,28,12,1,,,
2026-08-30 01:33:54,deployment,currencyservice,265,129,2,,,
2026-08-30 01:33:54,deployment,emailservice,15,40,1,,,
2026-08-30 01:33:54,deployment,frontend,516,55,5,,,
2026-08-30 01:33:54,http_p95_latency,frontend,,,,,,608.1
2026-08-30 01:33:54,deployment,paymentservice,11,31,1,,,
2026-08-30 01:33:54,deployment,productcatalogservice,303,33,4,,,
2026-08-30 01:33:54,deployment,recommendationservice,195,87,2,,,
2026-08-30 01:33:54,deployment,redis-cart,15,32,1,,,
2026-08-30 01:33:54,deployment,shippingservice,26,9,1,,,
2026-08-30 01:33:54,autoscaler,customdas-cpu-queue-autoscaler-adservice,0,60,1,,,
2026-08-30 01:33:54,autoscaler,customdas-cpu-queue-autoscaler-cartservice,4,60,1,,,
2026-08-30 01:33:54,autoscaler,customdas-cpu-queue-autoscaler-checkoutservice,6,60,1,,,
2026-08-30 01:33:54,autoscaler,customdas-cpu-queue-autoscaler-currencyservice,4,60,1,,,
2026-08-30 01:33:54,autoscaler,customdas-cpu-queue-autoscaler-emailservice,4,60,1,,,
2026-08-30 01:33:54,autoscaler,customdas-cpu-queue-autoscaler-frontend,7,60,1,,,
2026-08-30 01:33:54,autoscaler,customdas-cpu-queue-autoscaler-paymentservice,3,60,1,,,
2026-08-30 01:33:54,autoscaler,customdas-cpu-queue-autoscaler-productcatalogservice,5,60,1,,,
2026-08-30 01:33:54,autoscaler,customdas-cpu-queue-autoscaler-recommendationservice,8,60,1,,,
2026-08-30 01:33:54,autoscaler,customdas-cpu-queue-autoscaler-shippingservice,3,60,1,,,
2026-08-30 01:33:54,node,ze-master-node,2201,4016,,55.0,50.6,
2026-08-30 01:33:54,node,ze-worker-node,2187,1830,,54.7,23.0,
2026-08-30 01:34:01,deployment,adservice,42,94,1,,,
2026-08-30 01:34:01,deployment,cartservice,103,45,1,,,
2026-08-30 01:34:01,deployment,checkoutservice,28,12,1,,,
2026-08-30 01:34:01,deployment,currencyservice,265,129,2,,,
2026-08-30 01:34:01,deployment,emailservice,15,40,1,,,
2026-08-30 01:34:01,deployment,frontend,516,55,5,,,
2026-08-30 01:34:01,http_p95_latency,frontend,,,,,,612.0
2026-08-30 01:34:01,deployment,paymentservice,11,31,1,,,
2026-08-30 01:34:01,deployment,productcatalogservice,303,33,4,,,
2026-08-30 01:34:01,deployment,recommendationservice,195,87,2,,,
2026-08-30 01:34:01,deployment,redis-cart,15,32,1,,,
2026-08-30 01:34:01,deployment,shippingservice,26,9,1,,,
2026-08-30 01:34:01,autoscaler,customdas-cpu-queue-autoscaler-adservice,0,60,1,,,
2026-08-30 01:34:01,autoscaler,customdas-cpu-queue-autoscaler-cartservice,4,60,1,,,
2026-08-30 01:34:01,autoscaler,customdas-cpu-queue-autoscaler-checkoutservice,6,60,1,,,
2026-08-30 01:34:01,autoscaler,customdas-cpu-queue-autoscaler-currencyservice,4,60,1,,,
2026-08-30 01:34:01,autoscaler,customdas-cpu-queue-autoscaler-emailservice,4,60,1,,,
2026-08-30 01:34:01,autoscaler,customdas-cpu-queue-autoscaler-frontend,7,60,1,,,
2026-08-30 01:34:01,autoscaler,customdas-cpu-queue-autoscaler-paymentservice,3,60,1,,,
2026-08-30 01:34:01,autoscaler,customdas-cpu-queue-autoscaler-productcatalogservice,5,60,1,,,
2026-08-30 01:34:01,autoscaler,customdas-cpu-queue-autoscaler-recommendationservice,8,60,1,,,
2026-08-30 01:34:01,autoscaler,customdas-cpu-queue-autoscaler-shippingservice,3,60,1,,,
2026-08-30 01:34:01,node,ze-master-node,2201,4016,,55.0,50.6,
2026-08-30 01:34:01,node,ze-worker-node,2187,1830,,54.7,23.0,
2026-08-30 01:34:09,deployment,adservice,47,94,1,,,
2026-08-30 01:34:09,deployment,cartservice,127,45,1,,,
2026-08-30 01:34:09,deployment,checkoutservice,24,12,1,,,
2026-08-30 01:34:09,deployment,currencyservice,262,129,2,,,
2026-08-30 01:34:09,deployment,emailservice,15,40,1,,,
2026-08-30 01:34:09,deployment,frontend,627,64,5,,,
2026-08-30 01:34:09,http_p95_latency,frontend,,,,,,612.0
2026-08-30 01:34:09,deployment,paymentservice,10,31,1,,,
2026-08-30 01:34:09,deployment,productcatalogservice,307,34,4,,,
2026-08-30 01:34:09,deployment,recommendationservice,211,87,2,,,
2026-08-30 01:34:09,deployment,redis-cart,16,32,1,,,
2026-08-30 01:34:09,deployment,shippingservice,24,9,1,,,
2026-08-30 01:34:09,autoscaler,customdas-cpu-queue-autoscaler-adservice,6,60,1,,,
2026-08-30 01:34:09,autoscaler,customdas-cpu-queue-autoscaler-cartservice,3,60,1,,,
2026-08-30 01:34:09,autoscaler,customdas-cpu-queue-autoscaler-checkoutservice,4,60,1,,,
2026-08-30 01:34:09,autoscaler,customdas-cpu-queue-autoscaler-currencyservice,5,60,1,,,
2026-08-30 01:34:09,autoscaler,customdas-cpu-queue-autoscaler-emailservice,4,60,1,,,
2026-08-30 01:34:09,autoscaler,customdas-cpu-queue-autoscaler-frontend,6,60,1,,,
2026-08-30 01:34:09,autoscaler,customdas-cpu-queue-autoscaler-paymentservice,5,60,1,,,
2026-08-30 01:34:09,autoscaler,customdas-cpu-queue-autoscaler-productcatalogservice,5,60,1,,,
2026-08-30 01:34:09,autoscaler,customdas-cpu-queue-autoscaler-recommendationservice,4,60,1,,,
2026-08-30 01:34:09,autoscaler,customdas-cpu-queue-autoscaler-shippingservice,3,60,1,,,
2026-08-30 01:34:09,node,ze-master-node,2301,4026,,57.5,50.7,
2026-08-30 01:34:09,node,ze-worker-node,2340,1838,,58.5,23.1,
2026-08-30 01:34:18,deployment,adservice,47,94,1,,,
2026-08-30 01:34:18,deployment,cartservice,127,45,2,,,
2026-08-30 01:34:18,deployment,checkoutservice,24,12,1,,,
2026-08-30 01:34:18,deployment,currencyservice,262,129,2,,,
2026-08-30 01:34:18,deployment,emailservice,15,40,1,,,
2026-08-30 01:34:18,deployment,frontend,635,65,5,,,
2026-08-30 01:34:18,http_p95_latency,frontend,,,,,,426.0
2026-08-30 01:34:18,deployment,paymentservice,10,31,1,,,
2026-08-30 01:34:18,deployment,productcatalogservice,336,33,4,,,
2026-08-30 01:34:18,deployment,recommendationservice,218,87,2,,,
2026-08-30 01:34:18,deployment,redis-cart,17,32,1,,,
2026-08-30 01:34:18,deployment,shippingservice,25,9,1,,,
2026-08-30 01:34:18,autoscaler,customdas-cpu-queue-autoscaler-adservice,4,60,1,,,
2026-08-30 01:34:18,autoscaler,customdas-cpu-queue-autoscaler-cartservice,3,60,1,,,
2026-08-30 01:34:18,autoscaler,customdas-cpu-queue-autoscaler-checkoutservice,3,60,1,,,
2026-08-30 01:34:18,autoscaler,customdas-cpu-queue-autoscaler-currencyservice,2,60,1,,,
2026-08-30 01:34:18,autoscaler,customdas-cpu-queue-autoscaler-emailservice,2,60,1,,,
2026-08-30 01:34:18,autoscaler,customdas-cpu-queue-autoscaler-frontend,10,60,1,,,
2026-08-30 01:34:18,autoscaler,customdas-cpu-queue-autoscaler-paymentservice,3,60,1,,,
2026-08-30 01:34:18,autoscaler,customdas-cpu-queue-autoscaler-productcatalogservice,5,60,1,,,
2026-08-30 01:34:18,autoscaler,customdas-cpu-queue-autoscaler-recommendationservice,3,60,1,,,
2026-08-30 01:34:18,autoscaler,customdas-cpu-queue-autoscaler-shippingservice,2,60,1,,,
2026-08-30 01:34:18,node,ze-master-node,2343,4016,,58.6,50.6,
2026-08-30 01:34:18,node,ze-worker-node,2517,1850,,62.9,23.3,
2026-08-30 01:34:27,deployment,adservice,52,94,1,,,
2026-08-30 01:34:27,deployment,cartservice,150,45,2,,,
2026-08-30 01:34:27,deployment,checkoutservice,27,12,1,,,
2026-08-30 01:34:27,deployment,currencyservice,300,131,2,,,
2026-08-30 01:34:27,deployment,emailservice,14,40,1,,,
2026-08-30 01:34:27,deployment,frontend,635,65,5,,,
2026-08-30 01:34:27,http_p95_latency,frontend,,,,,,366.7
2026-08-30 01:34:27,deployment,paymentservice,10,31,1,,,
2026-08-30 01:34:27,deployment,productcatalogservice,336,33,4,,,
2026-08-30 01:34:27,deployment,recommendationservice,218,87,2,,,
2026-08-30 01:34:27,deployment,redis-cart,17,32,1,,,
2026-08-30 01:34:27,deployment,shippingservice,25,9,1,,,
2026-08-30 01:34:27,autoscaler,customdas-cpu-queue-autoscaler-adservice,4,60,1,,,
2026-08-30 01:34:27,autoscaler,customdas-cpu-queue-autoscaler-cartservice,3,60,1,,,
2026-08-30 01:34:27,autoscaler,customdas-cpu-queue-autoscaler-checkoutservice,3,60,1,,,
2026-08-30 01:34:27,autoscaler,customdas-cpu-queue-autoscaler-currencyservice,2,60,1,,,
2026-08-30 01:34:27,autoscaler,customdas-cpu-queue-autoscaler-emailservice,2,60,1,,,
2026-08-30 01:34:27,autoscaler,customdas-cpu-queue-autoscaler-frontend,10,60,1,,,
2026-08-30 01:34:27,autoscaler,customdas-cpu-queue-autoscaler-paymentservice,3,60,1,,,
2026-08-30 01:34:27,autoscaler,customdas-cpu-queue-autoscaler-productcatalogservice,5,60,1,,,
2026-08-30 01:34:27,autoscaler,customdas-cpu-queue-autoscaler-recommendationservice,3,60,1,,,
2026-08-30 01:34:27,autoscaler,customdas-cpu-queue-autoscaler-shippingservice,2,60,1,,,
2026-08-30 01:34:27,node,ze-master-node,2343,4016,,58.6,50.6,
2026-08-30 01:34:27,node,ze-worker-node,2517,1850,,62.9,23.3,
2026-08-30 01:34:34,deployment,adservice,50,94,1,,,
2026-08-30 01:34:34,deployment,cartservice,121,59,2,,,
2026-08-30 01:34:34,deployment,checkoutservice,30,12,1,,,
2026-08-30 01:34:34,deployment,currencyservice,290,130,2,,,
2026-08-30 01:34:34,deployment,emailservice,18,40,1,,,
2026-08-30 01:34:34,deployment,frontend,618,65,5,,,
2026-08-30 01:34:34,http_p95_latency,frontend,,,,,,366.7
2026-08-30 01:34:34,deployment,paymentservice,10,31,1,,,
2026-08-30 01:34:34,deployment,productcatalogservice,324,33,4,,,
2026-08-30 01:34:34,deployment,recommendationservice,220,88,2,,,
2026-08-30 01:34:34,deployment,redis-cart,17,32,1,,,
2026-08-30 01:34:34,deployment,shippingservice,30,9,1,,,
2026-08-30 01:34:34,autoscaler,customdas-cpu-queue-autoscaler-adservice,0,60,1,,,
2026-08-30 01:34:34,autoscaler,customdas-cpu-queue-autoscaler-cartservice,4,60,1,,,
2026-08-30 01:34:34,autoscaler,customdas-cpu-queue-autoscaler-checkoutservice,3,60,1,,,
2026-08-30 01:34:34,autoscaler,customdas-cpu-queue-autoscaler-currencyservice,5,60,1,,,
2026-08-30 01:34:34,autoscaler,customdas-cpu-queue-autoscaler-emailservice,2,60,1,,,
2026-08-30 01:34:34,autoscaler,customdas-cpu-queue-autoscaler-frontend,7,60,1,,,
2026-08-30 01:34:34,autoscaler,customdas-cpu-queue-autoscaler-paymentservice,3,60,1,,,
2026-08-30 01:34:34,autoscaler,customdas-cpu-queue-autoscaler-productcatalogservice,5,60,1,,,
2026-08-30 01:34:34,autoscaler,customdas-cpu-queue-autoscaler-recommendationservice,0,60,1,,,
2026-08-30 01:34:34,autoscaler,customdas-cpu-queue-autoscaler-shippingservice,4,60,1,,,
2026-08-30 01:34:34,node,ze-master-node,2358,4025,,59.0,50.7,
2026-08-30 01:34:34,node,ze-worker-node,2465,1870,,61.6,23.5,
2026-08-30 01:34:42,deployment,adservice,50,94,1,,,
2026-08-30 01:34:42,deployment,cartservice,121,59,2,,,
2026-08-30 01:34:42,deployment,checkoutservice,30,12,1,,,
2026-08-30 01:34:42,deployment,currencyservice,290,130,2,,,
2026-08-30 01:34:42,deployment,emailservice,18,40,1,,,
2026-08-30 01:34:42,deployment,frontend,618,65,6,,,
2026-08-30 01:34:42,http_p95_latency,frontend,,,,,,239.2
2026-08-30 01:34:42,deployment,paymentservice,10,31,1,,,
2026-08-30 01:34:42,deployment,productcatalogservice,324,33,5,,,
2026-08-30 01:34:42,deployment,recommendationservice,220,88,2,,,
2026-08-30 01:34:42,deployment,redis-cart,17,32,1,,,
2026-08-30 01:34:42,deployment,shippingservice,30,9,1,,,
2026-08-30 01:34:42,autoscaler,customdas-cpu-queue-autoscaler-adservice,0,60,1,,,
2026-08-30 01:34:42,autoscaler,customdas-cpu-queue-autoscaler-cartservice,4,60,1,,,
2026-08-30 01:34:42,autoscaler,customdas-cpu-queue-autoscaler-checkoutservice,3,60,1,,,
2026-08-30 01:34:42,autoscaler,customdas-cpu-queue-autoscaler-currencyservice,5,60,1,,,
2026-08-30 01:34:42,autoscaler,customdas-cpu-queue-autoscaler-emailservice,2,60,1,,,
2026-08-30 01:34:42,autoscaler,customdas-cpu-queue-autoscaler-frontend,7,60,1,,,
2026-08-30 01:34:42,autoscaler,customdas-cpu-queue-autoscaler-paymentservice,3,60,1,,,
2026-08-30 01:34:42,autoscaler,customdas-cpu-queue-autoscaler-productcatalogservice,5,60,1,,,
2026-08-30 01:34:42,autoscaler,customdas-cpu-queue-autoscaler-recommendationservice,0,60,1,,,
2026-08-30 01:34:42,autoscaler,customdas-cpu-queue-autoscaler-shippingservice,4,60,1,,,
2026-08-30 01:34:42,node,ze-master-node,2358,4025,,59.0,50.7,
2026-08-30 01:34:42,node,ze-worker-node,2465,1870,,61.6,23.5,
2026-08-30 01:34:51,deployment,adservice,46,94,1,,,
2026-08-30 01:34:51,deployment,cartservice,206,72,2,,,
2026-08-30 01:34:51,deployment,checkoutservice,28,12,1,,,
2026-08-30 01:34:51,deployment,currencyservice,272,130,2,,,
2026-08-30 01:34:51,deployment,emailservice,14,40,1,,,
2026-08-30 01:34:51,deployment,frontend,580,66,6,,,
2026-08-30 01:34:51,http_p95_latency,frontend,,,,,,239.2
2026-08-30 01:34:51,deployment,paymentservice,10,31,1,,,
2026-08-30 01:34:51,deployment,productcatalogservice,302,34,5,,,
2026-08-30 01:34:51,deployment,recommendationservice,212,88,2,,,
2026-08-30 01:34:51,deployment,redis-cart,16,32,1,,,
2026-08-30 01:34:51,deployment,shippingservice,26,9,2,,,
2026-08-30 01:34:51,autoscaler,customdas-cpu-queue-autoscaler-adservice,6,60,1,,,
2026-08-30 01:34:51,autoscaler,customdas-cpu-queue-autoscaler-cartservice,0,60,1,,,
2026-08-30 01:34:51,autoscaler,customdas-cpu-queue-autoscaler-checkoutservice,2,60,1,,,
2026-08-30 01:34:51,autoscaler,customdas-cpu-queue-autoscaler-currencyservice,3,60,1,,,
2026-08-30 01:34:51,autoscaler,customdas-cpu-queue-autoscaler-emailservice,4,60,1,,,
2026-08-30 01:34:51,autoscaler,customdas-cpu-queue-autoscaler-frontend,5,60,1,,,
2026-08-30 01:34:51,autoscaler,customdas-cpu-queue-autoscaler-paymentservice,4,60,1,,,
2026-08-30 01:34:51,autoscaler,customdas-cpu-queue-autoscaler-productcatalogservice,3,60,1,,,
2026-08-30 01:34:51,autoscaler,customdas-cpu-queue-autoscaler-recommendationservice,4,60,1,,,
2026-08-30 01:34:51,autoscaler,customdas-cpu-queue-autoscaler-shippingservice,2,60,1,,,
2026-08-30 01:34:51,node,ze-master-node,2317,4045,,57.9,50.9,
2026-08-30 01:34:51,node,ze-worker-node,2505,1880,,62.6,23.7,
2026-08-30 01:35:00,deployment,adservice,46,94,1,,,
2026-08-30 01:35:00,deployment,cartservice,206,72,2,,,
2026-08-30 01:35:00,deployment,checkoutservice,28,12,1,,,
2026-08-30 01:35:00,deployment,currencyservice,272,130,2,,,
2026-08-30 01:35:00,deployment,emailservice,14,40,1,,,
2026-08-30 01:35:00,deployment,frontend,580,66,6,,,
2026-08-30 01:35:00,http_p95_latency,frontend,,,,,,432.4
2026-08-30 01:35:00,deployment,paymentservice,10,31,1,,,
2026-08-30 01:35:00,deployment,productcatalogservice,302,34,5,,,
2026-08-30 01:35:00,deployment,recommendationservice,212,88,2,,,
2026-08-30 01:35:00,deployment,redis-cart,16,32,1,,,
2026-08-30 01:35:00,deployment,shippingservice,26,9,2,,,
2026-08-30 01:35:00,autoscaler,customdas-cpu-queue-autoscaler-adservice,6,60,1,,,
2026-08-30 01:35:00,autoscaler,customdas-cpu-queue-autoscaler-cartservice,0,60,1,,,
2026-08-30 01:35:00,autoscaler,customdas-cpu-queue-autoscaler-checkoutservice,2,60,1,,,
2026-08-30 01:35:00,autoscaler,customdas-cpu-queue-autoscaler-currencyservice,3,60,1,,,
2026-08-30 01:35:00,autoscaler,customdas-cpu-queue-autoscaler-emailservice,4,60,1,,,
2026-08-30 01:35:00,autoscaler,customdas-cpu-queue-autoscaler-frontend,5,60,1,,,
2026-08-30 01:35:00,autoscaler,customdas-cpu-queue-autoscaler-paymentservice,4,60,1,,,
2026-08-30 01:35:00,autoscaler,customdas-cpu-queue-autoscaler-productcatalogservice,3,60,1,,,
2026-08-30 01:35:00,autoscaler,customdas-cpu-queue-autoscaler-recommendationservice,4,60,1,,,
2026-08-30 01:35:00,autoscaler,customdas-cpu-queue-autoscaler-shippingservice,2,60,1,,,
2026-08-30 01:35:00,node,ze-master-node,2317,4045,,57.9,50.9,
2026-08-30 01:35:00,node,ze-worker-node,2505,1880,,62.6,23.7,
2026-08-30 01:35:08,deployment,adservice,49,94,1,,,
2026-08-30 01:35:08,deployment,cartservice,283,81,2,,,
2026-08-30 01:35:08,deployment,checkoutservice,34,12,1,,,
2026-08-30 01:35:08,deployment,currencyservice,278,131,2,,,
2026-08-30 01:35:08,deployment,emailservice,18,40,1,,,
2026-08-30 01:35:08,deployment,frontend,628,75,6,,,
2026-08-30 01:35:08,http_p95_latency,frontend,,,,,,432.4
2026-08-30 01:35:08,deployment,paymentservice,10,31,1,,,
2026-08-30 01:35:08,deployment,productcatalogservice,357,42,5,,,
2026-08-30 01:35:08,deployment,recommendationservice,221,88,2,,,
2026-08-30 01:35:08,deployment,redis-cart,17,32,1,,,
2026-08-30 01:35:08,deployment,shippingservice,44,16,2,,,
2026-08-30 01:35:08,autoscaler,customdas-cpu-queue-autoscaler-adservice,3,60,1,,,
2026-08-30 01:35:08,autoscaler,customdas-cpu-queue-autoscaler-cartservice,5,60,1,,,
2026-08-30 01:35:08,autoscaler,customdas-cpu-queue-autoscaler-checkoutservice,2,60,1,,,
2026-08-30 01:35:08,autoscaler,customdas-cpu-queue-autoscaler-currencyservice,3,60,1,,,
2026-08-30 01:35:08,autoscaler,customdas-cpu-queue-autoscaler-emailservice,2,60,1,,,
2026-08-30 01:35:08,autoscaler,customdas-cpu-queue-autoscaler-frontend,0,60,1,,,
2026-08-30 01:35:08,autoscaler,customdas-cpu-queue-autoscaler-paymentservice,2,60,1,,,
2026-08-30 01:35:08,autoscaler,customdas-cpu-queue-autoscaler-productcatalogservice,3,60,1,,,
2026-08-30 01:35:08,autoscaler,customdas-cpu-queue-autoscaler-recommendationservice,3,60,1,,,
2026-08-30 01:35:08,autoscaler,customdas-cpu-queue-autoscaler-shippingservice,4,60,1,,,
2026-08-30 01:35:08,node,ze-master-node,2404,4063,,60.1,51.2,
2026-08-30 01:35:08,node,ze-worker-node,2709,1912,,67.7,24.1,
2026-08-30 01:35:16,deployment,adservice,49,94,1,,,
2026-08-30 01:35:16,deployment,cartservice,283,81,2,,,
2026-08-30 01:35:16,deployment,checkoutservice,34,12,1,,,
2026-08-30 01:35:16,deployment,currencyservice,278,131,2,,,
2026-08-30 01:35:16,deployment,emailservice,18,40,1,,,
2026-08-30 01:35:16,deployment,frontend,628,75,6,,,
2026-08-30 01:35:16,http_p95_latency,frontend,,,,,,392.5
2026-08-30 01:35:16,deployment,paymentservice,10,31,1,,,
2026-08-30 01:35:16,deployment,productcatalogservice,357,42,5,,,
2026-08-30 01:35:16,deployment,recommendationservice,221,88,2,,,
2026-08-30 01:35:16,deployment,redis-cart,17,32,1,,,
2026-08-30 01:35:16,deployment,shippingservice,44,16,2,,,
2026-08-30 01:35:16,autoscaler,customdas-cpu-queue-autoscaler-adservice,3,60,1,,,
2026-08-30 01:35:16,autoscaler,customdas-cpu-queue-autoscaler-cartservice,5,60,1,,,
2026-08-30 01:35:16,autoscaler,customdas-cpu-queue-autoscaler-checkoutservice,2,60,1,,,
2026-08-30 01:35:16,autoscaler,customdas-cpu-queue-autoscaler-currencyservice,3,60,1,,,
2026-08-30 01:35:16,autoscaler,customdas-cpu-queue-autoscaler-emailservice,2,60,1,,,
2026-08-30 01:35:16,autoscaler,customdas-cpu-queue-autoscaler-frontend,0,60,1,,,
2026-08-30 01:35:16,autoscaler,customdas-cpu-queue-autoscaler-paymentservice,2,60,1,,,
2026-08-30 01:35:16,autoscaler,customdas-cpu-queue-autoscaler-productcatalogservice,3,60,1,,,
2026-08-30 01:35:16,autoscaler,customdas-cpu-queue-autoscaler-recommendationservice,3,60,1,,,
2026-08-30 01:35:16,autoscaler,customdas-cpu-queue-autoscaler-shippingservice,4,60,1,,,
2026-08-30 01:35:16,node,ze-master-node,2420,4040,,60.5,50.9,
2026-08-30 01:35:16,node,ze-worker-node,2687,1900,,67.2,23.9,
2026-08-30 01:35:25,deployment,adservice,49,94,1,,,
2026-08-30 01:35:25,deployment,cartservice,195,78,2,,,
2026-08-30 01:35:25,deployment,checkoutservice,34,12,1,,,
2026-08-30 01:35:25,deployment,currencyservice,304,129,2,,,
2026-08-30 01:35:25,deployment,emailservice,17,40,1,,,
2026-08-30 01:35:25,deployment,frontend,658,75,6,,,
2026-08-30 01:35:25,http_p95_latency,frontend,,,,,,392.5
2026-08-30 01:35:25,deployment,paymentservice,11,31,1,,,
2026-08-30 01:35:25,deployment,productcatalogservice,363,42,5,,,
2026-08-30 01:35:25,deployment,recommendationservice,240,90,2,,,
2026-08-30 01:35:25,deployment,redis-cart,17,32,1,,,
2026-08-30 01:35:25,deployment,shippingservice,31,16,2,,,
2026-08-30 01:35:25,autoscaler,customdas-cpu-queue-autoscaler-adservice,3,60,1,,,
2026-08-30 01:35:25,autoscaler,customdas-cpu-queue-autoscaler-cartservice,3,60,1,,,
2026-08-30 01:35:25,autoscaler,customdas-cpu-queue-autoscaler-checkoutservice,3,60,1,,,
2026-08-30 01:35:25,autoscaler,customdas-cpu-queue-autoscaler-currencyservice,4,60,1,,,
2026-08-30 01:35:25,autoscaler,customdas-cpu-queue-autoscaler-emailservice,3,60,1,,,
2026-08-30 01:35:25,autoscaler,customdas-cpu-queue-autoscaler-frontend,5,60,1,,,
2026-08-30 01:35:25,autoscaler,customdas-cpu-queue-autoscaler-paymentservice,2,60,1,,,
2026-08-30 01:35:25,autoscaler,customdas-cpu-queue-autoscaler-productcatalogservice,3,60,1,,,
2026-08-30 01:35:25,autoscaler,customdas-cpu-queue-autoscaler-recommendationservice,3,60,1,,,
2026-08-30 01:35:25,autoscaler,customdas-cpu-queue-autoscaler-shippingservice,4,60,1,,,
2026-08-30 01:35:25,node,ze-master-node,2420,4040,,60.5,50.9,
2026-08-30 01:35:25,node,ze-worker-node,2687,1900,,67.2,23.9,
2026-08-30 01:35:33,deployment,adservice,49,94,1,,,
2026-08-30 01:35:33,deployment,cartservice,195,78,2,,,
2026-08-30 01:35:33,deployment,checkoutservice,34,12,2,,,
2026-08-30 01:35:33,deployment,currencyservice,304,129,2,,,
2026-08-30 01:35:33,deployment,emailservice,17,40,1,,,
2026-08-30 01:35:33,deployment,frontend,658,75,6,,,
2026-08-30 01:35:33,http_p95_latency,frontend,,,,,,269.8
2026-08-30 01:35:33,deployment,paymentservice,11,31,1,,,
2026-08-30 01:35:33,deployment,productcatalogservice,363,42,5,,,
2026-08-30 01:35:33,deployment,recommendationservice,240,90,2,,,
2026-08-30 01:35:33,deployment,redis-cart,17,32,1,,,
2026-08-30 01:35:33,deployment,shippingservice,31,16,2,,,
2026-08-30 01:35:33,autoscaler,customdas-cpu-queue-autoscaler-adservice,3,60,1,,,
2026-08-30 01:35:33,autoscaler,customdas-cpu-queue-autoscaler-cartservice,4,60,1,,,
2026-08-30 01:35:33,autoscaler,customdas-cpu-queue-autoscaler-checkoutservice,5,60,1,,,
2026-08-30 01:35:33,autoscaler,customdas-cpu-queue-autoscaler-currencyservice,4,60,1,,,
2026-08-30 01:35:33,autoscaler,customdas-cpu-queue-autoscaler-emailservice,2,60,1,,,
2026-08-30 01:35:33,autoscaler,customdas-cpu-queue-autoscaler-frontend,10,60,1,,,
2026-08-30 01:35:33,autoscaler,customdas-cpu-queue-autoscaler-paymentservice,3,60,1,,,
2026-08-30 01:35:33,autoscaler,customdas-cpu-queue-autoscaler-productcatalogservice,6,60,1,,,
2026-08-30 01:35:33,autoscaler,customdas-cpu-queue-autoscaler-recommendationservice,5,60,1,,,
2026-08-30 01:35:33,autoscaler,customdas-cpu-queue-autoscaler-shippingservice,2,60,1,,,
2026-08-30 01:35:33,node,ze-master-node,2526,4069,,63.1,51.2,
2026-08-30 01:35:33,node,ze-worker-node,2748,1927,,68.7,24.3,
2026-08-30 01:35:40,deployment,adservice,52,94,1,,,
2026-08-30 01:35:40,deployment,cartservice,181,79,2,,,
2026-08-30 01:35:40,deployment,checkoutservice,32,12,2,,,
2026-08-30 01:35:40,deployment,currencyservice,319,130,2,,,
2026-08-30 01:35:40,deployment,emailservice,16,40,1,,,
2026-08-30 01:35:40,deployment,frontend,674,75,6,,,
2026-08-30 01:35:40,http_p95_latency,frontend,,,,,,269.8
2026-08-30 01:35:40,deployment,paymentservice,11,32,1,,,
2026-08-30 01:35:40,deployment,productcatalogservice,378,42,5,,,
2026-08-30 01:35:40,deployment,recommendationservice,245,88,2,,,
2026-08-30 01:35:40,deployment,redis-cart,40,32,1,,,
2026-08-30 01:35:40,deployment,shippingservice,43,16,2,,,
2026-08-30 01:35:40,autoscaler,customdas-cpu-queue-autoscaler-adservice,3,60,1,,,
2026-08-30 01:35:40,autoscaler,customdas-cpu-queue-autoscaler-cartservice,4,60,1,,,
2026-08-30 01:35:40,autoscaler,customdas-cpu-queue-autoscaler-checkoutservice,5,60,1,,,
2026-08-30 01:35:40,autoscaler,customdas-cpu-queue-autoscaler-currencyservice,4,60,1,,,
2026-08-30 01:35:40,autoscaler,customdas-cpu-queue-autoscaler-emailservice,2,60,1,,,
2026-08-30 01:35:40,autoscaler,customdas-cpu-queue-autoscaler-frontend,10,60,1,,,
2026-08-30 01:35:40,autoscaler,customdas-cpu-queue-autoscaler-paymentservice,3,60,1,,,
2026-08-30 01:35:40,autoscaler,customdas-cpu-queue-autoscaler-productcatalogservice,6,60,1,,,
2026-08-30 01:35:40,autoscaler,customdas-cpu-queue-autoscaler-recommendationservice,5,60,1,,,
2026-08-30 01:35:40,autoscaler,customdas-cpu-queue-autoscaler-shippingservice,2,60,1,,,
2026-08-30 01:35:40,node,ze-master-node,2526,4069,,63.1,51.2,
2026-08-30 01:35:40,node,ze-worker-node,2748,1927,,68.7,24.3,
2026-08-30 01:35:48,deployment,adservice,52,94,1,,,
2026-08-30 01:35:48,deployment,cartservice,181,79,2,,,
2026-08-30 01:35:48,deployment,checkoutservice,46,21,2,,,
2026-08-30 01:35:48,deployment,currencyservice,307,133,2,,,
2026-08-30 01:35:48,deployment,emailservice,18,40,1,,,
2026-08-30 01:35:48,deployment,frontend,668,77,7,,,
2026-08-30 01:35:48,http_p95_latency,frontend,,,,,,234.3
2026-08-30 01:35:48,deployment,paymentservice,10,31,1,,,
2026-08-30 01:35:48,deployment,productcatalogservice,372,48,5,,,
2026-08-30 01:35:48,deployment,recommendationservice,250,88,2,,,
2026-08-30 01:35:48,deployment,redis-cart,17,32,1,,,
2026-08-30 01:35:48,deployment,shippingservice,42,16,2,,,
2026-08-30 01:35:48,autoscaler,customdas-cpu-queue-autoscaler-adservice,3,60,1,,,
2026-08-30 01:35:48,autoscaler,customdas-cpu-queue-autoscaler-cartservice,4,60,1,,,
2026-08-30 01:35:48,autoscaler,customdas-cpu-queue-autoscaler-checkoutservice,3,60,1,,,
2026-08-30 01:35:48,autoscaler,customdas-cpu-queue-autoscaler-currencyservice,4,60,1,,,
2026-08-30 01:35:48,autoscaler,customdas-cpu-queue-autoscaler-emailservice,4,60,1,,,
2026-08-30 01:35:48,autoscaler,customdas-cpu-queue-autoscaler-frontend,0,60,1,,,
2026-08-30 01:35:48,autoscaler,customdas-cpu-queue-autoscaler-paymentservice,3,60,1,,,
2026-08-30 01:35:48,autoscaler,customdas-cpu-queue-autoscaler-productcatalogservice,3,60,1,,,
2026-08-30 01:35:48,autoscaler,customdas-cpu-queue-autoscaler-recommendationservice,4,60,1,,,
2026-08-30 01:35:48,autoscaler,customdas-cpu-queue-autoscaler-shippingservice,7,60,1,,,
2026-08-30 01:35:48,node,ze-master-node,2514,4073,,62.8,51.3,
2026-08-30 01:35:48,node,ze-worker-node,2706,1915,,67.7,24.1,
2026-08-30 01:35:57,deployment,adservice,52,94,1,,,
2026-08-30 01:35:57,deployment,cartservice,189,79,2,,,
2026-08-30 01:35:57,deployment,checkoutservice,46,21,2,,,
2026-08-30 01:35:57,deployment,currencyservice,307,133,2,,,
2026-08-30 01:35:57,deployment,emailservice,18,40,1,,,
2026-08-30 01:35:57,deployment,frontend,668,77,7,,,
2026-08-30 01:35:57,http_p95_latency,frontend,,,,,,279.5
2026-08-30 01:35:57,deployment,paymentservice,10,31,1,,,
2026-08-30 01:35:57,deployment,productcatalogservice,372,48,5,,,
2026-08-30 01:35:57,deployment,recommendationservice,250,88,2,,,
2026-08-30 01:35:57,deployment,redis-cart,17,32,1,,,
2026-08-30 01:35:57,deployment,shippingservice,42,16,2,,,
2026-08-30 01:35:57,autoscaler,customdas-cpu-queue-autoscaler-adservice,3,60,1,,,
2026-08-30 01:35:57,autoscaler,customdas-cpu-queue-autoscaler-cartservice,4,60,1,,,
2026-08-30 01:35:57,autoscaler,customdas-cpu-queue-autoscaler-checkoutservice,3,60,1,,,
2026-08-30 01:35:57,autoscaler,customdas-cpu-queue-autoscaler-currencyservice,4,60,1,,,
2026-08-30 01:35:57,autoscaler,customdas-cpu-queue-autoscaler-emailservice,4,60,1,,,
2026-08-30 01:35:57,autoscaler,customdas-cpu-queue-autoscaler-frontend,0,60,1,,,
2026-08-30 01:35:57,autoscaler,customdas-cpu-queue-autoscaler-paymentservice,3,60,1,,,
2026-08-30 01:35:57,autoscaler,customdas-cpu-queue-autoscaler-productcatalogservice,3,60,1,,,
2026-08-30 01:35:57,autoscaler,customdas-cpu-queue-autoscaler-recommendationservice,4,60,1,,,
2026-08-30 01:35:57,autoscaler,customdas-cpu-queue-autoscaler-shippingservice,7,60,1,,,
2026-08-30 01:35:57,node,ze-master-node,2514,4073,,62.8,51.3,
2026-08-30 01:35:57,node,ze-worker-node,2706,1915,,67.7,24.1,
2026-08-30 01:36:05,deployment,adservice,62,94,1,,,
2026-08-30 01:36:05,deployment,cartservice,159,79,2,,,
2026-08-30 01:36:05,deployment,checkoutservice,39,21,2,,,
2026-08-30 01:36:05,deployment,currencyservice,316,131,2,,,
2026-08-30 01:36:05,deployment,emailservice,16,40,1,,,
2026-08-30 01:36:05,deployment,frontend,645,84,7,,,
2026-08-30 01:36:05,http_p95_latency,frontend,,,,,,279.5
2026-08-30 01:36:05,deployment,paymentservice,11,31,1,,,
2026-08-30 01:36:05,deployment,productcatalogservice,367,46,5,,,
2026-08-30 01:36:05,deployment,recommendationservice,237,89,2,,,
2026-08-30 01:36:05,deployment,redis-cart,17,32,1,,,
2026-08-30 01:36:05,deployment,shippingservice,41,16,2,,,
2026-08-30 01:36:05,autoscaler,customdas-cpu-queue-autoscaler-adservice,3,60,1,,,
2026-08-30 01:36:05,autoscaler,customdas-cpu-queue-autoscaler-cartservice,3,60,1,,,
2026-08-30 01:36:05,autoscaler,customdas-cpu-queue-autoscaler-checkoutservice,2,60,1,,,
2026-08-30 01:36:05,autoscaler,customdas-cpu-queue-autoscaler-currencyservice,4,60,1,,,
2026-08-30 01:36:05,autoscaler,customdas-cpu-queue-autoscaler-emailservice,4,60,1,,,
2026-08-30 01:36:05,autoscaler,customdas-cpu-queue-autoscaler-frontend,7,60,1,,,
2026-08-30 01:36:05,autoscaler,customdas-cpu-queue-autoscaler-paymentservice,5,60,1,,,
2026-08-30 01:36:05,autoscaler,customdas-cpu-queue-autoscaler-productcatalogservice,6,60,1,,,
2026-08-30 01:36:05,autoscaler,customdas-cpu-queue-autoscaler-recommendationservice,5,60,1,,,
2026-08-30 01:36:05,autoscaler,customdas-cpu-queue-autoscaler-shippingservice,4,60,1,,,
2026-08-30 01:36:05,node,ze-master-node,2572,4046,,64.3,51.0,
2026-08-30 01:36:05,node,ze-worker-node,2781,1924,,69.5,24.2,
2026-08-30 01:36:14,deployment,adservice,62,94,1,,,
2026-08-30 01:36:14,deployment,cartservice,159,79,2,,,
2026-08-30 01:36:14,deployment,checkoutservice,39,21,2,,,
2026-08-30 01:36:14,deployment,currencyservice,316,131,2,,,
2026-08-30 01:36:14,deployment,emailservice,16,40,1,,,
2026-08-30 01:36:14,deployment,frontend,645,84,7,,,
2026-08-30 01:36:14,http_p95_latency,frontend,,,,,,372.1
2026-08-30 01:36:14,deployment,paymentservice,11,31,1,,,
2026-08-30 01:36:14,deployment,productcatalogservice,367,46,5,,,
2026-08-30 01:36:14,deployment,recommendationservice,237,89,2,,,
2026-08-30 01:36:14,deployment,redis-cart,17,32,1,,,
2026-08-30 01:36:14,deployment,shippingservice,41,16,2,,,
2026-08-30 01:36:14,autoscaler,customdas-cpu-queue-autoscaler-adservice,3,60,1,,,
2026-08-30 01:36:14,autoscaler,customdas-cpu-queue-autoscaler-cartservice,3,60,1,,,
2026-08-30 01:36:14,autoscaler,customdas-cpu-queue-autoscaler-checkoutservice,2,60,1,,,
2026-08-30 01:36:14,autoscaler,customdas-cpu-queue-autoscaler-currencyservice,4,60,1,,,
2026-08-30 01:36:14,autoscaler,customdas-cpu-queue-autoscaler-emailservice,4,60,1,,,
2026-08-30 01:36:14,autoscaler,customdas-cpu-queue-autoscaler-frontend,7,60,1,,,
2026-08-30 01:36:14,autoscaler,customdas-cpu-queue-autoscaler-paymentservice,5,60,1,,,
2026-08-30 01:36:14,autoscaler,customdas-cpu-queue-autoscaler-productcatalogservice,6,60,1,,,
2026-08-30 01:36:14,autoscaler,customdas-cpu-queue-autoscaler-recommendationservice,5,60,1,,,
2026-08-30 01:36:14,autoscaler,customdas-cpu-queue-autoscaler-shippingservice,4,60,1,,,
2026-08-30 01:36:14,node,ze-master-node,2572,4046,,64.3,51.0,
2026-08-30 01:36:14,node,ze-worker-node,2781,1924,,69.5,24.2,
2026-08-30 01:36:22,deployment,adservice,58,94,1,,,
2026-08-30 01:36:22,deployment,cartservice,196,80,2,,,
2026-08-30 01:36:22,deployment,checkoutservice,39,21,2,,,
2026-08-30 01:36:22,deployment,currencyservice,330,129,2,,,
2026-08-30 01:36:22,deployment,emailservice,15,40,1,,,
2026-08-30 01:36:22,deployment,frontend,731,87,7,,,
2026-08-30 01:36:22,http_p95_latency,frontend,,,,,,372.1
2026-08-30 01:36:22,deployment,paymentservice,11,31,1,,,
2026-08-30 01:36:22,deployment,productcatalogservice,387,41,5,,,
2026-08-30 01:36:22,deployment,recommendationservice,249,88,2,,,
2026-08-30 01:36:22,deployment,redis-cart,18,32,1,,,
2026-08-30 01:36:22,deployment,shippingservice,42,16,2,,,
2026-08-30 01:36:22,autoscaler,customdas-cpu-queue-autoscaler-adservice,3,60,1,,,
2026-08-30 01:36:22,autoscaler,customdas-cpu-queue-autoscaler-cartservice,5,60,1,,,
2026-08-30 01:36:22,autoscaler,customdas-cpu-queue-autoscaler-checkoutservice,4,60,1,,,
2026-08-30 01:36:22,autoscaler,customdas-cpu-queue-autoscaler-currencyservice,2,60,1,,,
2026-08-30 01:36:22,autoscaler,customdas-cpu-queue-autoscaler-emailservice,4,60,1,,,
2026-08-30 01:36:22,autoscaler,customdas-cpu-queue-autoscaler-frontend,6,60,1,,,
2026-08-30 01:36:22,autoscaler,customdas-cpu-queue-autoscaler-paymentservice,2,60,1,,,
2026-08-30 01:36:22,autoscaler,customdas-cpu-queue-autoscaler-productcatalogservice,4,60,1,,,
2026-08-30 01:36:22,autoscaler,customdas-cpu-queue-autoscaler-recommendationservice,5,60,1,,,
2026-08-30 01:36:22,autoscaler,customdas-cpu-queue-autoscaler-shippingservice,4,60,1,,,
2026-08-30 01:36:22,node,ze-master-node,2500,4060,,62.5,51.1,
2026-08-30 01:36:22,node,ze-worker-node,2700,1918,,67.5,24.2,
2026-08-30 01:36:31,deployment,adservice,58,94,1,,,
2026-08-30 01:36:31,deployment,cartservice,196,80,2,,,
2026-08-30 01:36:31,deployment,checkoutservice,39,21,2,,,
2026-08-30 01:36:31,deployment,currencyservice,330,129,2,,,
2026-08-30 01:36:31,deployment,emailservice,15,40,1,,,
2026-08-30 01:36:31,deployment,frontend,731,87,7,,,
2026-08-30 01:36:31,http_p95_latency,frontend,,,,,,411.1
2026-08-30 01:36:31,deployment,paymentservice,11,31,1,,,
2026-08-30 01:36:31,deployment,productcatalogservice,387,41,6,,,
2026-08-30 01:36:31,deployment,recommendationservice,249,88,3,,,
2026-08-30 01:36:31,deployment,redis-cart,18,32,1,,,
2026-08-30 01:36:31,deployment,shippingservice,42,16,2,,,
2026-08-30 01:36:31,autoscaler,customdas-cpu-queue-autoscaler-adservice,3,60,1,,,
2026-08-30 01:36:31,autoscaler,customdas-cpu-queue-autoscaler-cartservice,5,60,1,,,
2026-08-30 01:36:31,autoscaler,customdas-cpu-queue-autoscaler-checkoutservice,4,60,1,,,
2026-08-30 01:36:31,autoscaler,customdas-cpu-queue-autoscaler-currencyservice,2,60,1,,,
2026-08-30 01:36:31,autoscaler,customdas-cpu-queue-autoscaler-emailservice,4,60,1,,,
2026-08-30 01:36:31,autoscaler,customdas-cpu-queue-autoscaler-frontend,6,60,1,,,
2026-08-30 01:36:31,autoscaler,customdas-cpu-queue-autoscaler-paymentservice,2,60,1,,,
2026-08-30 01:36:31,autoscaler,customdas-cpu-queue-autoscaler-productcatalogservice,4,60,1,,,
2026-08-30 01:36:31,autoscaler,customdas-cpu-queue-autoscaler-recommendationservice,5,60,1,,,
2026-08-30 01:36:31,autoscaler,customdas-cpu-queue-autoscaler-shippingservice,4,60,1,,,
2026-08-30 01:36:31,node,ze-master-node,2500,4060,,62.5,51.1,
2026-08-30 01:36:31,node,ze-worker-node,2700,1918,,67.5,24.2,
2026-08-30 01:36:38,deployment,adservice,54,94,1,,,
2026-08-30 01:36:38,deployment,cartservice,180,79,2,,,
2026-08-30 01:36:38,deployment,checkoutservice,37,21,2,,,
2026-08-30 01:36:38,deployment,currencyservice,323,130,2,,,
2026-08-30 01:36:38,deployment,emailservice,16,40,1,,,
2026-08-30 01:36:38,deployment,frontend,704,88,7,,,
2026-08-30 01:36:38,http_p95_latency,frontend,,,,,,411.1
2026-08-30 01:36:38,deployment,paymentservice,11,31,1,,,
2026-08-30 01:36:38,deployment,productcatalogservice,375,42,6,,,
2026-08-30 01:36:38,deployment,recommendationservice,249,89,3,,,
2026-08-30 01:36:38,deployment,redis-cart,17,32,1,,,
2026-08-30 01:36:38,deployment,shippingservice,43,16,2,,,
2026-08-30 01:36:38,autoscaler,customdas-cpu-queue-autoscaler-adservice,3,60,1,,,
2026-08-30 01:36:38,autoscaler,customdas-cpu-queue-autoscaler-cartservice,4,60,1,,,
2026-08-30 01:36:38,autoscaler,customdas-cpu-queue-autoscaler-checkoutservice,4,60,1,,,
2026-08-30 01:36:38,autoscaler,customdas-cpu-queue-autoscaler-currencyservice,3,60,1,,,
2026-08-30 01:36:38,autoscaler,customdas-cpu-queue-autoscaler-emailservice,3,60,1,,,
2026-08-30 01:36:38,autoscaler,customdas-cpu-queue-autoscaler-frontend,4,60,1,,,
2026-08-30 01:36:38,autoscaler,customdas-cpu-queue-autoscaler-paymentservice,4,60,1,,,
2026-08-30 01:36:38,autoscaler,customdas-cpu-queue-autoscaler-productcatalogservice,4,60,1,,,
2026-08-30 01:36:38,autoscaler,customdas-cpu-queue-autoscaler-recommendationservice,4,60,1,,,
2026-08-30 01:36:38,autoscaler,customdas-cpu-queue-autoscaler-shippingservice,3,60,1,,,
2026-08-30 01:36:38,node,ze-master-node,2690,4041,,67.2,50.9,
2026-08-30 01:36:38,node,ze-worker-node,2763,1925,,69.1,24.2,
2026-08-30 01:36:46,deployment,adservice,54,94,1,,,
2026-08-30 01:36:46,deployment,cartservice,180,79,2,,,
2026-08-30 01:36:46,deployment,checkoutservice,37,21,2,,,
2026-08-30 01:36:46,deployment,currencyservice,323,130,2,,,
2026-08-30 01:36:46,deployment,emailservice,16,40,1,,,
2026-08-30 01:36:46,deployment,frontend,704,88,8,,,
2026-08-30 01:36:46,http_p95_latency,frontend,,,,,,242.2
2026-08-30 01:36:46,deployment,paymentservice,11,31,1,,,
2026-08-30 01:36:46,deployment,productcatalogservice,375,42,6,,,
2026-08-30 01:36:46,deployment,recommendationservice,249,89,3,,,
2026-08-30 01:36:46,deployment,redis-cart,17,32,1,,,
2026-08-30 01:36:46,deployment,shippingservice,43,16,2,,,
2026-08-30 01:36:46,autoscaler,customdas-cpu-queue-autoscaler-adservice,3,60,1,,,
2026-08-30 01:36:46,autoscaler,customdas-cpu-queue-autoscaler-cartservice,4,60,1,,,
2026-08-30 01:36:46,autoscaler,customdas-cpu-queue-autoscaler-checkoutservice,4,60,1,,,
2026-08-30 01:36:46,autoscaler,customdas-cpu-queue-autoscaler-currencyservice,3,60,1,,,
2026-08-30 01:36:46,autoscaler,customdas-cpu-queue-autoscaler-emailservice,3,60,1,,,
2026-08-30 01:36:46,autoscaler,customdas-cpu-queue-autoscaler-frontend,4,60,1,,,
2026-08-30 01:36:46,autoscaler,customdas-cpu-queue-autoscaler-paymentservice,4,60,1,,,
2026-08-30 01:36:46,autoscaler,customdas-cpu-queue-autoscaler-productcatalogservice,4,60,1,,,
2026-08-30 01:36:46,autoscaler,customdas-cpu-queue-autoscaler-recommendationservice,4,60,1,,,
2026-08-30 01:36:46,autoscaler,customdas-cpu-queue-autoscaler-shippingservice,3,60,1,,,
2026-08-30 01:36:46,node,ze-master-node,2690,4041,,67.2,50.9,
2026-08-30 01:36:46,node,ze-worker-node,2763,1925,,69.1,24.2,
2026-08-30 01:36:53,deployment,adservice,55,94,1,,,
2026-08-30 01:36:53,deployment,cartservice,174,80,2,,,
2026-08-30 01:36:53,deployment,checkoutservice,45,21,2,,,
2026-08-30 01:36:53,deployment,currencyservice,318,130,2,,,
2026-08-30 01:36:53,deployment,emailservice,16,40,1,,,
2026-08-30 01:36:53,deployment,frontend,696,89,8,,,
2026-08-30 01:36:53,http_p95_latency,frontend,,,,,,242.2
2026-08-30 01:36:53,deployment,paymentservice,11,32,1,,,
2026-08-30 01:36:53,deployment,productcatalogservice,400,49,6,,,
2026-08-30 01:36:53,deployment,recommendationservice,305,127,3,,,
2026-08-30 01:36:53,deployment,redis-cart,18,32,1,,,
2026-08-30 01:36:53,deployment,shippingservice,39,16,2,,,
2026-08-30 01:36:53,autoscaler,customdas-cpu-queue-autoscaler-adservice,3,60,1,,,
2026-08-30 01:36:53,autoscaler,customdas-cpu-queue-autoscaler-cartservice,0,60,1,,,
2026-08-30 01:36:53,autoscaler,customdas-cpu-queue-autoscaler-checkoutservice,4,60,1,,,
2026-08-30 01:36:53,autoscaler,customdas-cpu-queue-autoscaler-currencyservice,0,60,1,,,
2026-08-30 01:36:53,autoscaler,customdas-cpu-queue-autoscaler-emailservice,2,60,1,,,
2026-08-30 01:36:53,autoscaler,customdas-cpu-queue-autoscaler-frontend,5,60,1,,,
2026-08-30 01:36:53,autoscaler,customdas-cpu-queue-autoscaler-paymentservice,4,60,1,,,
2026-08-30 01:36:53,autoscaler,customdas-cpu-queue-autoscaler-productcatalogservice,3,60,1,,,
2026-08-30 01:36:53,autoscaler,customdas-cpu-queue-autoscaler-recommendationservice,5,60,1,,,
2026-08-30 01:36:53,autoscaler,customdas-cpu-queue-autoscaler-shippingservice,3,60,1,,,
2026-08-30 01:36:53,node,ze-master-node,2493,4090,,62.3,51.5,
2026-08-30 01:36:53,node,ze-worker-node,2741,1923,,68.5,24.2,
2026-08-30 01:37:01,deployment,adservice,55,94,1,,,
2026-08-30 01:37:01,deployment,cartservice,174,80,2,,,
2026-08-30 01:37:01,deployment,checkoutservice,45,21,2,,,
2026-08-30 01:37:01,deployment,currencyservice,318,130,2,,,
2026-08-30 01:37:01,deployment,emailservice,16,40,1,,,
2026-08-30 01:37:01,deployment,frontend,696,89,8,,,
2026-08-30 01:37:01,http_p95_latency,frontend,,,,,,244.3
2026-08-30 01:37:01,deployment,paymentservice,11,32,1,,,
2026-08-30 01:37:01,deployment,productcatalogservice,400,49,6,,,
2026-08-30 01:37:01,deployment,recommendationservice,305,127,3,,,
2026-08-30 01:37:01,deployment,redis-cart,18,32,1,,,
2026-08-30 01:37:01,deployment,shippingservice,39,16,2,,,
2026-08-30 01:37:01,autoscaler,customdas-cpu-queue-autoscaler-adservice,3,60,1,,,
2026-08-30 01:37:01,autoscaler,customdas-cpu-queue-autoscaler-cartservice,0,60,1,,,
2026-08-30 01:37:01,autoscaler,customdas-cpu-queue-autoscaler-checkoutservice,4,60,1,,,
2026-08-30 01:37:01,autoscaler,customdas-cpu-queue-autoscaler-currencyservice,0,60,1,,,
2026-08-30 01:37:01,autoscaler,customdas-cpu-queue-autoscaler-emailservice,2,60,1,,,
2026-08-30 01:37:01,autoscaler,customdas-cpu-queue-autoscaler-frontend,5,60,1,,,
2026-08-30 01:37:01,autoscaler,customdas-cpu-queue-autoscaler-paymentservice,4,60,1,,,
2026-08-30 01:37:01,autoscaler,customdas-cpu-queue-autoscaler-productcatalogservice,3,60,1,,,
2026-08-30 01:37:01,autoscaler,customdas-cpu-queue-autoscaler-recommendationservice,5,60,1,,,
2026-08-30 01:37:01,autoscaler,customdas-cpu-queue-autoscaler-shippingservice,3,60,1,,,
2026-08-30 01:37:01,node,ze-master-node,2493,4090,,62.3,51.5,
2026-08-30 01:37:01,node,ze-worker-node,2741,1923,,68.5,24.2,
2026-08-30 01:37:09,deployment,adservice,58,94,1,,,
2026-08-30 01:37:09,deployment,cartservice,188,81,2,,,
2026-08-30 01:37:09,deployment,checkoutservice,42,21,2,,,
2026-08-30 01:37:09,deployment,currencyservice,327,130,2,,,
2026-08-30 01:37:09,deployment,emailservice,17,40,1,,,
2026-08-30 01:37:09,deployment,frontend,723,98,8,,,
2026-08-30 01:37:09,http_p95_latency,frontend,,,,,,244.3
2026-08-30 01:37:09,deployment,paymentservice,9,32,1,,,
2026-08-30 01:37:09,deployment,productcatalogservice,399,50,6,,,
2026-08-30 01:37:09,deployment,recommendationservice,265,127,3,,,
2026-08-30 01:37:09,deployment,redis-cart,20,32,1,,,
2026-08-30 01:37:09,deployment,shippingservice,43,17,2,,,
2026-08-30 01:37:09,autoscaler,customdas-cpu-queue-autoscaler-adservice,6,60,1,,,
2026-08-30 01:37:09,autoscaler,customdas-cpu-queue-autoscaler-cartservice,5,60,1,,,
2026-08-30 01:37:09,autoscaler,customdas-cpu-queue-autoscaler-checkoutservice,3,60,1,,,
2026-08-30 01:37:09,autoscaler,customdas-cpu-queue-autoscaler-currencyservice,4,60,1,,,
2026-08-30 01:37:09,autoscaler,customdas-cpu-queue-autoscaler-emailservice,2,60,1,,,
2026-08-30 01:37:09,autoscaler,customdas-cpu-queue-autoscaler-frontend,9,60,1,,,
2026-08-30 01:37:09,autoscaler,customdas-cpu-queue-autoscaler-paymentservice,5,60,1,,,
2026-08-30 01:37:09,autoscaler,customdas-cpu-queue-autoscaler-productcatalogservice,9,60,1,,,
2026-08-30 01:37:09,autoscaler,customdas-cpu-queue-autoscaler-recommendationservice,5,60,1,,,
2026-08-30 01:37:09,autoscaler,customdas-cpu-queue-autoscaler-shippingservice,2,60,1,,,
2026-08-30 01:37:09,node,ze-master-node,2623,4085,,65.6,51.4,
2026-08-30 01:37:09,node,ze-worker-node,2863,1947,,71.6,24.5,
2026-08-30 01:37:17,deployment,adservice,58,94,1,,,
2026-08-30 01:37:17,deployment,cartservice,188,81,2,,,
2026-08-30 01:37:17,deployment,checkoutservice,42,21,2,,,
2026-08-30 01:37:17,deployment,currencyservice,327,130,2,,,
2026-08-30 01:37:17,deployment,emailservice,17,40,1,,,
2026-08-30 01:37:17,deployment,frontend,723,98,8,,,
2026-08-30 01:37:17,http_p95_latency,frontend,,,,,,245.4
2026-08-30 01:37:17,deployment,paymentservice,9,32,1,,,
2026-08-30 01:37:17,deployment,productcatalogservice,399,50,6,,,
2026-08-30 01:37:17,deployment,recommendationservice,265,127,3,,,
2026-08-30 01:37:17,deployment,redis-cart,20,32,1,,,
2026-08-30 01:37:17,deployment,shippingservice,43,17,2,,,
2026-08-30 01:37:17,autoscaler,customdas-cpu-queue-autoscaler-adservice,4,60,1,,,
2026-08-30 01:37:17,autoscaler,customdas-cpu-queue-autoscaler-cartservice,2,60,1,,,
2026-08-30 01:37:17,autoscaler,customdas-cpu-queue-autoscaler-checkoutservice,4,60,1,,,
2026-08-30 01:37:17,autoscaler,customdas-cpu-queue-autoscaler-currencyservice,2,60,1,,,
2026-08-30 01:37:17,autoscaler,customdas-cpu-queue-autoscaler-emailservice,3,60,1,,,
2026-08-30 01:37:17,autoscaler,customdas-cpu-queue-autoscaler-frontend,10,60,1,,,
2026-08-30 01:37:17,autoscaler,customdas-cpu-queue-autoscaler-paymentservice,3,60,1,,,
2026-08-30 01:37:17,autoscaler,customdas-cpu-queue-autoscaler-productcatalogservice,9,60,1,,,
2026-08-30 01:37:17,autoscaler,customdas-cpu-queue-autoscaler-recommendationservice,4,60,1,,,
2026-08-30 01:37:17,autoscaler,customdas-cpu-queue-autoscaler-shippingservice,5,60,1,,,
2026-08-30 01:37:17,node,ze-master-node,2401,4089,,60.0,51.5,
2026-08-30 01:37:17,node,ze-worker-node,2632,1944,,65.8,24.5,
2026-08-30 01:37:25,deployment,adservice,58,94,1,,,
2026-08-30 01:37:25,deployment,cartservice,192,81,2,,,
2026-08-30 01:37:25,deployment,checkoutservice,40,21,2,,,
2026-08-30 01:37:25,deployment,currencyservice,325,133,2,,,
2026-08-30 01:37:25,deployment,emailservice,15,40,1,,,
2026-08-30 01:37:25,deployment,frontend,704,99,8,,,
2026-08-30 01:37:25,http_p95_latency,frontend,,,,,,245.4
2026-08-30 01:37:25,deployment,paymentservice,10,32,1,,,
2026-08-30 01:37:25,deployment,productcatalogservice,383,49,6,,,
2026-08-30 01:37:25,deployment,recommendationservice,261,127,3,,,
2026-08-30 01:37:25,deployment,redis-cart,18,32,1,,,
2026-08-30 01:37:25,deployment,shippingservice,42,16,2,,,
2026-08-30 01:37:25,autoscaler,customdas-cpu-queue-autoscaler-adservice,4,60,1,,,
2026-08-30 01:37:25,autoscaler,customdas-cpu-queue-autoscaler-cartservice,2,60,1,,,
2026-08-30 01:37:25,autoscaler,customdas-cpu-queue-autoscaler-checkoutservice,4,60,1,,,
2026-08-30 01:37:25,autoscaler,customdas-cpu-queue-autoscaler-currencyservice,2,60,1,,,
2026-08-30 01:37:25,autoscaler,customdas-cpu-queue-autoscaler-emailservice,3,60,1,,,
2026-08-30 01:37:25,autoscaler,customdas-cpu-queue-autoscaler-frontend,10,60,1,,,
2026-08-30 01:37:25,autoscaler,customdas-cpu-queue-autoscaler-paymentservice,3,60,1,,,
2026-08-30 01:37:25,autoscaler,customdas-cpu-queue-autoscaler-productcatalogservice,9,60,1,,,
2026-08-30 01:37:25,autoscaler,customdas-cpu-queue-autoscaler-recommendationservice,4,60,1,,,
2026-08-30 01:37:25,autoscaler,customdas-cpu-queue-autoscaler-shippingservice,5,60,1,,,
2026-08-30 01:37:25,node,ze-master-node,2401,4089,,60.0,51.5,
2026-08-30 01:37:25,node,ze-worker-node,2632,1944,,65.8,24.5,
2026-08-30 01:37:32,deployment,adservice,58,94,1,,,
2026-08-30 01:37:32,deployment,cartservice,192,81,2,,,
2026-08-30 01:37:32,deployment,checkoutservice,40,21,2,,,
2026-08-30 01:37:32,deployment,currencyservice,325,133,2,,,
2026-08-30 01:37:32,deployment,emailservice,15,40,1,,,
2026-08-30 01:37:32,deployment,frontend,613,89,7,,,
2026-08-30 01:37:32,http_p95_latency,frontend,,,,,,249.2
2026-08-30 01:37:32,deployment,paymentservice,10,32,1,,,
2026-08-30 01:37:32,deployment,productcatalogservice,383,49,6,,,
2026-08-30 01:37:32,deployment,recommendationservice,261,127,3,,,
2026-08-30 01:37:32,deployment,redis-cart,18,32,1,,,
2026-08-30 01:37:32,deployment,shippingservice,42,16,2,,,
2026-08-30 01:37:32,autoscaler,customdas-cpu-queue-autoscaler-adservice,4,60,1,,,
2026-08-30 01:37:32,autoscaler,customdas-cpu-queue-autoscaler-cartservice,2,60,1,,,
2026-08-30 01:37:32,autoscaler,customdas-cpu-queue-autoscaler-checkoutservice,0,60,1,,,
2026-08-30 01:37:32,autoscaler,customdas-cpu-queue-autoscaler-currencyservice,5,60,1,,,
2026-08-30 01:37:32,autoscaler,customdas-cpu-queue-autoscaler-emailservice,2,60,1,,,
2026-08-30 01:37:32,autoscaler,customdas-cpu-queue-autoscaler-frontend,10,60,1,,,
2026-08-30 01:37:32,autoscaler,customdas-cpu-queue-autoscaler-paymentservice,3,60,1,,,
2026-08-30 01:37:32,autoscaler,customdas-cpu-queue-autoscaler-productcatalogservice,5,60,1,,,
2026-08-30 01:37:32,autoscaler,customdas-cpu-queue-autoscaler-recommendationservice,4,60,1,,,
2026-08-30 01:37:32,autoscaler,customdas-cpu-queue-autoscaler-shippingservice,3,60,1,,,
2026-08-30 01:37:32,node,ze-master-node,2618,4063,,65.5,51.2,
2026-08-30 01:37:32,node,ze-worker-node,2841,1933,,71.0,24.3,
2026-08-30 01:37:40,deployment,adservice,56,94,1,,,
2026-08-30 01:37:40,deployment,cartservice,189,79,2,,,
2026-08-30 01:37:40,deployment,checkoutservice,44,21,2,,,
2026-08-30 01:37:40,deployment,currencyservice,328,131,2,,,
2026-08-30 01:37:40,deployment,emailservice,14,40,1,,,
2026-08-30 01:37:40,deployment,frontend,621,89,7,,,
2026-08-30 01:37:40,http_p95_latency,frontend,,,,,,249.2
2026-08-30 01:37:40,deployment,paymentservice,11,32,1,,,
2026-08-30 01:37:40,deployment,productcatalogservice,392,52,6,,,
2026-08-30 01:37:40,deployment,recommendationservice,255,127,3,,,
2026-08-30 01:37:40,deployment,redis-cart,19,32,1,,,
2026-08-30 01:37:40,deployment,shippingservice,41,16,2,,,
2026-08-30 01:37:40,autoscaler,customdas-cpu-queue-autoscaler-adservice,0,60,1,,,
2026-08-30 01:37:40,autoscaler,customdas-cpu-queue-autoscaler-cartservice,5,60,1,,,
2026-08-30 01:37:40,autoscaler,customdas-cpu-queue-autoscaler-checkoutservice,0,60,1,,,
2026-08-30 01:37:40,autoscaler,customdas-cpu-queue-autoscaler-currencyservice,5,60,1,,,
2026-08-30 01:37:40,autoscaler,customdas-cpu-queue-autoscaler-emailservice,2,60,1,,,
2026-08-30 01:37:40,autoscaler,customdas-cpu-queue-autoscaler-frontend,10,60,1,,,
2026-08-30 01:37:40,autoscaler,customdas-cpu-queue-autoscaler-paymentservice,3,60,1,,,
2026-08-30 01:37:40,autoscaler,customdas-cpu-queue-autoscaler-productcatalogservice,5,60,1,,,
2026-08-30 01:37:40,autoscaler,customdas-cpu-queue-autoscaler-recommendationservice,4,60,1,,,
2026-08-30 01:37:40,autoscaler,customdas-cpu-queue-autoscaler-shippingservice,3,60,1,,,
2026-08-30 01:37:40,node,ze-master-node,2618,4063,,65.5,51.2,
2026-08-30 01:37:40,node,ze-worker-node,2841,1933,,71.0,24.3,
2026-08-30 01:37:48,deployment,adservice,56,94,1,,,
2026-08-30 01:37:48,deployment,cartservice,189,79,2,,,
2026-08-30 01:37:48,deployment,checkoutservice,44,21,2,,,
2026-08-30 01:37:48,deployment,currencyservice,328,131,2,,,
2026-08-30 01:37:48,deployment,emailservice,14,40,1,,,
2026-08-30 01:37:48,deployment,frontend,621,89,7,,,
2026-08-30 01:37:48,http_p95_latency,frontend,,,,,,239.4
2026-08-30 01:37:48,deployment,paymentservice,11,32,1,,,
2026-08-30 01:37:48,deployment,productcatalogservice,392,52,6,,,
2026-08-30 01:37:48,deployment,recommendationservice,271,127,3,,,
2026-08-30 01:37:48,deployment,redis-cart,33,34,1,,,
2026-08-30 01:37:48,deployment,shippingservice,42,17,2,,,
2026-08-30 01:37:48,autoscaler,customdas-cpu-queue-autoscaler-adservice,2,60,1,,,
2026-08-30 01:37:48,autoscaler,customdas-cpu-queue-autoscaler-cartservice,0,60,1,,,
2026-08-30 01:37:48,autoscaler,customdas-cpu-queue-autoscaler-checkoutservice,4,60,1,,,
2026-08-30 01:37:48,autoscaler,customdas-cpu-queue-autoscaler-currencyservice,3,60,1,,,
2026-08-30 01:37:48,autoscaler,customdas-cpu-queue-autoscaler-emailservice,2,60,1,,,
2026-08-30 01:37:48,autoscaler,customdas-cpu-queue-autoscaler-frontend,8,60,1,,,
2026-08-30 01:37:48,autoscaler,customdas-cpu-queue-autoscaler-paymentservice,4,60,1,,,
2026-08-30 01:37:48,autoscaler,customdas-cpu-queue-autoscaler-productcatalogservice,0,60,1,,,
2026-08-30 01:37:48,autoscaler,customdas-cpu-queue-autoscaler-recommendationservice,4,60,1,,,
2026-08-30 01:37:48,autoscaler,customdas-cpu-queue-autoscaler-shippingservice,2,60,1,,,
2026-08-30 01:37:48,node,ze-master-node,2678,4069,,67.0,51.2,
2026-08-30 01:37:48,node,ze-worker-node,2850,1929,,71.2,24.3,
2026-08-30 01:37:57,deployment,adservice,58,94,1,,,
2026-08-30 01:37:57,deployment,cartservice,197,79,2,,,
2026-08-30 01:37:57,deployment,checkoutservice,46,22,2,,,
2026-08-30 01:37:57,deployment,currencyservice,322,132,2,,,
2026-08-30 01:37:57,deployment,emailservice,19,40,1,,,
2026-08-30 01:37:57,deployment,frontend,682,89,7,,,
2026-08-30 01:37:57,http_p95_latency,frontend,,,,,,233.9
2026-08-30 01:37:57,deployment,paymentservice,10,32,1,,,
2026-08-30 01:37:57,deployment,productcatalogservice,399,51,6,,,
2026-08-30 01:37:57,deployment,recommendationservice,271,127,3,,,
2026-08-30 01:37:57,deployment,redis-cart,33,34,1,,,
2026-08-30 01:37:57,deployment,shippingservice,42,17,2,,,
2026-08-30 01:37:57,autoscaler,customdas-cpu-queue-autoscaler-adservice,2,60,1,,,
2026-08-30 01:37:57,autoscaler,customdas-cpu-queue-autoscaler-cartservice,0,60,1,,,
2026-08-30 01:37:57,autoscaler,customdas-cpu-queue-autoscaler-checkoutservice,4,60,1,,,
2026-08-30 01:37:57,autoscaler,customdas-cpu-queue-autoscaler-currencyservice,3,60,1,,,
2026-08-30 01:37:57,autoscaler,customdas-cpu-queue-autoscaler-emailservice,2,60,1,,,
2026-08-30 01:37:57,autoscaler,customdas-cpu-queue-autoscaler-frontend,8,60,1,,,
2026-08-30 01:37:57,autoscaler,customdas-cpu-queue-autoscaler-paymentservice,4,60,1,,,
2026-08-30 01:37:57,autoscaler,customdas-cpu-queue-autoscaler-productcatalogservice,0,60,1,,,
2026-08-30 01:37:57,autoscaler,customdas-cpu-queue-autoscaler-recommendationservice,4,60,1,,,
2026-08-30 01:37:57,autoscaler,customdas-cpu-queue-autoscaler-shippingservice,2,60,1,,,
2026-08-30 01:37:57,node,ze-master-node,2678,4069,,67.0,51.2,
2026-08-30 01:37:57,node,ze-worker-node,2850,1929,,71.2,24.3,
2026-08-30 01:38:04,deployment,adservice,52,94,1,,,
2026-08-30 01:38:04,deployment,cartservice,174,79,2,,,
2026-08-30 01:38:04,deployment,checkoutservice,40,22,2,,,
2026-08-30 01:38:04,deployment,currencyservice,296,130,2,,,
2026-08-30 01:38:04,deployment,emailservice,17,41,1,,,
2026-08-30 01:38:04,deployment,frontend,638,90,7,,,
2026-08-30 01:38:04,http_p95_latency,frontend,,,,,,233.9
2026-08-30 01:38:04,deployment,paymentservice,10,31,1,,,
2026-08-30 01:38:04,deployment,productcatalogservice,369,51,6,,,
2026-08-30 01:38:04,deployment,recommendationservice,247,128,3,,,
2026-08-30 01:38:04,deployment,redis-cart,35,32,1,,,
2026-08-30 01:38:04,deployment,shippingservice,40,16,2,,,
2026-08-30 01:38:04,autoscaler,customdas-cpu-queue-autoscaler-adservice,7,60,1,,,
2026-08-30 01:38:04,autoscaler,customdas-cpu-queue-autoscaler-cartservice,5,60,1,,,
2026-08-30 01:38:04,autoscaler,customdas-cpu-queue-autoscaler-checkoutservice,5,60,1,,,
2026-08-30 01:38:04,autoscaler,customdas-cpu-queue-autoscaler-currencyservice,3,60,1,,,
2026-08-30 01:38:04,autoscaler,customdas-cpu-queue-autoscaler-emailservice,3,60,1,,,
2026-08-30 01:38:04,autoscaler,customdas-cpu-queue-autoscaler-frontend,8,60,1,,,
2026-08-30 01:38:04,autoscaler,customdas-cpu-queue-autoscaler-paymentservice,3,60,1,,,
2026-08-30 01:38:04,autoscaler,customdas-cpu-queue-autoscaler-productcatalogservice,10,60,1,,,
2026-08-30 01:38:04,autoscaler,customdas-cpu-queue-autoscaler-recommendationservice,0,60,1,,,
2026-08-30 01:38:04,autoscaler,customdas-cpu-queue-autoscaler-shippingservice,5,60,1,,,
2026-08-30 01:38:04,node,ze-master-node,2534,4068,,63.3,51.2,
2026-08-30 01:38:04,node,ze-worker-node,2488,1925,,62.2,24.2,
2026-08-30 01:38:12,deployment,adservice,52,94,1,,,
2026-08-30 01:38:12,deployment,cartservice,174,79,2,,,
2026-08-30 01:38:12,deployment,checkoutservice,40,22,2,,,
2026-08-30 01:38:12,deployment,currencyservice,296,130,2,,,
2026-08-30 01:38:12,deployment,emailservice,17,41,1,,,
2026-08-30 01:38:12,deployment,frontend,638,90,7,,,
2026-08-30 01:38:12,http_p95_latency,frontend,,,,,,225.0
2026-08-30 01:38:12,deployment,paymentservice,10,31,1,,,
2026-08-30 01:38:12,deployment,productcatalogservice,369,51,6,,,
2026-08-30 01:38:12,deployment,recommendationservice,247,128,3,,,
2026-08-30 01:38:12,deployment,redis-cart,35,32,1,,,
2026-08-30 01:38:12,deployment,shippingservice,40,16,2,,,
2026-08-30 01:38:12,autoscaler,customdas-cpu-queue-autoscaler-adservice,7,60,1,,,
2026-08-30 01:38:12,autoscaler,customdas-cpu-queue-autoscaler-cartservice,5,60,1,,,
2026-08-30 01:38:12,autoscaler,customdas-cpu-queue-autoscaler-checkoutservice,5,60,1,,,
2026-08-30 01:38:12,autoscaler,customdas-cpu-queue-autoscaler-currencyservice,3,60,1,,,
2026-08-30 01:38:12,autoscaler,customdas-cpu-queue-autoscaler-emailservice,3,60,1,,,
2026-08-30 01:38:12,autoscaler,customdas-cpu-queue-autoscaler-frontend,8,60,1,,,
2026-08-30 01:38:12,autoscaler,customdas-cpu-queue-autoscaler-paymentservice,3,60,1,,,
2026-08-30 01:38:12,autoscaler,customdas-cpu-queue-autoscaler-productcatalogservice,10,60,1,,,
2026-08-30 01:38:12,autoscaler,customdas-cpu-queue-autoscaler-recommendationservice,0,60,1,,,
2026-08-30 01:38:12,autoscaler,customdas-cpu-queue-autoscaler-shippingservice,5,60,1,,,
2026-08-30 01:38:12,node,ze-master-node,2534,4068,,63.3,51.2,
2026-08-30 01:38:12,node,ze-worker-node,2488,1925,,62.2,24.2,
2026-08-30 01:38:20,deployment,adservice,48,94,1,,,
2026-08-30 01:38:20,deployment,cartservice,160,79,2,,,
2026-08-30 01:38:20,deployment,checkoutservice,46,22,2,,,
2026-08-30 01:38:20,deployment,currencyservice,295,130,2,,,
2026-08-30 01:38:20,deployment,emailservice,17,40,1,,,
2026-08-30 01:38:20,deployment,frontend,601,89,7,,,
2026-08-30 01:38:20,http_p95_latency,frontend,,,,,,225.0
2026-08-30 01:38:20,deployment,paymentservice,10,32,1,,,
2026-08-30 01:38:20,deployment,productcatalogservice,340,50,6,,,
2026-08-30 01:38:20,deployment,recommendationservice,158,88,2,,,
2026-08-30 01:38:20,deployment,redis-cart,16,32,1,,,
2026-08-30 01:38:20,deployment,shippingservice,40,17,2,,,
2026-08-30 01:38:20,autoscaler,customdas-cpu-queue-autoscaler-adservice,4,60,1,,,
2026-08-30 01:38:20,autoscaler,customdas-cpu-queue-autoscaler-cartservice,4,60,1,,,
2026-08-30 01:38:20,autoscaler,customdas-cpu-queue-autoscaler-checkoutservice,4,60,1,,,
2026-08-30 01:38:20,autoscaler,customdas-cpu-queue-autoscaler-currencyservice,2,60,1,,,
2026-08-30 01:38:20,autoscaler,customdas-cpu-queue-autoscaler-emailservice,5,60,1,,,
2026-08-30 01:38:20,autoscaler,customdas-cpu-queue-autoscaler-frontend,7,60,1,,,
2026-08-30 01:38:20,autoscaler,customdas-cpu-queue-autoscaler-paymentservice,4,60,1,,,
2026-08-30 01:38:20,autoscaler,customdas-cpu-queue-autoscaler-productcatalogservice,10,60,1,,,
2026-08-30 01:38:20,autoscaler,customdas-cpu-queue-autoscaler-recommendationservice,8,60,1,,,
2026-08-30 01:38:20,autoscaler,customdas-cpu-queue-autoscaler-shippingservice,1,60,1,,,
2026-08-30 01:38:20,node,ze-master-node,2395,4063,,59.9,51.2,
2026-08-30 01:38:20,node,ze-worker-node,2506,1924,,62.6,24.2,
2026-08-30 01:38:30,deployment,adservice,48,94,1,,,
2026-08-30 01:38:30,deployment,cartservice,160,79,2,,,
2026-08-30 01:38:30,deployment,checkoutservice,46,22,2,,,
2026-08-30 01:38:30,deployment,currencyservice,295,130,2,,,
2026-08-30 01:38:30,deployment,emailservice,17,40,1,,,
2026-08-30 01:38:30,deployment,frontend,601,89,7,,,
2026-08-30 01:38:30,http_p95_latency,frontend,,,,,,230.7
2026-08-30 01:38:30,deployment,paymentservice,10,32,1,,,
2026-08-30 01:38:30,deployment,productcatalogservice,340,50,6,,,
2026-08-30 01:38:30,deployment,recommendationservice,158,88,2,,,
2026-08-30 01:38:30,deployment,redis-cart,16,32,1,,,
2026-08-30 01:38:30,deployment,shippingservice,40,17,2,,,
2026-08-30 01:38:30,autoscaler,customdas-cpu-queue-autoscaler-adservice,4,60,1,,,
2026-08-30 01:38:30,autoscaler,customdas-cpu-queue-autoscaler-cartservice,4,60,1,,,
2026-08-30 01:38:30,autoscaler,customdas-cpu-queue-autoscaler-checkoutservice,4,60,1,,,
2026-08-30 01:38:30,autoscaler,customdas-cpu-queue-autoscaler-currencyservice,2,60,1,,,
2026-08-30 01:38:30,autoscaler,customdas-cpu-queue-autoscaler-emailservice,5,60,1,,,
2026-08-30 01:38:30,autoscaler,customdas-cpu-queue-autoscaler-frontend,7,60,1,,,
2026-08-30 01:38:30,autoscaler,customdas-cpu-queue-autoscaler-paymentservice,4,60,1,,,
2026-08-30 01:38:30,autoscaler,customdas-cpu-queue-autoscaler-productcatalogservice,10,60,1,,,
2026-08-30 01:38:30,autoscaler,customdas-cpu-queue-autoscaler-recommendationservice,8,60,1,,,
2026-08-30 01:38:30,autoscaler,customdas-cpu-queue-autoscaler-shippingservice,1,60,1,,,
2026-08-30 01:38:30,node,ze-master-node,2440,4054,,61.0,51.1,
2026-08-30 01:38:30,node,ze-worker-node,2487,1930,,62.2,24.3,
2026-08-30 01:38:39,deployment,adservice,49,94,1,,,
2026-08-30 01:38:39,deployment,cartservice,157,79,2,,,
2026-08-30 01:38:39,deployment,checkoutservice,40,21,2,,,
2026-08-30 01:38:39,deployment,currencyservice,293,130,2,,,
2026-08-30 01:38:39,deployment,emailservice,17,40,1,,,
2026-08-30 01:38:39,deployment,frontend,598,89,7,,,
2026-08-30 01:38:39,http_p95_latency,frontend,,,,,,230.7
2026-08-30 01:38:39,deployment,paymentservice,9,32,1,,,
2026-08-30 01:38:39,deployment,productcatalogservice,293,42,5,,,
2026-08-30 01:38:39,deployment,recommendationservice,184,88,2,,,
2026-08-30 01:38:39,deployment,redis-cart,16,32,1,,,
2026-08-30 01:38:39,deployment,shippingservice,40,17,2,,,
2026-08-30 01:38:39,autoscaler,customdas-cpu-queue-autoscaler-adservice,4,60,1,,,
2026-08-30 01:38:39,autoscaler,customdas-cpu-queue-autoscaler-cartservice,5,60,1,,,
2026-08-30 01:38:39,autoscaler,customdas-cpu-queue-autoscaler-checkoutservice,0,60,1,,,
2026-08-30 01:38:39,autoscaler,customdas-cpu-queue-autoscaler-currencyservice,4,60,1,,,
2026-08-30 01:38:39,autoscaler,customdas-cpu-queue-autoscaler-emailservice,4,60,1,,,
2026-08-30 01:38:39,autoscaler,customdas-cpu-queue-autoscaler-frontend,7,60,1,,,
2026-08-30 01:38:39,autoscaler,customdas-cpu-queue-autoscaler-paymentservice,5,60,1,,,
2026-08-30 01:38:39,autoscaler,customdas-cpu-queue-autoscaler-productcatalogservice,3,60,1,,,
2026-08-30 01:38:39,autoscaler,customdas-cpu-queue-autoscaler-recommendationservice,0,60,1,,,
2026-08-30 01:38:39,autoscaler,customdas-cpu-queue-autoscaler-shippingservice,4,60,1,,,
2026-08-30 01:38:39,node,ze-master-node,2440,4054,,61.0,51.1,
2026-08-30 01:38:39,node,ze-worker-node,2487,1930,,62.2,24.3,
2026-08-30 01:38:47,deployment,adservice,49,94,1,,,
2026-08-30 01:38:47,deployment,cartservice,157,79,2,,,
2026-08-30 01:38:47,deployment,checkoutservice,40,21,2,,,
2026-08-30 01:38:47,deployment,currencyservice,293,130,2,,,
2026-08-30 01:38:47,deployment,emailservice,17,40,1,,,
2026-08-30 01:38:47,deployment,frontend,598,89,7,,,
2026-08-30 01:38:47,http_p95_latency,frontend,,,,,,219.6
2026-08-30 01:38:47,deployment,paymentservice,9,32,1,,,
2026-08-30 01:38:47,deployment,productcatalogservice,293,42,5,,,
2026-08-30 01:38:47,deployment,recommendationservice,184,88,2,,,
2026-08-30 01:38:47,deployment,redis-cart,16,32,1,,,
2026-08-30 01:38:47,deployment,shippingservice,40,17,2,,,
2026-08-30 01:38:47,node,ze-master-node,2440,4054,,61.0,51.1,
2026-08-30 01:38:47,node,ze-worker-node,2487,1930,,62.2,24.3,
